 -1.220780 0.000100 0.000100 0.000100
 -1.634755 0.000100 0.000100 0.000100
 -1.366492 0.000100 0.000100 0.000100
 -1.366492 0.000100 0.000100 0.000100
 -0.899486 -1.438480 -1.679640 -1.774949
 -1.178657 -1.717647 -2.277252 -0.890977
 -1.098614 -1.629238 -1.446918 -1.446918
 -1.446918 -1.533929 -1.366876 -1.223777
 -1.178656 -1.229949 -1.466336 -1.776489
 -0.847302 -1.945903 -1.658225 -1.435084
 -1.049825 -1.742965 -1.290985 -1.609435
 -2.178523 -2.360842 -0.834801 -1.025855
 -1.575535 -1.170073 -1.662545 -1.227231
 -1.045972 -2.224609 -2.001471 -0.902872
 -1.209839 -1.047321 -1.645154 -1.845823
 -1.673974 -1.386294 -0.926765 -1.791755
 -1.852379 -1.446918 -1.098614 -1.292769
 -1.349927 -1.791756 -1.909537 -0.853493
 -1.189586 -1.343735 -1.120593 -2.219192
 -1.119233 -1.589233 -1.589233 -1.326871
 -1.118032 -1.871797 -1.466336 -1.243194
 -1.815285 -1.681755 -1.276294 -0.988614
 -1.203974 -1.139436 -1.832577 -1.514127
 -1.368276 -1.927886 -0.749240 -2.061416
 -1.262243 -1.262243 -1.773064 -1.331235
 -1.123932 -1.742965 -2.079432 -0.980833
 -1.170073 -1.170073 -1.757855 -1.575535
 -1.945904 -1.589233 -0.847301 -1.493924
 -1.405342 -1.025855 -2.583980 -1.137080
 -1.609436 -1.714795 -1.966107 -0.733973
 -0.973452 -1.860747 -1.609436 -1.321756
 -1.178656 -1.553347 -1.060874 -2.005327
 -1.317302 -1.080915 -1.945905 -1.386294
 -1.882726 -1.749196 -1.430746 -0.832913
 -0.998532 -0.929540 -2.944399 -1.691672
 -1.386294 -1.791756 -1.203974 -1.261132
 -1.629238 -0.987389 -1.852379 -1.292769
 -1.871797 -1.871797 -1.243195 -0.906724
 -0.830353 -1.360977 -1.360977 -2.970375
 -1.575535 -1.980996 -1.421385 -0.882392
 -1.547561 -0.854419 -13.060496 -1.016937
 -1.408767 -2.197213 -2.197213 -0.628613
 -1.547561 -0.905712 -2.463837 -1.211092
 -1.545923 -1.712976 -0.852780 -1.712976
 -1.145134 -0.788461 -3.091002 -1.704745
 -2.215564 -1.927886 -1.442383 -0.675132
 -1.070444 -0.916295 -12.765700 -1.358124
 -1.193923 -2.397885 -1.245217 -1.145134
 -1.871797 -0.550051 -3.258054 -1.466336
 -1.925285 -2.079433 -2.261751 -0.470009
 -0.753777 -1.329136 -2.140053 -1.916914
 -1.356442 -1.245217 -1.356442 -1.624704
 -1.473305 -0.826682 -2.484890 -1.386294
 -1.593932 -1.760985 -1.961654 -0.724899
 -0.767262 -1.722761 -2.233573 -1.386294
 -1.455287 -1.696447 -1.261132 -1.203974
 -1.159238 -0.840786 -2.833188 -1.629238
 -1.791755 -1.673974 -1.791755 -0.735711
 -0.663300 -2.110200 -1.704743 -1.704743
 -1.223776 -1.654557 -1.446919 -1.275069
 -1.402823 -1.115143 -4.110780 -0.892001
 -1.386294 -1.386294 -1.473305 -1.306252
 -0.606142 -2.110200 -2.110200 -1.550595
 -1.495493 -1.421385 -1.064713 -1.662545
 -1.352393 -0.802350 -2.268674 -1.662545
 -1.966107 -1.714795 -1.347074 -0.867504
 -0.944466 -1.280935 -1.974072 -1.637606
 -1.945905 -1.252764 -1.192140 -1.317302
 -1.992422 -0.788461 -2.174741 -1.219242
 -1.220503 -1.471816 -1.712976 -1.220503
 -1.228667 -1.315677 -1.767657 -1.315677
 -2.602672 -0.810933 -1.349927 -1.504076
 -1.386294 -1.491654 -2.995692 -0.744445
 -1.836208 -1.669155 -1.238375 -1.015232
 -1.045972 -2.001471 -1.308334 -1.413693
 -1.909537 -1.591087 -1.504076 -0.853493
 -1.435084 -1.435084 -2.128221 -0.904460
 -1.440361 -1.239692 -2.251277 -0.998532
 -1.481604 -1.992423 -1.704745 -0.788462
 -1.691674 -1.111859 -2.133503 -0.998531
 -1.363305 -1.563974 -2.662564 -0.765472
 -1.466336 -1.871797 -2.005327 -0.732372
 -1.060876 -2.159466 -1.466336 -1.178658
 -1.971549 -1.425009 -1.730388 -0.814102
 -0.670162 -0.988614 -2.151752 -12.971550
 -0.890977 -0.830353 -1.871796 -12.873912
 -0.916296 -0.762146 -2.014891 -12.611551
 -1.299283 -0.813777 -1.258461 -13.687682
 -13.514411 -0.748720 -2.001475 -0.936771
 -13.664692 -1.276294 -1.087053 -0.957841
 -12.899230 -1.123932 -0.855670 -1.386294
 -1.386294 -1.386294 -1.386294 -1.386294
 -1.386294 -1.386294 -1.386294 -1.386294
 -13.487012 -13.487012 -13.487012 -0.000004
 -13.235700 -13.235700 -13.235700 -0.000005
 -13.487012 -13.487012 -13.487012 -0.000004
 -1.386294 -1.386294 -1.386294 -1.386294
 -1.386294 -1.386294 -1.386294 -1.386294
 -1.386294 -1.386294 -1.386294 -1.386294
 -0.000002 -14.508659 -14.508659 -14.508659
 -14.508659 -14.508659 -0.000002 -14.508659
 -1.386294 -1.386294 -1.386294 -1.386294
 -1.386294 -1.386294 -1.386294 -1.386294
 -1.386294 -1.386294 -1.386294 -1.386294
 -1.386294 -1.386294 -1.386294 -1.386294
 -1.386294 -1.386294 -1.386294 -1.386294
 -1.171183 -1.687399 -1.108663 -1.742968
 -1.386294 -1.386294 -1.386294 -1.386294
 -1.729236 -1.236763 -2.181216 -0.869040
 -1.531475 -1.665004 -1.308334 -1.126014
 -1.417066 -1.417066 -2.243736 -0.893820
 -2.169040 -0.847303 -1.252764 -1.763583
 -1.466336 -1.871796 -2.054114 -0.719128
 -1.945905 -0.889860 -1.828123 -1.252764
 -1.916914 -1.329137 -1.128468 -1.329137
 -1.864781 -0.736322 -2.065450 -1.429466
 -1.414365 0.000100 0.000100 0.000100
 -1.412296 0.000100 0.000100 0.000100
 -1.358012 0.000100 0.000100 0.000100
 -1.361933 0.000100 0.000100 0.000100
 -1.210204 -1.595049 -1.245543 -1.555044
 -1.369901 -1.394593 -1.330055 -1.454697
 -1.048984 -1.457246 -1.491437 -1.651402
 -1.569009 -1.372636 -1.290806 -1.334608
 -1.400893 -1.379074 -1.357721 -1.408273
 -1.490225 -1.340165 -1.853726 -1.032198
 -1.437386 -1.445483 -1.367319 -1.301841
 -1.975423 -1.132746 -1.402078 -1.227361
 -1.441663 -1.393345 -1.347254 -1.365436
 -1.251817 -1.278664 -1.577748 -1.473306
 -1.282682 -1.444738 -1.259335 -1.594270
 -1.777918 -1.240642 -1.187844 -1.439974
 -1.267578 -1.377926 -1.464937 -1.446919
 -1.392003 -1.430919 -1.505026 -1.236763
 -1.246119 -1.467608 -1.336145 -1.518466
 -1.698233 -1.231210 -1.366876 -1.308769
 -1.378326 -1.671313 -1.316768 -1.231002
 -1.404422 -1.212660 -1.553167 -1.404422
 -1.187512 -1.349630 -1.562823 -1.486596
 -1.840549 -1.252763 -1.339774 -1.225364
 -1.438030 -1.483286 -1.275069 -1.361397
 -1.268511 -1.333050 -1.493392 -1.467640
 -1.314908 -1.476964 -1.291561 -1.476964
 -1.883274 -1.100515 -1.202706 -1.537913
 -1.344094 -1.565173 -1.319603 -1.335864
 -1.241421 -1.453117 -1.592472 -1.295488
 -1.321290 -1.401332 -1.356881 -1.471950
 -1.990263 -1.184638 -1.235558 -1.321214
 -1.444313 -1.462170 -1.296503 -1.351419
 -1.473121 -1.464311 -1.518378 -1.137914
 -1.449905 -1.360778 -1.458416 -1.286116
 -1.975644 -1.282498 -1.386294 -1.096661
 -1.463930 -1.374318 -1.240787 -1.484984
 -1.257816 -1.293921 -1.611456 -1.419084
 -1.226258 -1.411400 -1.306888 -1.649485
 -1.883696 -1.201723 -1.157760 -1.456253
 -1.194776 -1.477774 -1.459255 -1.441072
 -1.330171 -1.473814 -1.490207 -1.268718
 -1.253696 -1.432104 -1.286922 -1.611305
 -1.835394 -1.121341 -1.397594 -1.318951
 -1.386294 -1.386294 -1.378451 -1.394199
 -1.384308 -1.353056 -1.709730 -1.170734
 -1.179680 -1.517486 -1.354033 -1.536355
 -1.872827 -1.227471 -1.255842 -1.315118
 -1.416020 -1.309798 -1.424679 -1.398926
 -1.338162 -1.466337 -1.449387 -1.301257
 -1.291736 -1.402961 -1.411400 -1.445886
 -1.706680 -1.301215 -1.219537 -1.382441
 -1.275069 -1.492589 -1.446919 -1.345136
 -1.398223 -1.544405 -1.359002 -1.263692
 -1.349361 -1.380371 -1.254745 -1.589829
 -1.795767 -1.164752 -1.324259 -1.362578
 -1.447449 -1.377856 -1.320697 -1.403389
 -1.335403 -1.406579 -1.537771 -1.283346
 -1.282091 -1.392092 -1.515705 -1.369102
 -2.083465 -1.104655 -1.283346 -1.320251
 -1.342619 -1.431964 -1.252763 -1.540445
 -1.369612 -1.326440 -1.478246 -1.376992
 -1.293800 -1.492801 -1.301347 -1.474619
 -1.809252 -1.164308 -1.296077 -1.384369
 -1.295046 -1.580147 -1.482029 -1.227605
 -1.312186 -1.290984 -1.386294 -1.581000
 -1.143498 -1.570144 -1.417305 -1.465701
 -1.813173 -1.215337 -1.493540 -1.153033
 -1.388246 -1.419994 -1.209838 -1.558144
 -1.510231 -1.649068 -1.510231 -1.004977
 -1.407800 -1.300702 -1.382048 -1.461385
 -1.789819 -1.213729 -1.376632 -1.260560
 -1.474763 -1.361434 -1.243651 -1.484813
 -1.229000 -1.568215 -1.494107 -1.292625
 -1.349646 -1.319793 -1.283688 -1.627278
 -1.977777 -1.213862 -1.159468 -1.382611
 -1.397393 -1.443063 -1.388504 -1.320102
 -1.165102 -1.539795 -1.558144 -1.335001
 -1.154807 -1.554508 -1.504077 -1.380845
 -1.826245 -1.281782 -1.251704 -1.289445
 -1.502160 -1.611359 -1.168154 -1.321276
 -1.575536 -1.394952 -1.448537 -1.170071
 -1.220851 -1.227968 -1.442223 -1.738793
 -1.686780 -1.319849 -1.224539 -1.371143
 -1.065823 -1.288966 -0.967584 -15.319589
 -1.112740 -1.025221 -1.162750 -15.422947
 -1.146195 -1.277223 -0.907961 -15.498199
 -1.560647 -1.055553 -0.816446 -15.424950
 -15.598903 -1.055843 -0.933241 -1.351609
 -15.651287 -0.899683 -1.253561 -1.178257
 -15.850217 -1.130488 -0.840783 -1.403434
 -1.386294 -1.386294 -1.386294 -1.386294
 -1.386294 -1.386294 -1.386294 -1.386294
 -15.774197 -15.774197 -15.774197 -0.000000
 -15.821037 -15.821037 -15.821037 -0.000000
 -15.492608 -15.492608 -15.492608 -0.000001
 -1.386294 -1.386294 -1.386294 -1.386294
 -1.386294 -1.386294 -1.386294 -1.386294
 -1.386294 -1.386294 -1.386294 -1.386294
 -0.000000 -16.804722 -16.804722 -16.804722
 -16.804722 -16.804722 -0.000000 -16.804722
 -1.386294 -1.386294 -1.386294 -1.386294
 -1.386294 -1.386294 -1.386294 -1.386294
 -1.386294 -1.386294 -1.386294 -1.386294
 -1.386294 -1.386294 -1.386294 -1.386294
 -1.386294 -1.386294 -1.386294 -1.386294
 -1.369823 -1.254022 -1.525956 -1.414365
 -1.386294 -1.386294 -1.386294 -1.386294
 -1.488360 -1.404277 -1.254745 -1.412374
 -1.303407 -1.309921 -1.667530 -1.309921
 -1.297741 -1.557566 -1.591089 -1.163151
 -1.545287 -1.507188 -1.245543 -1.282177
 -1.161925 -1.538402 -1.332550 -1.567389
 -1.221673 -1.490486 -1.548194 -1.319128
 -1.286809 -1.574491 -1.242357 -1.478263
 -1.656395 -1.464504 -1.283506 -1.200920
