 -1.362764 0.000100 0.000100 0.000100
 -1.540445 0.000100 0.000100 0.000100
 -1.460402 0.000100 0.000100 0.000100
 -1.211941 0.000100 0.000100 0.000100
 -1.122145 -1.969433 -1.458614 -1.196252
 -1.018573 -1.280935 -2.197211 -1.386294
 -1.024507 -1.717647 -1.360977 -1.584118
 -1.139436 -1.966107 -1.272967 -1.347074
 -1.845823 -1.209839 -1.403994 -1.209839
 -0.693154 -2.302565 -2.708014 -1.098616
 -1.152682 -0.998532 -1.558143 -2.251277
 -1.458614 -1.276294 -1.363305 -1.458614
 -1.120593 -1.526055 -1.343735 -1.631414
 -1.263693 -2.036874 -1.749196 -0.884206
 -1.157455 -1.945902 -1.475905 -1.157455
 -2.104124 -1.516346 -0.823204 -1.516346
 -1.586963 -1.145134 -1.704745 -1.219242
 -0.916296 -3.401111 -1.791753 -0.916296
 -1.430746 -1.189586 -1.526055 -1.430746
 -1.163152 -1.673974 -1.037990 -1.925285
 -1.142099 -1.285199 -2.240698 -1.211092
 -1.072640 -2.028139 -3.637496 -0.693152
 -0.798512 -1.742965 -2.302570 -1.290985
 -1.815285 -1.458614 -1.276294 -1.122145
 -1.405342 -1.137080 -2.024375 -1.197704
 -1.763583 -1.475905 -1.609435 -0.916295
 -1.011607 -1.704741 -1.481603 -1.481603
 -1.287855 -1.757855 -1.015923 -1.662545
 -1.053153 -1.363305 -1.969433 -1.363305
 -1.466336 -1.584118 -1.871796 -0.890977
 -1.386294 -0.980833 -2.079432 -1.386294
 -1.526055 -1.430746 -1.263693 -1.343735
 -1.386294 -0.739671 -2.174741 -1.838274
 -2.014895 -1.609436 -2.420352 -0.548571
 -1.003306 -1.455286 -1.609435 -1.609435
 -1.493924 -1.589233 -1.252764 -1.252764
 -1.360977 -0.830353 -2.277252 -1.584118
 -1.652920 -1.285199 -1.770702 -1.016937
 -0.802353 -1.757852 -1.757852 -1.575534
 -1.331235 -2.024375 -1.405342 -1.025855
 -1.120593 -0.995431 -3.135453 -1.343735
 -1.658225 -1.945903 -2.351360 -0.559621
 -1.203975 -1.003306 -1.609435 -2.014891
 -1.272967 -1.514127 -1.427116 -1.347074
 -1.189586 -0.737603 -3.135453 -1.749196
 -1.860747 -1.609436 -2.420352 -0.587792
 -1.386294 -0.780166 -1.791751 -2.079425
 -1.262243 -1.667704 -1.331235 -1.331235
 -1.435084 -1.029622 -2.639034 -1.098615
 -2.005327 -1.754016 -1.871797 -0.619043
 -0.980835 -1.568613 -1.791751 -1.386294
 -1.427116 -1.714795 -1.139436 -1.347074
 -1.072640 -1.152682 -2.251277 -1.440361
 -1.440361 -2.251277 -2.028139 -0.641859
 -1.236764 -1.824542 -1.824542 -0.949085
 -1.913645 -1.913645 -1.115143 -0.975382
 -1.203974 -0.693152 -3.688789 -1.742965
 -2.708014 -2.302565 -1.203975 -0.628616
 -0.693153 -1.916914 -1.580448 -1.916914
 -1.386294 -1.593932 -1.163152 -1.450832
 -1.452252 -1.016937 -2.240698 -1.211092
 -1.005525 -1.767657 -1.921806 -1.148625
 -0.902872 -1.819153 -2.001471 -1.213024
 -2.151752 -1.276294 -1.458614 -0.988614
 -1.189586 -1.056055 -2.219192 -1.430746
 -1.252764 -1.540443 -1.339775 -1.435084
 -1.178658 -2.564915 -1.312187 -1.060876
 -1.791756 -1.216396 -1.504076 -1.155772
 -2.374890 -1.122145 -1.681755 -0.927990
 -1.815285 -1.363305 -1.458614 -1.053153
 -1.252764 -1.358124 -1.609435 -1.358124
 -2.058380 -1.285199 -1.142099 -1.285199
 -0.993257 -2.197206 -3.295752 -0.730895
 -1.904232 -1.904232 -1.770702 -0.631276
 -0.855670 -2.079432 -2.995692 -0.916294
 -2.197215 -1.098614 -1.280935 -1.280935
 -1.049825 -1.609435 -2.995692 -0.916295
 -2.397874 -1.550595 -2.110200 -0.552076
 -1.871793 -1.178658 -2.159466 -0.860208
 -1.931517 -1.289668 -1.461517 -1.056054
 -0.949085 -1.642224 -1.824542 -1.354546
 -1.339775 -1.945903 -1.172722 -1.252764
 -1.427116 -1.272967 -3.218792 -0.820987
 -1.850597 -1.252764 -1.358124 -1.203974
 -0.553391 -1.123932 -2.302570 -12.899230
 -0.890977 -1.024507 -1.466336 -12.873912
 -0.720551 -1.531475 -1.213024 -12.821269
 -1.243194 -0.906724 -1.178656 -13.161592
 -0.000004 -13.487012 -13.487012 -13.487012
 -0.000005 -13.235699 -13.235699 -13.235699
 -0.000007 -12.899230 -12.899230 -12.899230
 -1.386294 -1.386294 -1.386294 -1.386294
 -14.334307 -14.334307 -14.334307 -0.000002
 -1.386294 -1.386294 -1.386294 -1.386294
 -1.386294 -1.386294 -1.386294 -1.386294
 -1.386294 -1.386294 -1.386294 -1.386294
 -1.386294 -1.386294 -1.386294 -1.386294
 -1.386294 -1.386294 -1.386294 -1.386294
 -1.386294 -1.386294 -1.386294 -1.386294
 -0.000002 -14.334307 -14.334307 -14.334307
 -14.334307 -14.334307 -0.000002 -14.334307
 -1.386294 -1.386294 -1.386294 -1.386294
 -1.386294 -1.386294 -1.386294 -1.386294
 -1.386294 -1.386294 -1.386294 -1.386294
 -1.386294 -1.386294 -1.386294 -1.386294
 -1.386294 -1.386294 -1.386294 -1.386294
 -1.486378 -1.317302 -1.153673 -1.658227
 -1.386294 -1.386294 -1.386294 -1.386294
 -1.558143 -1.440361 -2.251277 -0.804377
 -1.241714 -1.321756 -2.708026 -0.973452
 -1.331235 -1.331235 -1.572395 -1.331235
 -2.367103 -1.386294 -1.067844 -1.163153
 -0.693152 -1.558143 -2.944399 -1.440361
 -0.927990 -1.122145 -2.662564 -1.563974
 -1.757852 -1.421385 -1.064715 -1.421385
 -1.352393 -1.287855 -1.575535 -1.352393
 -1.413133 0.000100 0.000100 0.000100
 -1.268651 0.000100 0.000100 0.000100
 -1.343104 0.000100 0.000100 0.000100
 -1.540025 0.000100 0.000100 0.000100
 -1.168346 -1.370870 -1.391489 -1.679171
 -1.346729 -1.455928 -1.535970 -1.232785
 -1.255182 -1.461518 -1.255182 -1.619146
 -2.044754 -1.422226 -1.075356 -1.243979
 -1.464663 -1.532104 -1.361479 -1.215768
 -1.375823 -1.375823 -1.558144 -1.258040
 -1.186905 -1.202409 -1.554629 -1.697730
 -1.491073 -1.281982 -1.563394 -1.244941
 -1.501605 -1.570598 -1.213923 -1.300935
 -1.330205 -1.226665 -1.726619 -1.330205
 -1.299283 -1.532897 -1.278664 -1.456912
 -2.113841 -1.238374 -1.098613 -1.362427
 -1.241269 -1.687555 -1.164308 -1.542373
 -1.333013 -1.565635 -1.242862 -1.432104
 -1.211755 -1.458615 -1.276294 -1.657065
 -1.604548 -1.366876 -1.223776 -1.386294
 -1.487390 -1.508896 -1.553348 -1.074859
 -1.644123 -1.432814 -1.341843 -1.181500
 -1.142673 -1.476445 -1.783175 -1.257083
 -1.808853 -1.133099 -1.414950 -1.304949
 -1.263692 -1.453735 -1.364788 -1.477266
 -1.177394 -1.438119 -1.650680 -1.337023
 -1.140162 -1.276294 -1.713506 -1.509908
 -1.605262 -1.271771 -1.107016 -1.669801
 -1.297741 -1.764360 -1.463255 -1.126784
 -1.228666 -1.212136 -2.027171 -1.279959
 -1.422852 -1.145866 -1.466337 -1.559427
 -1.843944 -1.304949 -1.187166 -1.326002
 -1.278874 -1.604296 -1.355835 -1.336033
 -1.348554 -1.487390 -1.699951 -1.103432
 -1.299283 -1.341843 -1.238659 -1.736496
 -2.003341 -1.276294 -1.196251 -1.259764
 -1.609437 -1.061473 -1.436166 -1.531476
 -1.345472 -1.619909 -1.306252 -1.306252
 -1.113428 -1.511457 -1.366876 -1.629240
 -1.955387 -1.349253 -1.151894 -1.262242
 -1.453735 -1.386294 -1.577349 -1.171885
 -1.282916 -1.458120 -1.724748 -1.165133
 -1.013930 -1.478818 -1.310195 -1.969439
 -1.791758 -1.450833 -1.146622 -1.268512
 -1.247990 -1.299283 -1.604664 -1.430311
 -1.469908 -1.517536 -1.620190 -1.041454
 -1.456028 -1.237339 -1.370870 -1.501490
 -1.556920 -1.446919 -1.556920 -1.069625
 -1.468084 -1.614687 -1.244941 -1.263290
 -1.337976 -1.547067 -1.644705 -1.103576
 -1.357474 -1.428091 -1.313022 -1.452784
 -1.770160 -1.482478 -1.039273 -1.390671
 -1.222665 -1.609437 -1.504077 -1.261132
 -1.267235 -1.421386 -1.470176 -1.397855
 -1.193470 -1.446919 -1.337720 -1.613973
 -1.746908 -1.395511 -1.225612 -1.257361
 -1.272276 -1.461518 -1.381475 -1.440898
 -1.453735 -1.408273 -1.749199 -1.056053
 -1.300935 -1.247825 -1.357024 -1.697349
 -1.742968 -1.049823 -1.220780 -1.714798
 -1.340250 -1.423632 -1.226922 -1.588711
 -1.303818 -1.734600 -1.320625 -1.255028
 -1.488810 -1.229949 -1.401798 -1.444358
 -2.181222 -1.218414 -1.200395 -1.236763
 -1.252763 -1.730798 -1.638425 -1.070442
 -1.078512 -1.331960 -1.817467 -1.454562
 -1.245937 -1.517870 -1.199417 -1.651402
 -1.724748 -1.300935 -1.300935 -1.282916
 -1.614078 -1.614078 -1.185624 -1.216396
 -1.419084 -1.441557 -1.333926 -1.354546
 -1.299283 -1.424446 -1.567547 -1.279865
 -2.022281 -1.275069 -1.223776 -1.223776
 -1.180163 -1.678000 -1.398416 -1.350788
 -1.457557 -1.413106 -1.234414 -1.457557
 -1.238842 -1.782456 -1.207093 -1.414732
 -1.915137 -1.206954 -1.221992 -1.351203
 -1.136151 -1.558144 -1.485824 -1.418383
 -1.479385 -1.364316 -1.555370 -1.185624
 -1.293401 -1.201028 -1.706962 -1.413202
 -1.522003 -1.412003 -1.454562 -1.188860
 -1.255182 -1.307367 -1.643839 -1.381475
 -1.458120 -1.724748 -1.247825 -1.197394
 -1.435084 -1.295323 -1.386294 -1.435084
 -2.007981 -1.264405 -1.216396 -1.248144
 -1.053913 -1.139435 -1.104344 -14.375129
 -1.182431 -1.118918 -1.002846 -14.503647
 -1.275069 -1.128466 -0.923672 -14.528462
 -1.345286 -1.345286 -0.735910 -14.580980
 -0.000001 -14.669928 -14.669928 -14.669928
 -0.000001 -14.703403 -14.703403 -14.703403
 -0.000001 -14.962914 -14.962914 -14.962914
 -1.386294 -1.386294 -1.386294 -1.386294
 -15.886164 -15.886164 -15.886164 -0.000000
 -1.386294 -1.386294 -1.386294 -1.386294
 -1.386294 -1.386294 -1.386294 -1.386294
 -1.386294 -1.386294 -1.386294 -1.386294
 -1.386294 -1.386294 -1.386294 -1.386294
 -1.386294 -1.386294 -1.386294 -1.386294
 -1.386294 -1.386294 -1.386294 -1.386294
 -0.000000 -15.886165 -15.886165 -15.886165
 -15.886164 -15.886164 -0.000000 -15.886164
 -1.386294 -1.386294 -1.386294 -1.386294
 -1.386294 -1.386294 -1.386294 -1.386294
 -1.386294 -1.386294 -1.386294 -1.386294
 -1.386294 -1.386294 -1.386294 -1.386294
 -1.386294 -1.386294 -1.386294 -1.386294
 -1.319237 -1.195184 -1.551859 -1.522532
 -1.386294 -1.386294 -1.386294 -1.386294
 -1.464766 -1.527945 -1.331235 -1.245713
 -1.337504 -1.588818 -1.719438 -1.037988
 -1.339774 -1.386294 -1.460402 -1.362764
 -1.821086 -1.221466 -1.282091 -1.324650
 -1.120592 -1.577349 -1.386294 -1.526056
 -1.077559 -1.386294 -1.802454 -1.407801
 -1.051360 -1.588160 -1.512174 -1.488077
 -1.721915 -1.434234 -1.300703 -1.169126
