 -1.548350 0.000100 0.000100 0.000100
 -1.233270 0.000100 0.000100 0.000100
 -1.317827 0.000100 0.000100 0.000100
 -1.476891 0.000100 0.000100 0.000100
 -1.686394 -1.686394 -1.216398 -1.098616
 -1.413693 -1.531475 -1.413693 -1.213024
 -1.128468 -1.223777 -1.916914 -1.446918
 -1.421385 -2.268664 -0.802353 -1.575534
 -2.079429 -1.163153 -1.268513 -1.268513
 -1.466336 -1.648654 -1.312187 -1.178658
 -0.847303 -2.169040 -1.609435 -1.358124
 -1.446918 -1.128468 -1.329137 -1.734596
 -1.098615 -1.417066 -1.887062 -1.299284
 -1.098616 -1.791753 -1.609435 -1.203975
 -1.268513 -1.163153 -1.673972 -1.519824
 -1.519824 -1.519824 -1.268513 -1.268513
 -1.413693 -1.413693 -1.819153 -1.045972
 -1.455286 -1.791753 -1.609435 -0.916296
 -1.466336 -0.693155 -2.159466 -1.871793
 -1.329137 -0.961415 -2.427727 -1.329137
 -0.869043 -1.488076 -2.740803 -1.236764
 -1.386294 -2.590244 -1.742965 -0.693152
 -1.791748 -0.944470 -1.504075 -1.504075
 -1.691672 -1.440361 -0.929540 -1.691672
 -1.887062 -1.193925 -1.193925 -1.417066
 -1.466336 -1.466336 -1.871793 -0.955517
 -1.134983 -1.252765 -1.540443 -1.722761
 -1.123932 -1.491654 -1.491654 -1.491654
 -1.704744 -1.417066 -1.704744 -0.931563
 -1.098615 -2.110200 -2.110200 -0.857455
 -1.170074 -1.170074 -1.757852 -1.575534
 -1.856290 -1.268513 -1.163153 -1.386294
 -1.488076 -1.236764 -2.047681 -1.036096
 -1.791753 -2.302565 -1.609435 -0.628616
 -1.272967 -0.916297 -1.609434 -2.120246
 -1.767657 -1.634128 -1.074517 -1.228667
 -1.312187 -0.955517 -2.159466 -1.466336
 -1.455286 -2.302565 -2.302565 -0.567992
 -0.969405 -1.575534 -2.268664 -1.170074
 -1.540443 -1.658225 -0.847302 -1.791755
 -1.329136 -0.753777 -2.427727 -1.734596
 -1.909532 -12.506192 -1.909532 -0.351407
 -1.349927 -0.897947 -1.909532 -1.686394
 -1.871796 -1.360977 -0.955515 -1.584118
 -1.466336 -0.955517 -3.258012 -1.060876
 -2.001471 -2.224609 -2.512283 -0.392049
 -0.955517 -0.955517 -2.159466 -2.159466
 -1.335001 -1.845820 -0.865002 -1.845820
 -1.642224 -0.725943 -2.047681 -1.642224
 -2.708014 -1.791753 -1.609435 -0.567992
 -1.343735 -0.832916 -1.749192 -2.036866
 -1.563974 -1.363305 -0.988614 -1.815285
 -0.832916 -1.343735 -2.442314 -1.526054
 -2.614936 -1.634128 -1.767657 -0.578083
 -0.693154 -1.455286 -2.708014 -1.609435
 -1.299284 -1.299284 -1.299284 -1.704744
 -1.308334 -1.126014 -2.917732 -1.045972
 -1.455286 -1.791753 -1.791753 -0.836254
 -0.798517 -1.609433 -1.897107 -1.609433
 -1.386294 -1.897113 -1.123932 -1.290985
 -0.944466 -1.185626 -2.890333 -1.386294
 -1.504076 -1.504076 -1.686394 -0.993257
 -0.938276 -1.749192 -2.442314 -1.056058
 -1.228667 -1.410987 -1.516346 -1.410987
 -1.767657 -0.769138 -2.327262 -1.315677
 -1.642224 -1.236764 -1.824542 -1.036096
 -1.098618 -0.944470 -2.197197 -1.791748
 -1.819153 -0.971864 -1.531475 -1.413693
 -2.120246 -0.916297 -1.609434 -1.272967
 -1.326871 -1.326871 -2.282371 -1.001451
 -1.558141 -1.845814 -1.845814 -0.747224
 -1.580448 -1.446918 -0.961415 -1.734596
 -1.098616 -1.216398 -2.197206 -1.349927
 -1.734596 -1.446918 -1.580448 -0.961415
 -0.860208 -2.159466 -1.312187 -1.648654
 -1.897113 -1.290985 -1.203974 -1.290985
 -1.268513 -1.856290 -1.856290 -0.900791
 -1.609435 -1.609435 -1.455286 -1.003306
 -1.287856 -1.575534 -2.268664 -0.882395
 -2.890333 -1.280935 -0.944466 -1.280935
 -1.021656 -1.427116 -1.609434 -1.609434
 -1.686394 -0.993257 -1.216398 -1.909532
 -1.757852 -1.064715 -2.674112 -0.882395
 -3.135453 -1.263693 -1.343735 -0.884206
 -1.098617 -1.658222 -1.658222 -1.252765
 -1.265668 -1.466336 -2.970375 -0.830353
 -1.349927 -1.686394 -12.506192 -0.587795
 -2.079432 -1.491654 -1.491654 -0.855670
 -0.836254 -1.321757 -1.791753 -2.014891
 -0.730895 -1.504076 -1.504076 -2.602654
 -1.098619 -1.609431 -1.609431 -1.321758
 -1.442383 -1.116963 -1.062896 -2.397882
 -0.046527 -12.994539 -3.091002 -12.994539
 -0.000009 -12.765699 -12.765699 -12.765699
 -0.030781 -12.706860 -3.496420 -12.706860
 -0.223162 -11.918417 -1.609431 -11.918417
 -0.000002 -14.006134 -14.006134 -14.006134
 -1.386294 -1.386294 -1.386294 -1.386294
 -0.000050 -11.002167 -11.002167 -11.002167
 -1.386294 -1.386294 -1.386294 -1.386294
 -14.054530 -14.054530 -0.000002 -14.054530
 -1.386294 -1.386294 -1.386294 -1.386294
 -1.386294 -1.386294 -1.386294 -1.386294
 -1.386294 -1.386294 -1.386294 -1.386294
 -1.386294 -1.386294 -1.386294 -1.386294
 -1.386294 -1.386294 -1.386294 -1.386294
 -1.548350 -1.753143 -0.749844 -1.953813
 -1.386294 -1.386294 -1.386294 -1.386294
 -1.349927 -1.216398 -1.909532 -1.216398
 -1.011607 -1.481603 -1.992415 -1.299284
 -1.529394 -1.261132 -2.484893 -0.875471
 -1.280936 -1.504075 -1.504075 -1.280936
 -1.193925 -1.887062 -1.417066 -1.193925
 -1.580448 -1.128468 -1.916914 -1.128468
 -1.163156 -0.826689 -2.079417 -2.079417
 -1.586963 -1.299284 -1.219242 -1.481604
 -1.280905 0.000100 0.000100 0.000100
 -1.375191 0.000100 0.000100 0.000100
 -1.506873 0.000100 0.000100 0.000100
 -1.395048 0.000100 0.000100 0.000100
 -1.581692 -1.328488 -1.080879 -1.659688
 -1.479242 -1.179439 -1.564720 -1.364173
 -1.418835 -1.253332 -1.446066 -1.439874
 -2.137019 -1.054963 -1.234617 -1.415342
 -1.323078 -1.479056 -1.267823 -1.494372
 -1.233204 -1.497872 -1.297250 -1.552326
 -1.229872 -1.418111 -1.258886 -1.706342
 -1.873917 -1.277559 -1.065822 -1.499160
 -1.112983 -1.511806 -1.549004 -1.433588
 -1.274943 -1.400674 -1.579983 -1.316231
 -1.096289 -1.395148 -1.507450 -1.626477
 -1.747045 -1.188845 -1.439997 -1.258040
 -1.628372 -1.378770 -1.008396 -1.676329
 -1.494561 -1.183304 -1.546122 -1.361348
 -1.408109 -1.271719 -1.447949 -1.427144
 -2.157115 -1.015426 -1.284320 -1.405457
 -1.307222 -1.423294 -1.309278 -1.520991
 -1.195407 -1.515905 -1.342409 -1.529729
 -1.182730 -1.444287 -1.278465 -1.719363
 -1.852208 -1.331659 -1.046944 -1.478138
 -1.158657 -1.478742 -1.543680 -1.408234
 -1.325084 -1.412922 -1.588812 -1.249597
 -1.117905 -1.396210 -1.490864 -1.607816
 -1.790040 -1.215514 -1.408924 -1.230719
 -1.633657 -1.369696 -1.027947 -1.645786
 -1.528636 -1.143396 -1.571798 -1.359603
 -1.410694 -1.227038 -1.455753 -1.471235
 -2.200807 -1.034351 -1.257494 -1.388442
 -1.389329 -1.421764 -1.304854 -1.434403
 -1.207843 -1.446742 -1.349606 -1.577549
 -1.201828 -1.448531 -1.241066 -1.740887
 -1.814912 -1.273210 -1.091631 -1.507118
 -1.160257 -1.531198 -1.513950 -1.385180
 -1.328017 -1.392299 -1.539521 -1.301915
 -1.105024 -1.411162 -1.514470 -1.584684
 -1.834493 -1.186366 -1.395537 -1.247310
 -1.629568 -1.328597 -1.038443 -1.686687
 -1.475673 -1.172245 -1.581662 -1.362299
 -1.398243 -1.241590 -1.430600 -1.492190
 -2.145766 -1.008548 -1.322475 -1.379126
 -1.341347 -1.527897 -1.239791 -1.460714
 -1.168949 -1.514769 -1.336106 -1.577065
 -1.178387 -1.496678 -1.227852 -1.740506
 -1.860752 -1.331257 -1.024808 -1.507630
 -1.095760 -1.518874 -1.554276 -1.446409
 -1.294969 -1.445514 -1.490267 -1.327436
 -1.083861 -1.422335 -1.508618 -1.612705
 -1.798055 -1.207349 -1.371756 -1.266808
 -1.659139 -1.407238 -0.978278 -1.666426
 -1.541373 -1.140020 -1.561408 -1.361562
 -1.383433 -1.271807 -1.407206 -1.495518
 -2.111933 -1.059644 -1.218115 -1.441258
 -1.335038 -1.490371 -1.295436 -1.436391
 -1.168963 -1.504260 -1.321939 -1.606884
 -1.172256 -1.479643 -1.209949 -1.805448
 -1.787924 -1.316128 -1.013925 -1.600829
 -1.113723 -1.506826 -1.529436 -1.455019
 -1.311945 -1.422702 -1.535089 -1.293876
 -1.070200 -1.387863 -1.520429 -1.666887
 -1.739228 -1.205432 -1.414382 -1.266893
 -1.628330 -1.402267 -0.981037 -1.699459
 -1.529839 -1.139344 -1.561609 -1.371988
 -1.402802 -1.303127 -1.392963 -1.452120
 -2.120314 -1.069238 -1.236411 -1.401159
 -1.287785 -1.550014 -1.222700 -1.525834
 -1.174033 -1.560817 -1.353105 -1.502912
 -1.186703 -1.495280 -1.190847 -1.792012
 -1.873866 -1.298437 -1.021123 -1.544949
 -1.143009 -1.476854 -1.574477 -1.403762
 -1.312861 -1.433354 -1.595679 -1.239004
 -1.087801 -1.405591 -1.527706 -1.605504
 -1.804226 -1.195162 -1.413202 -1.240013
 -1.649503 -1.394644 -0.991590 -1.666288
 -1.548999 -1.114675 -1.596034 -1.359384
 -1.426867 -1.214173 -1.392804 -1.538949
 -2.243007 -1.025211 -1.215320 -1.433279
 -1.261416 -1.563094 -1.227811 -1.540251
 -1.194499 -1.498744 -1.293113 -1.612852
 -1.167351 -1.487388 -1.207748 -1.808022
 -1.793208 -1.335355 -1.009152 -1.579968
 -1.098347 -1.548227 -1.504809 -1.461476
 -1.379130 -1.333627 -1.525244 -1.320077
 -1.082331 -1.464882 -1.422365 -1.666291
 -1.789344 -1.243504 -1.328289 -1.274295
 -1.560811 -1.301610 -0.962944 -1.993826
 -1.425474 -0.980192 -1.453417 -1.893153
 -1.421999 -1.227059 -1.391978 -1.527712
 -2.522987 -0.859522 -1.147204 -1.720968
 -0.706595 -17.802641 -0.679878 -17.802641
 -0.469599 -18.357208 -0.981504 -18.357208
 -0.563235 -18.234833 -0.842492 -18.234833
 -1.137995 -17.662888 -0.386340 -17.662888
 0.000000 -18.809813 -18.809813 -18.809813
 -1.386294 -1.386294 -1.386294 -1.386294
 0.000000 -18.683737 -18.683737 -18.683737
 -1.386294 -1.386294 -1.386294 -1.386294
 -19.441908 -19.441908 0.000000 -19.441908
 -1.386294 -1.386294 -1.386294 -1.386294
 -1.386294 -1.386294 -1.386294 -1.386294
 -1.386294 -1.386294 -1.386294 -1.386294
 -1.386294 -1.386294 -1.386294 -1.386294
 -1.386294 -1.386294 -1.386294 -1.386294
 -1.199278 -1.456173 -1.243246 -1.731521
 -1.386294 -1.386294 -1.386294 -1.386294
 -1.034627 -1.559221 -1.629838 -1.433890
 -1.305171 -1.502302 -1.521925 -1.244915
 -1.091769 -1.441347 -1.582218 -1.503953
 -1.557890 -1.260832 -1.507951 -1.256534
 -1.588596 -1.428340 -0.982882 -1.704571
 -1.515937 -1.203305 -1.514534 -1.345972
 -1.360873 -1.280001 -1.476468 -1.439345
 -2.008953 -1.099039 -1.274306 -1.374149
