 -1.216395 0.000100 0.000100 0.000100
 -1.555370 0.000100 0.000100 0.000100
 -1.591088 0.000100 0.000100 0.000100
 -1.241713 0.000100 0.000100 0.000100
 -1.049824 -1.817075 -1.386294 -1.437587
 -1.478101 -1.403994 -1.478101 -1.209839
 -0.962813 -1.299284 -1.927886 -1.609436
 -1.871799 -1.466337 -1.221215 -1.137834
 -1.259543 -1.665006 -1.413693 -1.259543
 -1.609436 -1.609436 -2.148427 -0.727052
 -1.163152 -1.593932 -1.163152 -1.760985
 -1.098614 -1.791757 -1.232144 -1.568615
 -1.778854 -1.047970 -1.510591 -1.348073
 -1.629238 -1.629238 -1.734598 -0.840787
 -1.054162 -1.356442 -1.887066 -1.417066
 -1.558144 -1.622682 -0.998531 -1.497519
 -1.354546 -1.562184 -1.824546 -0.991642
 -1.400893 -1.749197 -1.749197 -0.901904
 -0.900789 -1.519825 -2.079435 -1.386294
 -1.544899 -1.609437 -1.226446 -1.226446
 -1.226446 -1.484274 -1.678429 -1.226446
 -1.349927 -2.043067 -1.909537 -0.770112
 -1.118032 -1.648656 -1.553347 -1.312187
 -1.492904 -1.849576 -0.962277 -1.444114
 -1.346021 -1.071585 -1.805550 -1.457246
 -1.473305 -1.568614 -1.673974 -0.980832
 -1.026641 -1.565634 -1.565634 -1.496642
 -1.573505 -1.462280 -1.005523 -1.634129
 -1.266948 -1.004585 -2.183231 -1.429466
 -1.223776 -2.140059 -2.022278 -0.785523
 -1.083346 -1.083346 -2.094939 -1.609436
 -1.098614 -1.550596 -1.550596 -1.417066
 -1.386294 -1.063522 -2.233586 -1.211942
 -2.051265 -2.639043 -1.850597 -0.441836
 -1.265668 -1.024507 -2.277252 -1.360977
 -1.571216 -1.858896 -0.878072 -1.510591
 -1.098614 -1.209839 -2.251282 -1.335001
 -1.098614 -2.148427 -2.014897 -0.875471
 -1.134982 -1.252764 -1.386294 -1.945905
 -1.140725 -2.377479 -1.140725 -1.316615
 -1.299283 -1.219241 -1.912384 -1.258461
 -1.945904 -2.505509 -1.694593 -0.524529
 -0.899486 -1.081807 -1.774949 -2.468086
 -1.470851 -2.917751 -0.838331 -1.259543
 -1.711715 -0.639083 -2.890352 -1.443452
 -1.591087 -2.197215 -2.890346 -0.462628
 -1.268512 -1.023391 -1.961654 -1.519825
 -1.386294 -1.548812 -1.386294 -1.246533
 -1.562184 -1.036094 -2.335365 -1.082614
 -1.722765 -1.865865 -1.865865 -0.669619
 -0.875473 -1.098615 -2.890333 -1.637606
 -1.532897 -1.992426 -1.181501 -1.076141
 -1.562184 -1.354546 -2.335365 -0.831300
 -1.774949 -1.880309 -1.512587 -0.781704
 -0.926765 -1.163152 -2.484890 -1.568614
 -1.479626 -1.670680 -1.213924 -1.247825
 -1.178656 -1.284016 -3.075748 -0.996335
 -1.187167 -1.592629 -1.774949 -1.133100
 -1.025855 -1.331235 -1.667704 -1.667704
 -2.047689 -1.200396 -1.131403 -1.397105
 -1.749197 -0.976012 -2.288188 -1.056054
 -1.791757 -1.791757 -1.568615 -0.780161
 -1.025855 -1.485384 -1.667704 -1.485384
 -1.845824 -1.932834 -1.335001 -0.834228
 -1.609436 -1.011603 -2.061416 -1.174121
 -1.625965 -1.808285 -1.471816 -0.892001
 -1.118032 -1.178656 -1.871797 -1.553347
 -2.060020 -1.041455 -1.292769 -1.406097
 -1.890845 -1.079922 -2.360842 -0.879252
 -1.573505 -1.841767 -1.315677 -1.005523
 -1.478101 -1.270463 -1.845823 -1.098614
 -3.258068 -1.265667 -1.098614 -1.060873
 -1.228667 -1.921806 -2.614936 -0.717845
 -1.461517 -1.461517 -1.836208 -0.976012
 -1.354546 -1.488076 -1.929905 -0.991642
 -2.187067 -1.326871 -1.449473 -0.947383
 -1.116963 -1.522425 -2.397882 -1.011603
 -1.729236 -1.236763 -2.047687 -0.908261
 -1.056055 -1.882726 -1.882726 -1.056055
 -1.782455 -1.414732 -1.414732 -1.061912
 -1.840546 -1.370546 -3.044495 -0.616778
 -1.658226 -1.435084 -2.063687 -0.810933
 -1.430746 -1.263693 -2.219192 -0.995431
 -1.812377 -1.217672 -1.366092 -1.252764
 -13.102169 -13.102169 -13.102169 -0.000006
 -13.500805 -13.500805 -13.500805 -0.000004
 -12.923923 -12.923923 -12.923923 -0.000007
 -13.883173 -13.883173 -13.883173 -0.000003
 -1.386294 -1.386294 -1.386294 -1.386294
 -1.386294 -1.386294 -1.386294 -1.386294
 -1.386294 -1.386294 -1.386294 -1.386294
 -1.055128 -1.254617 -1.555370 -1.860751
 -13.753639 -13.753639 -13.753639 -0.000003
 -13.554151 -13.554151 -13.554151 -0.000004
 -13.253399 -13.253399 -13.253399 -0.000005
 -12.948020 -12.948020 -12.948020 -0.000007
 -1.386294 -1.386294 -1.386294 -1.386294
 -1.386294 -1.386294 -1.386294 -1.386294
 -1.386294 -1.386294 -1.386294 -1.386294
 -0.000001 -14.808764 -14.808764 -14.808764
 -14.808764 -14.808764 -0.000001 -14.808764
 -1.386294 -1.386294 -1.386294 -1.386294
 -1.386294 -1.386294 -1.386294 -1.386294
 -1.386294 -1.386294 -1.386294 -1.386294
 -1.386294 -1.386294 -1.386294 -1.386294
 -1.386294 -1.386294 -1.386294 -1.386294
 -1.267689 -1.686398 -1.167605 -1.504077
 -1.386294 -1.386294 -1.386294 -1.386294
 -1.386294 -1.386294 -1.691674 -1.152681
 -1.609436 -1.609436 -1.832577 -0.820984
 -1.339775 -1.063522 -2.128227 -1.295323
 -1.321756 -1.455287 -1.098614 -1.791756
 -1.260254 -1.208961 -2.007463 -1.260254
 -1.637607 -1.098614 -1.443452 -1.443452
 -0.955514 -2.005327 -1.386294 -1.466336
 -1.884538 -0.872942 -1.324926 -1.804496
 -1.432040 0.000100 0.000100 0.000100
 -1.278498 0.000100 0.000100 0.000100
 -1.525650 0.000100 0.000100 0.000100
 -1.327106 0.000100 0.000100 0.000100
 -1.382048 -1.721915 -1.182920 -1.332451
 -1.552685 -1.170477 -1.681302 -1.231102
 -1.161284 -1.358643 -1.652403 -1.434150
 -1.926933 -1.260455 -1.042732 -1.521469
 -1.213023 -1.510857 -1.342234 -1.510857
 -1.325670 -1.434304 -1.556193 -1.254718
 -1.418043 -1.188469 -1.402043 -1.574885
 -1.551169 -1.496109 -1.231002 -1.301953
 -1.457010 -1.283347 -1.390319 -1.423108
 -1.386294 -1.354034 -1.833606 -1.102719
 -1.354546 -1.386294 -1.323774 -1.488077
 -1.686398 -1.175574 -1.303407 -1.450010
 -1.351808 -1.422012 -1.497520 -1.286211
 -1.072923 -1.517174 -1.420324 -1.624419
 -1.216932 -1.689838 -1.480746 -1.231531
 -2.010972 -1.206601 -1.246875 -1.274655
 -1.260668 -1.442990 -1.494283 -1.362947
 -1.373501 -1.340165 -1.600890 -1.261384
 -1.299283 -1.682275 -1.394593 -1.226258
 -1.903676 -1.197458 -1.321756 -1.264598
 -1.316451 -1.348712 -1.382048 -1.508342
 -1.303407 -1.450010 -1.561236 -1.258955
 -1.198242 -1.352393 -1.439404 -1.596589
 -2.116619 -1.124492 -1.256419 -1.309063
 -1.386294 -1.618096 -1.319603 -1.257083
 -1.256516 -1.561897 -1.616956 -1.180530
 -1.432618 -1.288369 -1.415524 -1.415524
 -1.537694 -1.198479 -1.284245 -1.576914
 -1.263062 -1.489835 -1.454117 -1.354034
 -1.445886 -1.428495 -1.682275 -1.082219
 -1.250691 -1.533553 -1.592976 -1.222117
 -1.523724 -1.344383 -1.314970 -1.374689
 -1.431108 -1.194720 -1.431108 -1.518120
 -1.242045 -1.439404 -1.757857 -1.198242
 -1.522426 -1.423336 -1.145133 -1.501807
 -1.577911 -1.307621 -1.479471 -1.219514
 -1.390595 -1.519213 -1.261384 -1.390595
 -1.326575 -1.466337 -1.535330 -1.243194
 -1.137833 -1.265667 -1.626679 -1.605173
 -1.965556 -1.154627 -1.192368 -1.421942
 -1.464937 -1.297884 -1.540445 -1.267578
 -1.492516 -1.509908 -1.563975 -1.064324
 -1.362197 -1.362197 -1.427794 -1.394458
 -1.557112 -1.518646 -1.254831 -1.254831
 -1.493124 -1.314076 -1.454658 -1.297816
 -1.297884 -1.540445 -1.483286 -1.252763
 -1.340165 -1.373501 -1.356694 -1.480746
 -2.100642 -1.338504 -1.081281 -1.286544
 -1.229452 -1.386294 -1.527945 -1.424761
 -1.256837 -1.816451 -1.362197 -1.214872
 -1.327454 -1.299283 -1.432814 -1.498412
 -1.697143 -1.198897 -1.211636 -1.525293
 -1.410587 -1.217396 -1.692819 -1.287355
 -1.354034 -1.454117 -1.545924 -1.220502
 -1.044125 -1.514127 -1.714798 -1.394327
 -1.630491 -1.061799 -1.455287 -1.491655
 -1.308333 -1.479290 -1.429694 -1.337320
 -1.500367 -1.483837 -1.624419 -1.040835
 -1.464663 -1.267953 -1.579732 -1.267953
 -1.885513 -1.506025 -1.231588 -1.094729
 -1.520490 -1.458615 -1.381654 -1.211755
 -1.356694 -1.407987 -1.666848 -1.174373
 -1.530394 -1.435084 -1.179738 -1.435084
 -1.982641 -1.231676 -1.220502 -1.289495
 -1.655718 -1.629743 -1.267953 -1.103651
 -1.518120 -1.351066 -1.518120 -1.194720
 -1.382441 -1.496385 -1.266369 -1.413693
 -1.953208 -1.174120 -1.326312 -1.260062
 -1.331960 -1.522003 -1.499014 -1.222761
 -1.289881 -1.191900 -1.702725 -1.431851
 -1.438202 -1.314970 -1.329569 -1.471539
 -1.774245 -1.301642 -1.502312 -1.091570
 -1.541901 -1.259335 -1.426389 -1.339378
 -1.605657 -1.465075 -1.448815 -1.098613
 -1.174120 -1.564986 -1.522426 -1.333185
 -1.491245 -1.298054 -1.368012 -1.397426
 -1.472126 -1.364880 -1.530394 -1.208311
 -1.394458 -1.479980 -1.676690 -1.086491
 -1.206826 -1.344447 -1.523495 -1.504077
 -1.717651 -1.240024 -1.240024 -1.419817
 -14.661381 -14.661381 -14.661381 -0.000001
 -14.751605 -14.751605 -14.751605 -0.000001
 -14.630877 -14.630877 -14.630877 -0.000001
 -14.808764 -14.808764 -14.808764 -0.000001
 -1.386294 -1.386294 -1.386294 -1.386294
 -1.386294 -1.386294 -1.386294 -1.386294
 -1.386294 -1.386294 -1.386294 -1.386294
 -1.544518 -1.164778 -1.398564 -1.479980
 -14.557449 -14.557449 -14.557449 -0.000001
 -14.937189 -14.937189 -14.937189 -0.000001
 -14.703403 -14.703403 -14.703403 -0.000001
 -14.621988 -14.621988 -14.621988 -0.000001
 -1.386294 -1.386294 -1.386294 -1.386294
 -1.386294 -1.386294 -1.386294 -1.386294
 -1.386294 -1.386294 -1.386294 -1.386294
 -0.000000 -16.101967 -16.101967 -16.101967
 -16.101967 -16.101967 -0.000000 -16.101967
 -1.386294 -1.386294 -1.386294 -1.386294
 -1.386294 -1.386294 -1.386294 -1.386294
 -1.386294 -1.386294 -1.386294 -1.386294
 -1.386294 -1.386294 -1.386294 -1.386294
 -1.386294 -1.386294 -1.386294 -1.386294
 -1.346448 -1.260414 -1.479980 -1.475525
 -1.386294 -1.386294 -1.386294 -1.386294
 -1.574885 -1.418043 -1.467640 -1.138458
 -1.570768 -1.411704 -1.504077 -1.120353
 -1.317302 -1.499623 -1.627456 -1.163151
 -1.889739 -1.390749 -1.355657 -1.072295
 -1.352718 -1.609437 -1.494368 -1.148623
 -1.369487 -1.532006 -1.274177 -1.386294
 -1.103107 -1.455928 -1.535970 -1.515351
 -1.707878 -1.337504 -1.257462 -1.302413
