 -1.393215 0.000100 0.000100 0.000100
 -1.421386 0.000100 0.000100 0.000100
 -1.718636 0.000100 0.000100 0.000100
 -1.105533 0.000100 0.000100 0.000100
 -1.386294 -1.098615 -1.791754 -1.386294
 -2.169040 -1.763583 -1.252764 -0.847303
 -0.693155 -1.648654 -2.564915 -1.466336
 -1.386294 -1.791755 -1.163152 -1.306252
 -1.152682 -1.335002 -1.845821 -1.335002
 -1.354546 -1.354546 -2.047681 -1.036096
 -0.857455 -1.417066 -1.704744 -1.887062
 -1.458614 -2.151752 -0.716682 -1.815285
 -1.481604 -1.076142 -1.704745 -1.386294
 -1.236764 -2.047681 -1.642224 -0.949085
 -0.720551 -1.308334 -2.224609 -2.001471
 -1.550595 -3.496420 -1.011605 -0.931563
 -1.586963 -1.011604 -1.992422 -1.219242
 -0.836254 -2.708014 -2.302565 -0.916296
 -1.098616 -0.836254 -1.455286 -12.611551
 -1.074517 -3.020385 -1.516346 -0.940987
 -1.343735 -1.263693 -1.749196 -1.263693
 -1.704744 -2.110200 -1.704744 -0.663301
 -1.139438 -1.832572 -1.427116 -1.272967
 -1.516346 -1.410987 -0.940987 -1.921806
 -1.070444 -1.475905 -2.169040 -1.157455
 -1.488076 -2.335355 -2.740803 -0.489556
 -0.810935 -1.280935 -3.583430 -1.386294
 -2.151752 -1.563974 -0.870832 -1.363305
 -1.609435 -0.744445 -2.302570 -1.491654
 -1.003306 -3.401111 -1.791753 -0.836254
 -0.653935 -1.427116 -1.832572 -2.525695
 -1.832577 -1.966107 -1.078812 -1.021654
 -1.049825 -1.123932 -2.079432 -1.609435
 -1.299284 -2.397874 -1.704744 -0.788463
 -1.321757 -1.321757 -2.014891 -1.098616
 -1.945903 -1.658225 -0.965084 -1.252764
 -1.045972 -1.213024 -2.917732 -1.213024
 -1.519824 -2.367103 -2.772551 -0.470011
 -1.131405 -0.949085 -2.335355 -1.642224
 -1.727217 -1.504076 -1.321756 -1.098615
 -1.691672 -1.239692 -2.028139 -0.929540
 -1.098615 -1.504076 -1.791754 -1.280935
 -0.641865 -2.944360 -2.251263 -1.152684
 -1.648656 -1.466336 -2.159475 -0.773193
 -1.584118 -1.024507 -1.871796 -1.265668
 -1.386294 -1.519824 -1.856290 -0.980833
 -1.152684 -1.152684 -1.845814 -1.558141
 -1.609436 -1.927886 -1.174121 -1.062896
 -1.417066 -0.788463 -3.496420 -1.299284
 -1.763583 -1.609435 -1.763583 -0.782765
 -0.869043 -0.869043 -12.644341 -1.824542
 -2.219192 -1.263693 -2.219192 -0.693152
 -12.676089 -12.676089 -12.676089 -0.000009
 -13.081550 -13.081550 -13.081550 -0.000006
 -11.695280 -11.695280 -11.695280 -0.000025
 -13.180640 -13.180640 -13.180640 -0.000006
 -1.386294 -1.386294 -1.386294 -1.386294
 -1.386294 -1.386294 -1.386294 -1.386294
 -1.386294 -1.386294 -1.386294 -1.386294
 -1.644528 -1.480226 -1.339148 -1.148093
 -0.767262 -1.029624 -2.639022 -2.233573
 -1.887062 -1.299284 -1.704744 -0.931563
 -0.693152 -1.335001 -1.845820 -2.538951
 -3.828550 -0.884206 -1.430746 -1.120593
 -1.691672 -0.998532 -2.944399 -0.929540
 -1.306252 -2.261751 -1.386294 -0.980832
 -1.021656 -1.272967 -1.832572 -1.609434
 -2.427727 -0.961415 -2.427727 -0.818315
 -1.386294 -1.268513 -2.772551 -0.900791
 -1.466336 -1.178657 -1.871796 -1.178657
 -1.252765 -1.435084 -2.351344 -0.965087
 -2.024375 -1.773064 -1.262243 -0.879252
 -1.203975 -1.321757 -2.302565 -1.098616
 -1.609435 -0.990402 -1.763583 -1.358124
 -1.427116 -1.139438 -2.525695 -1.021656
 -2.215564 -1.442383 -1.234746 -1.011603
 -1.386294 -1.386294 -2.639022 -0.847304
 -1.172722 -1.658225 -1.945903 -1.029622
 -0.993257 -1.504076 -2.197206 -1.216398
 -2.261751 -1.791755 -1.386294 -0.735711
 -1.763583 -1.252764 -2.862162 -0.722140
 -1.064715 -1.170074 -3.367210 -1.170074
 -1.056058 -1.749192 -1.526054 -1.343735
 -1.980996 -1.064713 -1.170073 -1.575535
 -0.632529 -1.519824 -12.676088 -1.386294
 -1.196252 -1.276294 -2.151752 -1.196252
 -0.485517 -2.564914 -2.159466 -1.648654
 -3.091002 -1.219242 -1.145134 -1.076142
 -0.000006 -13.081550 -13.081550 -13.081550
 -0.000009 -12.736712 -12.736712 -12.736712
 -0.000014 -12.301401 -12.301401 -12.301401
 -0.000007 -12.923923 -12.923923 -12.923923
 -14.187077 -0.000002 -14.187077 -14.187077
 -1.386294 -1.386294 -1.386294 -1.386294
 -1.386294 -1.386294 -1.386294 -1.386294
 -1.386294 -1.386294 -1.386294 -1.386294
 -1.386294 -1.386294 -1.386294 -1.386294
 -0.000002 -14.187077 -14.187077 -14.187077
 -1.386294 -1.386294 -1.386294 -1.386294
 -1.386294 -1.386294 -1.386294 -1.386294
 -14.187077 -14.187077 -0.000002 -14.187077
 -1.386294 -1.386294 -1.386294 -1.386294
 -1.386294 -1.386294 -1.386294 -1.386294
 -1.386294 -1.386294 -1.386294 -1.386294
 -1.386294 -1.386294 -1.386294 -1.386294
 -1.386294 -1.386294 -1.386294 -1.386294
 -1.421386 -1.542746 -1.025491 -1.680896
 -1.386294 -1.386294 -1.386294 -1.386294
 -2.862162 -1.358124 -1.157455 -0.990402
 -1.488076 -1.236764 -2.047681 -1.036096
 -1.553347 -1.312187 -1.754016 -1.060874
 -1.909532 -0.993257 -1.349927 -1.504076
 -0.980835 -1.098616 -3.177970 -1.386294
 -1.252764 -1.252764 -1.945903 -1.252764
 -1.236764 -1.236764 -1.642224 -1.488076
 -1.791755 -0.980832 -2.261751 -1.037990
 -1.320045 0.000100 0.000100 0.000100
 -1.320045 0.000100 0.000100 0.000100
 -1.525714 0.000100 0.000100 0.000100
 -1.393167 0.000100 0.000100 0.000100
 -1.682559 -1.178656 -1.386294 -1.360977
 -1.221215 -1.412270 -1.523495 -1.412270
 -1.442989 -1.410200 -1.206601 -1.511982
 -1.680896 -1.239064 -1.339148 -1.339148
 -1.704747 -1.245216 -1.121603 -1.586964
 -1.177084 -1.457986 -1.634916 -1.331235
 -1.315067 -1.175305 -1.671741 -1.448598
 -1.834318 -1.141173 -1.358895 -1.332227
 -1.223776 -1.545359 -1.446919 -1.357307
 -1.333804 -1.226174 -1.534474 -1.480407
 -1.150285 -1.350955 -1.468738 -1.638636
 -1.588531 -1.242255 -1.242255 -1.521839
 -1.342674 -1.318576 -1.500897 -1.392684
 -1.054442 -1.488077 -1.865370 -1.305756
 -1.393412 -1.211091 -1.393412 -1.581463
 -1.784153 -1.441210 -1.441210 -1.025051
 -1.497520 -1.558144 -1.262681 -1.262681
 -1.399717 -1.078810 -1.643339 -1.514127
 -1.067114 -1.570217 -1.217396 -1.883873
 -1.655048 -1.295046 -1.164426 -1.500897
 -1.332227 -1.750936 -1.256242 -1.280934
 -1.360319 -1.527373 -1.656584 -1.092056
 -1.695298 -1.073612 -1.596859 -1.301395
 -1.923093 -1.256617 -1.466337 -1.083346
 -1.427116 -1.570217 -1.244795 -1.331806
 -1.448598 -1.448598 -1.420427 -1.242747
 -1.193923 -1.448815 -1.417066 -1.515506
 -1.923685 -1.249958 -1.192800 -1.331636
 -1.930756 -0.983378 -1.542992 -1.319849
 -1.561647 -1.436484 -1.299283 -1.273965
 -1.628607 -1.349023 -1.233954 -1.373716
 -1.728043 -1.527373 -1.262681 -1.132061
 -1.207094 -1.453953 -1.453953 -1.453953
 -1.124421 -1.227605 -1.724040 -1.590509
 -1.312187 -1.523495 -1.243194 -1.494508
 -2.266650 -1.056816 -1.187844 -1.410987
 -1.266948 -1.659989 -1.521839 -1.171638
 -1.216396 -1.450010 -1.791758 -1.195776
 -1.105393 -1.500704 -1.596014 -1.413693
 -1.791758 -0.857451 -1.586964 -1.586964
 -1.485385 -1.355332 -1.156882 -1.603168
 -1.741115 -1.252763 -1.323381 -1.299283
 -1.279197 -1.377636 -1.310945 -1.609437
 -1.958812 -1.243194 -1.288656 -1.221215
 -1.626679 -1.098613 -1.766440 -1.206826
 -1.218757 -1.380025 -1.405342 -1.572396
 -1.344745 -1.255798 -1.392373 -1.579584
 -1.466337 -1.299283 -1.528857 -1.273965
 -14.193950 -14.193950 -14.193950 -0.000002
 -14.316288 -14.316288 -14.316288 -0.000002
 -14.085541 -14.085541 -14.085541 -0.000002
 -14.166170 -14.166170 -14.166170 -0.000002
 -1.386294 -1.386294 -1.386294 -1.386294
 -1.386294 -1.386294 -1.386294 -1.386294
 -1.386294 -1.386294 -1.386294 -1.386294
 -2.093234 -1.154965 -1.222407 -1.320045
 -1.878767 -1.057792 -1.332227 -1.443452
 -1.040549 -1.453735 -1.501363 -1.659587
 -1.276294 -1.433922 -1.196251 -1.713506
 -1.871801 -1.060873 -1.199709 -1.615868
 -1.147065 -1.531476 -1.531476 -1.386294
 -1.659762 -1.482832 -1.380178 -1.104767
 -1.284715 -1.572396 -1.457986 -1.262242
 -1.600703 -1.072638 -1.600703 -1.368903
 -1.239064 -1.239064 -1.542746 -1.575536
 -1.616555 -1.483024 -1.547562 -1.016935
 -1.306830 -1.335001 -1.456362 -1.456362
 -2.014901 -0.931559 -1.468359 -1.417066
 -1.633154 -1.450833 -1.114361 -1.418043
 -1.170072 -1.548137 -1.330414 -1.548137
 -1.129866 -1.371027 -1.341174 -1.823010
 -1.805003 -1.497520 -1.132061 -1.239691
 -1.245937 -1.346021 -1.487099 -1.487099
 -1.463852 -1.463852 -1.234279 -1.401332
 -1.313022 -1.403994 -1.229641 -1.645155
 -1.999975 -1.061709 -1.456362 -1.252763
 -1.624143 -1.282395 -1.282395 -1.393620
 -1.472727 -1.392684 -1.655048 -1.105003
 -1.223776 -1.180291 -1.419520 -1.852383
 -2.086765 -0.894630 -1.336462 -1.587776
 -1.301953 -1.692818 -1.217396 -1.394326
 -1.321756 -1.609437 -1.241713 -1.408767
 -0.941428 -1.616555 -1.483024 -1.690662
 -1.749199 -1.749199 -0.995429 -1.263692
 -0.000002 -14.291747 -14.291747 -14.291747
 -0.000003 -13.919874 -13.919874 -13.919874
 -0.000002 -14.357838 -14.357838 -14.357838
 -0.000002 -14.151986 -14.151986 -14.151986
 -15.580242 -0.000001 -15.580242 -15.580242
 -1.386294 -1.386294 -1.386294 -1.386294
 -1.386294 -1.386294 -1.386294 -1.386294
 -1.386294 -1.386294 -1.386294 -1.386294
 -1.386294 -1.386294 -1.386294 -1.386294
 -0.000001 -15.580242 -15.580242 -15.580242
 -1.386294 -1.386294 -1.386294 -1.386294
 -1.386294 -1.386294 -1.386294 -1.386294
 -15.580242 -15.580242 -0.000001 -15.580242
 -1.386294 -1.386294 -1.386294 -1.386294
 -1.386294 -1.386294 -1.386294 -1.386294
 -1.386294 -1.386294 -1.386294 -1.386294
 -1.386294 -1.386294 -1.386294 -1.386294
 -1.386294 -1.386294 -1.386294 -1.386294
 -1.326476 -1.076596 -1.574110 -1.678553
 -1.386294 -1.386294 -1.386294 -1.386294
 -1.092182 -1.711220 -1.282225 -1.577689
 -1.103651 -1.422104 -1.709785 -1.401484
 -1.330055 -1.463586 -1.428495 -1.330055
 -1.600305 -1.080431 -1.395511 -1.555853
 -1.104444 -1.592146 -1.592146 -1.340832
 -1.259881 -1.483024 -1.452252 -1.365241
 -1.408767 -1.216396 -1.537978 -1.408767
 -1.545359 -1.545359 -1.478667 -1.062508
