 -1.221388 0.000100 0.000100 0.000100
 -1.613430 0.000100 0.000100 0.000100
 -1.431108 0.000100 0.000100 0.000100
 -1.320760 0.000100 0.000100 0.000100
 -1.085191 -1.470851 -1.739113 -1.359626
 -1.078812 -1.714795 -1.832577 -1.139436
 -1.049824 -1.529394 -1.529394 -1.529394
 -1.160171 -1.719784 -1.496642 -1.260254
 -1.295323 -1.252764 -1.791757 -1.295323
 -0.887306 -2.140057 -2.140057 -1.041456
 -1.326871 -1.694593 -1.406914 -1.183772
 -1.371479 -1.432104 -1.208961 -1.565634
 -1.359626 -1.126012 -2.358146 -1.126012
 -1.174121 -1.810105 -1.609436 -1.116963
 -1.466336 -1.178656 -1.754016 -1.243194
 -1.850597 -1.475906 -0.916293 -1.540444
 -1.438480 -1.187167 -1.998090 -1.133100
 -1.341174 -1.776489 -1.609436 -0.996335
 -1.442383 -1.116963 -1.234746 -1.927886
 -1.443452 -1.185625 -1.568615 -1.386294
 -1.166436 -1.115143 -2.164956 -1.402823
 -1.526055 -2.154658 -1.669155 -0.737602
 -1.118032 -1.178656 -1.871797 -1.553347
 -1.189585 -1.526055 -1.098614 -1.931517
 -1.568615 -1.141173 -1.568615 -1.332227
 -1.033017 -2.285768 -2.285768 -0.819444
 -0.712954 -1.292769 -2.545514 -1.852379
 -1.015232 -1.461517 -1.289668 -2.036876
 -1.318853 -1.196252 -1.889395 -1.276294
 -1.679640 -1.998090 -2.131620 -0.581034
 -1.076142 -1.011604 -1.992422 -1.838274
 -1.293922 -1.929905 -0.908261 -1.729236
 -1.704746 -1.145134 -1.791756 -1.098614
 -1.187167 -1.880309 -2.285768 -0.819444
 -0.753775 -1.366876 -1.734598 -2.322376
 -1.139435 -1.832578 -1.098614 -1.678429
 -1.312187 -0.955513 -2.159478 -1.466337
 -1.368276 -2.061416 -2.061416 -0.711500
 -0.887306 -1.629238 -1.446918 -1.852379
 -1.069200 -2.125244 -1.026641 -1.719784
 -1.479076 -0.935462 -2.983134 -1.111353
 -1.442383 -2.621021 -1.522426 -0.749240
 -1.312187 -1.060874 -2.159475 -1.312187
 -1.129866 -2.094939 -1.401798 -1.178656
 -1.054162 -1.098614 -2.580203 -1.417066
 -1.712976 -2.164956 -2.319104 -0.499960
 -0.998532 -1.072640 -2.251277 -1.691672
 -1.409825 -1.509908 -1.196252 -1.458615
 -1.143065 -1.143065 -2.624654 -1.238375
 -1.625965 -2.031426 -1.545923 -0.778672
 -0.823204 -2.327262 -2.327262 -1.005525
 -1.437587 -1.984127 -1.123931 -1.203974
 -1.004585 -0.707335 -1.960090 -13.473026
 -1.034076 -0.973452 -1.321756 -13.017012
 -0.693151 -1.386294 -1.386294 -13.081550
 -1.632694 -0.882391 -0.939549 -13.676253
 -1.327798 -0.755281 -13.629186 -1.327798
 -1.386294 -1.609437 -1.560647 -1.078811
 -0.887305 -1.511457 -1.821609 -1.580449
 -1.386294 -1.386294 -1.386294 -1.386294
 -1.678429 -1.139435 -2.371569 -0.916293
 -1.308333 -1.819155 -1.739113 -0.936771
 -1.067844 -1.673972 -1.673972 -1.268513
 -1.945906 -1.475906 -1.304057 -1.029621
 -1.522426 -1.442383 -1.927886 -0.916294
 -1.170073 -1.287855 -1.863214 -1.352393
 -0.916294 -1.609436 -2.014895 -1.321756
 -1.760009 -1.536867 -1.441557 -0.977253
 -1.386294 -1.214445 -2.772570 -0.940009
 -1.287855 -1.495493 -2.114525 -0.969403
 -0.973452 -1.860747 -1.727217 -1.241714
 -1.791757 -1.098614 -1.540444 -1.252764
 -1.504077 -1.052094 -1.945905 -1.252764
 -1.639742 -1.902103 -1.565634 -0.803498
 -0.902872 -1.665004 -3.610829 -0.971864
 -2.032917 -1.098614 -1.722765 -1.029621
 -1.262243 -1.485384 -2.024375 -1.025855
 -1.113652 -1.639742 -2.007463 -1.069200
 -1.098615 -1.717647 -1.584118 -1.265668
 -1.688574 -1.302913 -1.154494 -1.477266
 -1.719784 -0.770708 -4.204598 -1.069200
 -1.403994 -1.152681 -1.845823 -1.270463
 -1.405342 -1.331235 -1.197704 -1.667704
 -1.906166 -1.168572 -1.359626 -1.259543
 -1.139436 -1.203974 -2.813385 -1.139436
 -1.020362 -1.815287 -1.889395 -1.122144
 -1.034076 -1.727217 -3.113474 -0.862227
 -2.051265 -0.952660 -1.850597 -1.113002
 -0.000004 -13.487012 -13.487012 -13.487012
 -0.000005 -13.369229 -13.369229 -13.369229
 -0.000010 -12.577650 -12.577650 -12.577650
 -0.000003 -13.664692 -13.664692 -13.664692
 -14.735795 -0.000001 -14.735795 -14.735795
 -1.386294 -1.386294 -1.386294 -1.386294
 -1.386294 -1.386294 -1.386294 -1.386294
 -1.386294 -1.386294 -1.386294 -1.386294
 -1.386294 -1.386294 -1.386294 -1.386294
 -0.000001 -14.735795 -14.735795 -14.735795
 -1.386294 -1.386294 -1.386294 -1.386294
 -1.386294 -1.386294 -1.386294 -1.386294
 -14.735795 -14.735795 -0.000001 -14.735795
 -1.386294 -1.386294 -1.386294 -1.386294
 -1.386294 -1.386294 -1.386294 -1.386294
 -1.386294 -1.386294 -1.386294 -1.386294
 -1.386294 -1.386294 -1.386294 -1.386294
 -1.386294 -1.386294 -1.386294 -1.386294
 -1.431108 -1.555161 -1.014594 -1.675305
 -1.386294 -1.386294 -1.386294 -1.386294
 -1.321756 -1.609436 -1.529394 -1.149907
 -1.405342 -1.405342 -1.773064 -1.079922
 -1.566420 -1.215023 -1.738269 -1.143565
 -2.240698 -1.077561 -1.211092 -1.365241
 -0.925772 -1.331235 -2.360842 -1.405342
 -0.961413 -1.446919 -1.916918 -1.446919
 -0.955514 -1.312187 -1.648656 -1.871797
 -1.791757 -1.178656 -1.360977 -1.312187
 -1.365478 0.000100 0.000100 0.000100
 -1.330463 0.000100 0.000100 0.000100
 -1.401763 0.000100 0.000100 0.000100
 -1.451477 0.000100 0.000100 0.000100
 -1.415675 -1.501853 -1.397493 -1.247211
 -1.313724 -1.282225 -1.478598 -1.488077
 -1.187936 -1.496027 -1.283246 -1.639921
 -1.893888 -1.217003 -1.093770 -1.521214
 -1.386294 -1.424394 -1.349593 -1.386294
 -1.229596 -1.359861 -1.519826 -1.460402
 -1.265475 -1.265475 -1.471967 -1.578347
 -1.985915 -1.027661 -1.275069 -1.489478
 -1.395684 -1.494775 -1.238842 -1.434150
 -1.220168 -1.501070 -1.575871 -1.290619
 -1.155771 -1.297741 -1.433697 -1.750937
 -1.916423 -1.134149 -1.214838 -1.450667
 -1.206954 -1.748084 -1.284512 -1.386294
 -1.426749 -1.281815 -1.435966 -1.408567
 -1.362091 -1.511903 -1.179769 -1.532312
 -1.836879 -1.215477 -1.159237 -1.467972
 -1.337842 -1.319984 -1.337842 -1.570035
 -1.434613 -1.395773 -1.475022 -1.253943
 -1.199965 -1.335403 -1.431476 -1.625632
 -1.931521 -1.205585 -1.263692 -1.298478
 -1.602354 -1.480657 -1.177471 -1.335475
 -1.276294 -1.388411 -1.553925 -1.346911
 -1.039579 -1.350892 -1.574036 -1.713798
 -1.820747 -1.286665 -1.236234 -1.304056
 -1.437349 -1.427871 -1.231498 -1.466337
 -1.335900 -1.463345 -1.406726 -1.344484
 -1.161351 -1.480704 -1.500705 -1.441864
 -1.782457 -1.207093 -1.271631 -1.376992
 -1.548949 -1.266717 -1.308564 -1.445765
 -1.428258 -1.199417 -1.528342 -1.418780
 -1.304402 -1.280496 -1.451854 -1.529563
 -2.005664 -1.131634 -1.278616 -1.329910
 -1.175362 -1.415748 -1.415748 -1.580827
 -1.191234 -1.348554 -1.590389 -1.458038
 -1.201698 -1.357112 -1.551900 -1.469379
 -1.899497 -1.137358 -1.369804 -1.289043
 -1.316451 -1.407801 -1.285198 -1.557613
 -1.272966 -1.409724 -1.375823 -1.499876
 -1.118918 -1.422104 -1.371331 -1.723772
 -1.856297 -1.234895 -1.294487 -1.277095
 -1.227748 -1.408567 -1.464137 -1.464137
 -1.300772 -1.237259 -1.593933 -1.450833
 -1.222057 -1.244198 -1.497646 -1.642227
 -1.722766 -1.217672 -1.356141 -1.317302
 -1.208311 -1.390633 -1.399366 -1.581688
 -1.108848 -1.376163 -1.826996 -1.360162
 -1.066708 -1.494152 -1.340001 -1.774453
 -2.014902 -1.216395 -1.151857 -1.369158
 -1.027995 -1.278498 -1.011093 -15.408820
 -0.971225 -1.137210 -1.201748 -15.317364
 -0.812693 -1.400479 -1.171638 -15.264781
 -1.708581 -0.871396 -0.915016 -15.181603
 -1.376442 -1.242094 -1.423273 -1.524078
 -1.368276 -1.253673 -1.530795 -1.412078
 -1.277953 -1.326743 -1.378037 -1.589733
 -1.386294 -1.386294 -1.386294 -1.386294
 -1.184638 -1.469959 -1.289211 -1.667490
 -1.346449 -1.242652 -1.479980 -1.497998
 -1.204773 -1.437966 -1.448119 -1.479209
 -1.869234 -1.290751 -1.184456 -1.328850
 -1.273910 -1.629461 -1.235295 -1.454658
 -1.183623 -1.417617 -1.533130 -1.445268
 -1.247296 -1.728043 -1.209838 -1.440361
 -1.716205 -1.373716 -1.174865 -1.353913
 -1.386294 -1.178655 -1.504077 -1.513739
 -1.248824 -1.152680 -1.609438 -1.622683
 -1.299966 -1.220502 -1.508184 -1.555586
 -1.857717 -1.187560 -1.374543 -1.251582
 -1.281405 -1.456969 -1.231808 -1.621272
 -1.093041 -1.541066 -1.567499 -1.418464
 -1.081046 -1.584436 -1.278405 -1.730390
 -1.652646 -1.371479 -1.208961 -1.361723
 -1.396166 -1.597719 -1.061964 -1.588057
 -1.256549 -1.721256 -1.301805 -1.329976
 -1.284373 -1.315872 -1.529065 -1.434655
 -1.601716 -1.323696 -1.204835 -1.458615
 -1.546442 -1.180338 -1.381820 -1.475346
 -1.305104 -1.342492 -1.453157 -1.453157
 -1.239872 -1.311331 -1.267846 -1.834579
 -2.084331 -1.110883 -1.228665 -1.371766
 -1.386294 -1.416754 -1.042705 -1.864330
 -1.120331 -1.565496 -1.386294 -1.537844
 -1.090084 -1.454981 -1.318015 -1.815595
 -1.797036 -1.080359 -1.111858 -1.797036
 -0.000001 -15.398605 -15.398605 -15.398605
 -0.000001 -15.301651 -15.301651 -15.301651
 -0.000001 -15.462245 -15.462245 -15.462245
 -0.000001 -14.950134 -14.950134 -14.950134
 -16.682842 -0.000000 -16.682842 -16.682842
 -1.386294 -1.386294 -1.386294 -1.386294
 -1.386294 -1.386294 -1.386294 -1.386294
 -1.386294 -1.386294 -1.386294 -1.386294
 -1.386294 -1.386294 -1.386294 -1.386294
 -0.000000 -16.682842 -16.682842 -16.682842
 -1.386294 -1.386294 -1.386294 -1.386294
 -1.386294 -1.386294 -1.386294 -1.386294
 -16.682842 -16.682842 -0.000000 -16.682842
 -1.386294 -1.386294 -1.386294 -1.386294
 -1.386294 -1.386294 -1.386294 -1.386294
 -1.386294 -1.386294 -1.386294 -1.386294
 -1.386294 -1.386294 -1.386294 -1.386294
 -1.386294 -1.386294 -1.386294 -1.386294
 -1.313405 -1.099181 -1.561704 -1.670382
 -1.386294 -1.386294 -1.386294 -1.386294
 -1.268746 -1.396921 -1.440596 -1.449565
 -1.174823 -1.482971 -1.537038 -1.389713
 -1.325829 -1.210316 -1.580063 -1.468145
 -1.724580 -1.014627 -1.458313 -1.484630
 -1.310671 -1.559738 -1.192014 -1.529885
 -1.117540 -1.482438 -1.446398 -1.558665
 -1.156523 -1.393997 -1.373588 -1.692041
 -1.715598 -1.417966 -1.157889 -1.332606
