 -1.205323 0.000100 0.000100 0.000100
 -1.617568 0.000100 0.000100 0.000100
 -1.484036 0.000100 0.000100 0.000100
 -1.289881 0.000100 0.000100 0.000100
 -1.008230 -1.413693 -1.470851 -1.819155
 -1.589233 -1.812374 -1.493924 -0.896091
 -0.806479 -1.945905 -1.945905 -1.317302
 -1.734599 -1.223776 -1.084015 -1.654557
 -1.259543 -1.308333 -2.694613 -0.971862
 -1.280935 -1.909537 -1.504076 -1.044547
 -1.369487 -1.187167 -1.592629 -1.438480
 -1.321756 -1.897115 -0.958853 -1.609436
 -1.371479 -1.496642 -2.007463 -0.946598
 -1.368276 -1.522426 -2.061416 -0.916294
 -1.060874 -1.243194 -2.159475 -1.386294
 -1.725508 -1.457246 -1.154966 -1.294728
 -1.293922 -1.036094 -1.729236 -1.642226
 -1.369487 -1.438480 -1.679640 -1.133100
 -2.197213 -1.034076 -1.504076 -1.167607
 -1.561235 -1.450010 -1.398717 -1.175574
 -1.686396 -1.280935 -1.424034 -1.216397
 -1.318241 -1.864781 -1.864781 -0.861485
 -0.906724 -1.243194 -2.564932 -1.466336
 -1.252764 -1.540444 -1.415282 -1.358124
 -1.203974 -1.029621 -2.169047 -1.475906
 -1.540444 -1.722764 -1.722764 -0.847301
 -1.241714 -1.167607 -1.860747 -1.408767
 -1.286211 -1.691674 -1.111859 -1.558144
 -0.946598 -1.432104 -2.007463 -1.432104
 -1.658226 -2.351365 -1.504077 -0.709151
 -1.272967 -1.078812 -2.525712 -1.203974
 -1.565634 -1.902103 -0.908858 -1.432104
 -1.245217 -1.145134 -1.992425 -1.356442
 -1.812374 -2.505509 -1.252764 -0.756330
 -0.810933 -1.591087 -1.591087 -1.909537
 -1.466337 -1.412270 -1.178656 -1.523495
 -1.461517 -0.832912 -2.624654 -1.343735
 -1.927886 -1.609436 -1.522426 -0.829283
 -1.015923 -1.116006 -2.114525 -1.662545
 -1.038895 -2.228469 -1.038895 -1.689478
 -1.128467 -0.887305 -2.610056 -1.654557
 -1.432104 -2.818379 -2.007463 -0.567110
 -1.142099 -1.211092 -1.547561 -1.770702
 -1.229949 -1.776489 -1.229949 -1.401798
 -1.141173 -1.057792 -2.484895 -1.386294
 -1.558143 -2.656739 -1.845823 -0.577319
 -1.196252 -0.870832 -1.815285 -2.151752
 -1.321756 -1.484274 -1.544899 -1.226446
 -1.174986 -1.041456 -3.120868 -1.223776
 -2.079435 -1.386294 -2.772570 -0.575368
 -0.641859 -1.335001 -2.944399 -1.845820
 -2.041215 -1.348073 -1.348073 -1.047970
 -1.438480 -1.081807 -2.691225 -1.033017
 -1.763586 -1.683544 -1.850597 -0.722137
 -0.802353 -1.421385 -1.980990 -1.757852
 -1.598264 -1.492904 -1.121342 -1.397594
 -1.098614 -1.270463 -2.656739 -1.152681
 -1.049824 -1.609436 -2.302575 -1.049824
 -0.826682 -1.791755 -2.261751 -1.232145
 -1.462280 -1.634129 -1.634129 -0.972734
 -1.437587 -1.086191 -2.995712 -0.980831
 -1.312187 -1.553347 -2.159475 -0.906724
 -0.869043 -1.642224 -1.642224 -1.642224
 -2.128227 -1.252764 -1.540444 -0.965083
 -1.828123 -1.080915 -2.926713 -0.806479
 -1.821609 -1.654557 -2.022278 -0.664163
 -1.446918 -1.734596 -1.580448 -0.961415
 -1.849576 -1.310583 -1.492904 -1.054650
 -1.172722 -1.945903 -2.639034 -0.741942
 -1.488076 -1.824546 -1.488076 -0.949083
 -1.178657 -2.054114 -1.360977 -1.178657
 -2.159480 -1.118031 -1.553348 -1.060873
 -1.533929 -1.852379 -2.322376 -0.635993
 -1.609436 -1.234746 -2.061416 -0.962813
 -1.493924 -1.119233 -2.282371 -1.058609
 -2.324557 -0.884204 -1.631416 -1.225952
 -1.252764 -1.172722 -2.351360 -1.172722
 -1.312187 -1.648657 -1.871799 -0.955513
 -1.763583 -1.252764 -2.456714 -0.782765
 -2.730017 -0.938271 -2.036878 -0.884204
 -1.609436 -0.973452 -2.420352 -1.098614
 -1.665006 -1.085191 -1.819155 -1.168572
 -1.824542 -1.488076 -1.642224 -0.869043
 -2.089800 -1.108976 -1.439216 -1.173514
 -12.899230 -12.899230 -12.899230 -0.000008
 -13.604795 -13.604795 -13.604795 -0.000004
 -13.017012 -13.017012 -13.017012 -0.000007
 -13.604795 -13.604795 -13.604795 -0.000004
 -1.386294 -1.386294 -1.386294 -1.386294
 -1.386294 -1.386294 -1.386294 -1.386294
 -1.386294 -1.386294 -1.386294 -1.386294
 -14.719730 -1.398515 -0.713599 -1.335001
 -1.386294 -1.386294 -1.386294 -1.386294
 -13.321220 -0.000005 -13.321220 -13.321220
 -14.006134 -0.000002 -14.006134 -14.006134
 -13.384734 -0.000005 -13.384734 -13.384734
 -1.386294 -1.386294 -1.386294 -1.386294
 -0.000001 -14.719730 -14.719730 -14.719730
 -1.386294 -1.386294 -1.386294 -1.386294
 -1.386294 -1.386294 -1.386294 -1.386294
 -14.719730 -14.719730 -0.000001 -14.719730
 -1.386294 -1.386294 -1.386294 -1.386294
 -1.386294 -1.386294 -1.386294 -1.386294
 -1.386294 -1.386294 -1.386294 -1.386294
 -1.386294 -1.386294 -1.386294 -1.386294
 -1.386294 -1.386294 -1.386294 -1.386294
 -1.275282 -1.539096 -1.127362 -1.702725
 -1.386294 -1.386294 -1.386294 -1.386294
 -1.595048 -1.289668 -1.669155 -1.098614
 -1.773064 -1.331235 -1.262243 -1.262243
 -1.609437 -1.163152 -1.897117 -1.086191
 -2.014895 -1.098615 -1.321756 -1.321756
 -1.167607 -1.167607 -2.014895 -1.408767
 -1.892560 -1.199418 -1.805550 -0.958257
 -1.466336 -1.243195 -1.466336 -1.386294
 -1.571216 -1.208312 -1.299283 -1.510591
 -1.378553 0.000100 0.000100 0.000100
 -1.275306 0.000100 0.000100 0.000100
 -1.553758 0.000100 0.000100 0.000100
 -1.357669 0.000100 0.000100 0.000100
 -1.488773 -1.323381 -1.208311 -1.563434
 -1.470249 -1.155857 -1.690213 -1.306139
 -1.357694 -1.335388 -1.419729 -1.435858
 -1.849011 -0.988810 -1.488304 -1.407179
 -1.515506 -1.225671 -1.532898 -1.306252
 -1.409253 -1.281201 -1.448255 -1.414732
 -1.347207 -1.475040 -1.288938 -1.445187
 -1.619642 -1.166880 -1.306642 -1.514282
 -1.411340 -1.478782 -1.321314 -1.341382
 -1.289513 -1.333235 -1.537014 -1.402627
 -1.079100 -1.448974 -1.616027 -1.484565
 -1.718377 -1.194430 -1.545534 -1.188859
 -1.516696 -1.389434 -1.150071 -1.538357
 -1.496960 -1.079744 -1.578185 -1.468986
 -1.223776 -1.249093 -1.635510 -1.494928
 -1.996123 -1.012391 -1.369066 -1.400614
 -1.325558 -1.488077 -1.311374 -1.430919
 -1.308992 -1.395560 -1.439045 -1.406255
 -1.174906 -1.351836 -1.377982 -1.713130
 -1.806148 -1.146153 -1.192138 -1.540445
 -1.273885 -1.477113 -1.456206 -1.351536
 -1.331569 -1.431030 -1.625186 -1.203973
 -1.284361 -1.284361 -1.422720 -1.583343
 -1.837221 -1.216395 -1.328725 -1.274289
 -1.533331 -1.345934 -1.177420 -1.533331
 -1.439835 -1.285684 -1.598440 -1.257514
 -1.367147 -1.416627 -1.556388 -1.231893
 -1.955388 -0.949867 -1.373794 -1.520725
 -1.475422 -1.262500 -1.370909 -1.450316
 -1.296961 -1.286809 -1.475209 -1.506172
 -1.284295 -1.462987 -1.434414 -1.372961
 -1.828127 -1.192138 -1.129942 -1.548050
 -1.253628 -1.523292 -1.507544 -1.290670
 -1.301777 -1.358290 -1.615435 -1.301777
 -1.325300 -1.373794 -1.444563 -1.405343
 -1.798902 -1.111146 -1.569328 -1.213508
 -1.529016 -1.318068 -1.143960 -1.624326
 -1.533225 -1.139823 -1.555044 -1.373949
 -1.417066 -1.299283 -1.541708 -1.306252
 -2.043934 -0.941454 -1.404532 -1.448426
 -1.214336 -1.421975 -1.371964 -1.569028
 -1.370870 -1.325975 -1.407238 -1.444978
 -1.458120 -1.282916 -1.344285 -1.472406
 -1.855610 -1.093471 -1.184687 -1.595786
 -1.156182 -1.365532 -1.685700 -1.407497
 -1.303672 -1.353269 -1.669606 -1.266729
 -1.165623 -1.436938 -1.404987 -1.583541
 -1.791759 -1.222665 -1.371588 -1.254617
 -1.797857 -1.313055 -1.123229 -1.426610
 -1.457986 -1.103341 -1.651177 -1.411773
 -1.399565 -1.369487 -1.318935 -1.462578
 -1.929909 -0.957449 -1.342123 -1.562185
 -1.496782 -1.407437 -1.271771 -1.382119
 -1.311623 -1.436136 -1.326366 -1.481342
 -1.235722 -1.349480 -1.302413 -1.725269
 -1.919753 -1.134588 -1.232649 -1.425939
 -1.188601 -1.388017 -1.528469 -1.474402
 -1.234358 -1.383203 -1.603265 -1.358812
 -1.098612 -1.327327 -1.694431 -1.524280
 -1.831201 -1.098612 -1.493088 -1.266671
 -1.540937 -1.244672 -1.194661 -1.634869
 -1.465837 -1.234932 -1.682508 -1.229791
 -1.643889 -1.406416 -1.207965 -1.335798
 -1.929353 -1.132572 -1.339016 -1.307665
 -1.282177 -1.488669 -1.426426 -1.359735
 -1.178300 -1.416534 -1.567765 -1.422399
 -1.224090 -1.331235 -1.361448 -1.684514
 -1.877454 -1.024159 -1.319343 -1.511350
 -1.167267 -1.590658 -1.614188 -1.251974
 -1.267022 -1.491489 -1.696584 -1.171231
 -1.168571 -1.508309 -1.547225 -1.366227
 -1.683125 -1.251853 -1.402824 -1.264673
 -1.568616 -1.374460 -1.153672 -1.499623
 -1.422140 -1.132635 -1.707392 -1.365388
 -1.455287 -1.264598 -1.552279 -1.299937
 -2.066574 -0.967963 -1.390620 -1.408113
 -1.518646 -1.276810 -1.411400 -1.353771
 -1.408887 -1.297095 -1.707379 -1.200911
 -1.406634 -1.231185 -1.578056 -1.359803
 -1.712226 -1.080564 -1.483593 -1.373136
 -15.514790 -15.514790 -15.514790 -0.000001
 -15.792366 -15.792366 -15.792366 -0.000000
 -15.456448 -15.456448 -15.456448 -0.000001
 -15.702580 -15.702580 -15.702580 -0.000000
 -1.386294 -1.386294 -1.386294 -1.386294
 -1.386294 -1.386294 -1.386294 -1.386294
 -1.386294 -1.386294 -1.386294 -1.386294
 -17.012140 -0.935909 -1.168482 -1.214250
 -1.386294 -1.386294 -1.386294 -1.386294
 -16.076233 -0.000000 -16.076233 -16.076233
 -15.843659 -0.000000 -15.843659 -15.843659
 -15.797891 -0.000001 -15.797891 -15.797891
 -1.386294 -1.386294 -1.386294 -1.386294
 0.000000 -17.012140 -17.012140 -17.012140
 -1.386294 -1.386294 -1.386294 -1.386294
 -1.386294 -1.386294 -1.386294 -1.386294
 -17.012140 -17.012140 -0.000000 -17.012140
 -1.386294 -1.386294 -1.386294 -1.386294
 -1.386294 -1.386294 -1.386294 -1.386294
 -1.386294 -1.386294 -1.386294 -1.386294
 -1.386294 -1.386294 -1.386294 -1.386294
 -1.386294 -1.386294 -1.386294 -1.386294
 -1.284129 -1.206020 -1.408210 -1.719581
 -1.386294 -1.386294 -1.386294 -1.386294
 -1.128600 -1.513725 -1.507036 -1.448767
 -1.297463 -1.430995 -1.558828 -1.282575
 -1.120591 -1.549404 -1.526056 -1.409984
 -1.549619 -1.214685 -1.372689 -1.437828
 -1.504785 -1.524078 -1.051642 -1.557084
 -1.347471 -1.199965 -1.664270 -1.388017
 -1.564587 -1.085850 -1.530101 -1.440973
 -1.873437 -1.103526 -1.347828 -1.366876
