 -1.406255 0.000100 0.000100 0.000100
 -1.439045 0.000100 0.000100 0.000100
 -1.526056 0.000100 0.000100 0.000100
 -1.202656 0.000100 0.000100 0.000100
 -1.929905 -1.354546 -1.419084 -1.036094
 -1.386294 -1.529394 -1.529394 -1.149907
 -1.011603 -1.174121 -1.927886 -1.704745
 -1.497519 -2.028143 -0.998531 -1.286211
 -1.402823 -1.338285 -1.545923 -1.277661
 -1.627455 -1.828123 -1.627455 -0.806479
 -0.940009 -2.212965 -1.760985 -1.114362
 -1.280934 -1.974077 -1.098614 -1.386294
 -1.554629 -1.084628 -1.554629 -1.429466
 -1.252764 -1.658225 -2.128221 -0.904460
 -1.133100 -1.187167 -1.774949 -1.592629
 -1.621859 -1.561235 -1.027155 -1.450010
 -1.488076 -1.082614 -1.562184 -1.488076
 -0.908858 -2.125244 -1.496642 -1.371479
 -1.033017 -1.679640 -1.880309 -1.187167
 -1.341174 -1.178656 -1.466336 -1.609436
 -1.278406 -1.536234 -1.536234 -1.233954
 -1.261132 -1.529394 -2.708032 -0.836251
 -1.178656 -1.006807 -2.564932 -1.386294
 -1.488076 -1.236763 -1.419084 -1.419084
 -1.189585 -1.400893 -1.595048 -1.400893
 -1.314321 -1.432104 -2.258774 -0.946598
 -0.980833 -1.290985 -2.302570 -1.386294
 -1.635754 -1.571216 -1.165753 -1.252764
 -1.143065 -1.461517 -1.749197 -1.289668
 -1.203974 -2.148427 -2.302575 -0.727052
 -1.119233 -1.406913 -1.812374 -1.326871
 -1.321756 -1.373049 -1.427116 -1.427116
 -0.963439 -1.239692 -1.845824 -1.765782
 -1.424034 -2.043067 -2.197215 -0.656783
 -1.219242 -1.219242 -1.219242 -2.174741
 -1.233954 -1.971549 -1.233954 -1.278406
 -0.890975 -1.412270 -2.970395 -1.221215
 -1.485384 -1.331235 -2.871654 -0.792242
 -1.280935 -0.730891 -2.197215 -2.043067
 -1.654557 -1.511457 -0.961413 -1.580449
 -1.185625 -0.980831 -2.667214 -1.386294
 -2.001475 -1.819155 -2.358146 -0.497406
 -1.466336 -1.024507 -2.054114 -1.265668
 -1.275069 -1.916918 -0.961413 -1.654557
 -1.321756 -0.916293 -2.302575 -1.455287
 -1.658226 -2.533683 -2.063687 -0.505552
 -1.196252 -0.816765 -2.151752 -1.969433
 -1.421386 -1.757856 -0.910562 -1.693318
 -1.082614 -1.082614 -3.028495 -1.293922
 -1.745237 -3.044495 -2.063687 -0.429567
 -0.944464 -0.993254 -2.197215 -2.043067
 -1.213024 -1.596014 -1.531476 -1.259543
 -1.059393 -0.916293 -2.708035 -1.678429
 -1.880309 -1.592629 -2.691225 -0.551181
 -0.788463 -1.417066 -2.397874 -1.550595
 -1.363305 -1.681757 -1.235472 -1.318853
 -1.185625 -1.057792 -2.667214 -1.280934
 -1.245217 -1.624704 -1.624704 -1.145134
 -0.777709 -1.531475 -2.512283 -1.413693
 -1.265667 -1.648657 -1.360977 -1.312187
 -1.290985 -1.014732 -3.688834 -1.086191
 -1.471816 -1.402824 -1.913645 -0.975382
 -0.823204 -1.315677 -2.104124 -1.767657
 -1.429466 -1.554629 -1.429466 -1.171638
 -1.490090 -0.796946 -2.876366 -1.318241
 -1.203974 -1.945906 -1.763586 -0.952660
 -1.193925 -1.193925 -1.550595 -1.704744
 -1.804496 -1.324926 -1.479076 -1.073612
 -1.455287 -1.261132 -2.484893 -0.916293
 -1.457246 -1.517870 -1.892560 -0.923166
 -0.940987 -1.634128 -2.327262 -1.148625
 -1.804496 -1.037245 -1.596858 -1.278406
 -1.049824 -1.386294 -2.302575 -1.203974
 -1.595048 -1.595048 -2.036876 -0.768373
 -1.098615 -1.185626 -2.484885 -1.280935
 -2.174746 -1.432814 -1.532897 -0.839753
 -0.998531 -1.209839 -2.433600 -1.403994
 -1.402823 -1.338285 -1.545923 -1.277661
 -1.213024 -1.413693 -2.224609 -1.045972
 -2.187067 -1.252764 -1.640527 -0.896090
 -1.352393 -1.352393 -2.114526 -1.015923
 -1.358124 -1.358124 -1.763586 -1.157454
 -1.005525 -1.228667 -1.767657 -1.767657
 -2.351367 -1.063522 -1.339775 -1.211942
 -0.624158 -0.847301 -3.332161 -13.235699
 -0.971862 -0.936771 -1.470851 -13.514411
 -0.980832 -0.652330 -2.261751 -13.081550
 -1.321756 -0.706573 -1.427116 -13.527834
 -13.774693 -0.980831 -1.999395 -0.714203
 -13.955276 -1.700408 -0.601799 -1.310945
 -12.948019 -1.252764 -0.741942 -1.435084
 -1.386294 -1.386294 -1.386294 -1.386294
 -1.386294 -1.386294 -1.386294 -1.386294
 -13.444452 -0.000004 -13.444452 -13.444452
 -13.774693 -0.000003 -13.774693 -13.774693
 -13.687682 -0.000003 -13.687682 -13.687682
 -1.386294 -1.386294 -1.386294 -1.386294
 -0.000001 -14.743731 -14.743731 -14.743731
 -1.386294 -1.386294 -1.386294 -1.386294
 -1.386294 -1.386294 -1.386294 -1.386294
 -14.743731 -14.743731 -0.000001 -14.743731
 -1.386294 -1.386294 -1.386294 -1.386294
 -1.386294 -1.386294 -1.386294 -1.386294
 -1.386294 -1.386294 -1.386294 -1.386294
 -1.386294 -1.386294 -1.386294 -1.386294
 -1.386294 -1.386294 -1.386294 -1.386294
 -1.359002 -1.563097 -1.056053 -1.683241
 -1.386294 -1.386294 -1.386294 -1.386294
 -1.466336 -1.689478 -1.689478 -0.916293
 -1.572395 -1.485384 -1.773064 -0.925772
 -1.912384 -1.181501 -1.586964 -1.076141
 -1.904232 -2.058380 -0.959779 -1.077561
 -1.263693 -1.430746 -2.442331 -0.938273
 -1.403994 -1.047321 -1.845823 -1.403994
 -1.478101 -0.998531 -1.963604 -1.335001
 -1.441557 -1.131403 -1.354546 -1.699385
 -1.310523 0.000100 0.000100 0.000100
 -1.336470 0.000100 0.000100 0.000100
 -1.470471 0.000100 0.000100 0.000100
 -1.436611 0.000100 0.000100 0.000100
 -1.638677 -1.295555 -1.183201 -1.488458
 -1.367846 -1.187318 -1.588305 -1.443775
 -1.404620 -1.249013 -1.407175 -1.500951
 -1.950156 -1.050168 -1.393585 -1.348285
 -1.515127 -1.332806 -1.274635 -1.439904
 -1.299916 -1.385345 -1.383449 -1.485029
 -1.277963 -1.290360 -1.365909 -1.655087
 -1.848882 -1.155735 -1.213578 -1.466947
 -1.234325 -1.375976 -1.504688 -1.451199
 -1.264095 -1.335211 -1.585103 -1.388393
 -1.159304 -1.306087 -1.521356 -1.624541
 -1.802244 -1.208765 -1.314611 -1.317041
 -1.556932 -1.392242 -1.115465 -1.546754
 -1.454528 -1.186398 -1.655705 -1.308546
 -1.370546 -1.277511 -1.451214 -1.456649
 -1.912904 -1.068562 -1.385684 -1.352108
 -1.433591 -1.413844 -1.247005 -1.465432
 -1.309315 -1.312958 -1.475048 -1.460138
 -1.285066 -1.338214 -1.340399 -1.612880
 -1.966788 -1.103346 -1.230290 -1.443383
 -1.221188 -1.427219 -1.564798 -1.362520
 -1.186474 -1.427636 -1.564264 -1.404105
 -1.217278 -1.354749 -1.408817 -1.601862
 -1.872443 -1.134482 -1.341815 -1.334489
 -1.480848 -1.360167 -1.123224 -1.657013
 -1.497263 -1.125783 -1.605616 -1.381928
 -1.376344 -1.268511 -1.497226 -1.416754
 -2.137375 -1.052392 -1.304687 -1.340646
 -1.347235 -1.425487 -1.302549 -1.479231
 -1.295799 -1.379180 -1.392501 -1.486854
 -1.292006 -1.283859 -1.393059 -1.609438
 -1.879160 -1.098002 -1.204177 -1.542687
 -1.166716 -1.453763 -1.484694 -1.476871
 -1.182585 -1.437808 -1.589758 -1.377961
 -1.146373 -1.313117 -1.498669 -1.661759
 -1.824815 -1.213083 -1.254091 -1.362039
 -1.583991 -1.337995 -1.142338 -1.544577
 -1.470064 -1.193978 -1.535250 -1.379620
 -1.425465 -1.283912 -1.400019 -1.443671
 -2.181135 -0.966173 -1.306588 -1.444738
 -1.460793 -1.315611 -1.220301 -1.587207
 -1.290941 -1.250395 -1.494874 -1.540287
 -1.395592 -1.237368 -1.315380 -1.640958
 -2.040789 -1.084549 -1.192138 -1.476446
 -1.178336 -1.481349 -1.509841 -1.410859
 -1.140834 -1.384351 -1.562410 -1.512626
 -1.161651 -1.368238 -1.481819 -1.583517
 -1.785618 -1.175409 -1.344077 -1.336234
 -1.442736 -1.466676 -1.140642 -1.544518
 -1.480159 -1.215353 -1.551075 -1.332667
 -1.382509 -1.286512 -1.461083 -1.423646
 -2.219953 -1.051071 -1.269761 -1.343527
 -1.455782 -1.276928 -1.279413 -1.562132
 -1.318108 -1.261369 -1.524445 -1.463820
 -1.334563 -1.224432 -1.414606 -1.610533
 -1.889080 -1.122523 -1.174676 -1.539855
 -1.205012 -1.475517 -1.443343 -1.445985
 -1.195726 -1.438793 -1.638096 -1.324438
 -1.161043 -1.255822 -1.514683 -1.703084
 -1.801200 -1.158063 -1.403898 -1.290374
 -1.542190 -1.335315 -1.189435 -1.520424
 -1.503533 -1.162170 -1.579906 -1.351485
 -1.388895 -1.236979 -1.388895 -1.555712
 -2.035880 -1.003959 -1.297680 -1.470356
 -1.445862 -1.396217 -1.152210 -1.604513
 -1.293673 -1.261711 -1.436774 -1.585352
 -1.295952 -1.234849 -1.419084 -1.642228
 -1.746547 -1.139434 -1.218664 -1.560648
 -1.271276 -1.458674 -1.456133 -1.371027
 -1.166170 -1.484423 -1.570024 -1.371332
 -1.270362 -1.240228 -1.482571 -1.595049
 -1.751336 -1.184719 -1.373573 -1.318915
 -1.442095 -1.320279 -1.153844 -1.708786
 -1.406914 -1.248909 -1.662097 -1.278180
 -1.312817 -1.206286 -1.505970 -1.561458
 -1.980261 -1.034370 -1.420033 -1.328741
 -1.478500 -1.378552 -1.304261 -1.391489
 -1.350610 -1.303754 -1.356160 -1.552306
 -1.383342 -1.202594 -1.362338 -1.646178
 -2.176479 -1.116653 -1.133748 -1.438172
 -0.786595 -1.328101 -1.274298 -16.524893
 -0.895712 -1.208660 -1.227289 -16.809240
 -0.962015 -1.071793 -1.289227 -16.766769
 -1.413982 -0.894107 -1.055972 -16.548578
 -17.075144 -1.138571 -0.875469 -1.335385
 -16.941393 -1.057755 -1.247946 -1.006020
 -16.844194 -0.893334 -1.152277 -1.291732
 -1.386294 -1.386294 -1.386294 -1.386294
 -1.386294 -1.386294 -1.386294 -1.386294
 -17.022718 0.000000 -17.022718 -17.022718
 -16.990225 0.000000 -16.990225 -16.990225
 -16.853344 0.000000 -16.853344 -16.853344
 -1.386294 -1.386294 -1.386294 -1.386294
 0.000000 -18.056694 -18.056694 -18.056694
 -1.386294 -1.386294 -1.386294 -1.386294
 -1.386294 -1.386294 -1.386294 -1.386294
 -18.056694 -18.056694 0.000000 -18.056694
 -1.386294 -1.386294 -1.386294 -1.386294
 -1.386294 -1.386294 -1.386294 -1.386294
 -1.386294 -1.386294 -1.386294 -1.386294
 -1.386294 -1.386294 -1.386294 -1.386294
 -1.386294 -1.386294 -1.386294 -1.386294
 -1.353036 -1.135700 -1.467345 -1.661724
 -1.386294 -1.386294 -1.386294 -1.386294
 -1.231826 -1.516966 -1.436533 -1.381850
 -1.181234 -1.447255 -1.572926 -1.384504
 -1.263116 -1.329275 -1.613817 -1.372655
 -1.620109 -1.249735 -1.320998 -1.391616
 -1.392031 -1.392031 -1.188322 -1.618842
 -1.352587 -1.226102 -1.618778 -1.386876
 -1.327216 -1.228399 -1.423493 -1.603689
 -1.836315 -1.072020 -1.319751 -1.465000
