 -1.237199 0.000100 0.000100 0.000100
 -1.264598 0.000100 0.000100 0.000100
 -1.712622 0.000100 0.000100 0.000100
 -1.398129 0.000100 0.000100 0.000100
 -1.308333 -1.470851 -1.359626 -1.413693
 -1.098614 -1.386294 -1.504077 -1.637607
 -1.120593 -1.189586 -1.631414 -1.749196
 -1.578184 -1.309922 -1.252764 -1.435084
 -1.098614 -1.504077 -1.332227 -1.711715
 -1.054162 -1.704746 -2.110207 -1.054162
 -0.759842 -1.293922 -1.929905 -2.181216
 -1.609436 -1.011603 -1.609436 -1.442383
 -0.681721 -2.268677 -1.900956 -1.421386
 -0.878553 -1.609436 -2.094939 -1.341174
 -0.592056 -1.452252 -2.058380 -2.463837
 -2.233583 -1.029622 -1.540444 -1.134982
 -13.845074 -13.845074 -0.000003 -13.845074
 -13.180640 -13.180640 -0.000006 -13.180640
 -12.873912 -12.873912 -0.000008 -12.873912
 -13.304691 -13.304691 -0.000005 -13.304691
 -1.386294 -1.386294 -1.386294 -1.386294
 -1.386294 -1.386294 -1.386294 -1.386294
 -14.751605 -14.751605 -0.000001 -14.751605
 -1.386294 -1.386294 -1.386294 -1.386294
 -1.386294 -1.386294 -1.386294 -1.386294
 -1.386294 -1.386294 -1.386294 -1.386294
 -14.751605 -14.751605 -14.751605 -0.000001
 -1.386294 -1.386294 -1.386294 -1.386294
 -1.386294 -1.386294 -1.386294 -1.386294
 -1.386294 -1.386294 -1.386294 -1.386294
 -1.386294 -1.386294 -1.386294 -1.386294
 -0.000001 -14.751606 -14.751606 -14.751606
 -0.997969 -1.590019 -2.902201 -0.987387
 -1.386294 -1.386294 -1.386294 -1.386294
 -1.386294 -1.386294 -1.386294 -1.386294
 -1.386294 -1.386294 -1.386294 -1.386294
 -13.753639 -13.753639 -0.000003 -13.753639
 -13.161592 -13.161592 -0.000006 -13.161592
 -11.849426 -11.849426 -0.000021 -11.849426
 -13.764221 -13.764221 -0.000003 -13.764221
 -1.386294 -1.386294 -1.386294 -1.386294
 -1.386294 -1.386294 -1.386294 -1.386294
 -0.987387 -0.813876 -1.691115 -14.751606
 -1.386294 -1.386294 -1.386294 -1.386294
 -1.462834 -1.509354 -1.558144 -1.088142
 -1.261652 -1.682864 -1.894172 -0.966189
 -0.805629 -1.452252 -2.240698 -1.547561
 -1.386294 -1.386294 -1.386294 -1.386294
 -1.321756 -0.916293 -2.238039 -1.484274
 -0.925772 -2.360842 -1.890845 -1.025855
 -0.965084 -1.540443 -1.252764 -2.128221
 -1.803591 -1.264598 -1.398129 -1.184556
 -1.623621 -1.218158 -1.864781 -1.043806
 -1.511457 -1.329136 -2.427737 -0.852214
 -1.183771 -0.896091 -1.945904 -1.945904
 -2.007463 -1.208961 -1.496642 -1.069200
 -1.025855 -1.890845 -1.890845 -1.079922
 -1.661396 -1.002154 -1.884538 -1.233954
 -1.024507 -1.360977 -1.717647 -1.584118
 -1.865865 -1.252764 -1.597602 -1.029621
 -2.319104 -0.932822 -2.501422 -0.852780
 -1.127187 -1.266948 -2.065450 -1.318241
 -1.481604 -1.076142 -1.481604 -1.586963
 -1.884538 -1.425009 -1.425009 -1.002154
 -1.820002 0.000100 0.000100 0.000100
 -1.088537 0.000100 0.000100 0.000100
 -1.373716 0.000100 0.000100 0.000100
 -1.393918 0.000100 0.000100 0.000100
 -1.386294 -1.114362 -1.593932 -1.519825
 -1.279431 -1.252763 -1.306830 -1.799305
 -1.078811 -1.560647 -1.347074 -1.660730
 -1.751752 -1.217672 -1.150981 -1.540444
 -1.466337 -1.060873 -1.508896 -1.599868
 -1.395511 -1.136001 -1.983295 -1.225613
 -0.925771 -1.331235 -1.444563 -2.265538
 -2.133503 -1.286211 -1.335001 -1.072638
 -1.366876 -2.060020 -0.936095 -1.489478
 -1.843051 -1.073921 -1.609437 -1.203973
 -1.585626 -1.327798 -1.779781 -1.017645
 -2.708038 -1.203974 -1.167606 -1.132515
 -13.429854 -13.429854 -0.000004 -13.429854
 -13.845074 -13.845074 -0.000003 -13.845074
 -13.873783 -13.873783 -0.000003 -13.873783
 -13.981029 -13.981029 -0.000003 -13.981029
 -1.386294 -1.386294 -1.386294 -1.386294
 -1.386294 -1.386294 -1.386294 -1.386294
 -15.189227 -15.189227 -0.000001 -15.189227
 -1.386294 -1.386294 -1.386294 -1.386294
 -1.386294 -1.386294 -1.386294 -1.386294
 -1.386294 -1.386294 -1.386294 -1.386294
 -15.189227 -15.189227 -15.189227 -0.000001
 -1.386294 -1.386294 -1.386294 -1.386294
 -1.386294 -1.386294 -1.386294 -1.386294
 -1.386294 -1.386294 -1.386294 -1.386294
 -1.386294 -1.386294 -1.386294 -1.386294
 -0.000001 -15.189227 -15.189227 -15.189227
 -1.373716 -1.584436 -1.884541 -0.941934
 -1.386294 -1.386294 -1.386294 -1.386294
 -1.386294 -1.386294 -1.386294 -1.386294
 -1.386294 -1.386294 -1.386294 -1.386294
 -13.815515 -13.815515 -0.000003 -13.815515
 -13.604795 -13.604795 -0.000004 -13.604795
 -13.304691 -13.304691 -0.000005 -13.304691
 -14.247295 -14.247295 -0.000002 -14.247295
 -1.386294 -1.386294 -1.386294 -1.386294
 -1.386294 -1.386294 -1.386294 -1.386294
 -0.903712 -1.233954 -1.191394 -15.189227
 -1.386294 -1.386294 -1.386294 -1.386294
 -1.519825 -1.268512 -1.519825 -1.268512
 -1.343735 -1.526056 -1.377636 -1.310945
 -1.290985 -1.232144 -1.609437 -1.455287
 -1.386294 -1.386294 -1.386294 -1.386294
 -1.183771 -1.493925 -1.252764 -1.694594
 -1.518466 -1.127601 -1.820745 -1.219974
 -1.258461 -1.341843 -1.386294 -1.586964
 -1.936338 -1.178656 -1.425515 -1.178656
 -1.354546 -1.200396 -1.441557 -1.588160
 -1.126012 -1.342234 -2.001477 -1.275543
 -1.087803 -1.749198 -0.995429 -2.123888
 -1.761905 -1.761905 -1.262916 -0.984203
 -1.126784 -1.314836 -1.848916 -1.386294
 -1.321756 -1.280934 -1.504077 -1.455287
 -1.417066 -1.417066 -1.129385 -1.650680
 -2.282377 -1.088461 -1.252764 -1.289131
 -1.824547 -1.200396 -1.200396 -1.441557
 -1.451433 -1.413693 -1.342234 -1.342234
 -1.530188 -1.935651 -1.278875 -1.019364
 -1.904235 -1.324419 -1.109309 -1.365241
