 -1.041455 0.000100 0.000100 0.000100
 -1.282616 0.000100 0.000100 0.000100
 -1.734600 0.000100 0.000100 0.000100
 -1.643628 0.000100 0.000100 0.000100
 -1.172722 -1.252764 -1.435084 -1.791755
 -1.011605 -1.550595 -1.704744 -1.417066
 -0.559627 -1.945896 -1.658222 -2.351344
 -1.749192 -1.189587 -1.343735 -1.343735
 -1.005525 -1.634128 -1.148625 -2.104124
 -0.534090 -1.980990 -2.268664 -1.757852
 -0.619047 -1.648654 -1.648654 -2.564915
 -1.526054 -1.189587 -0.938276 -2.442314
 -0.796335 -1.852379 -1.985909 -1.366876
 -0.539006 -2.484873 -2.484873 -1.386294
 -0.265712 -2.014891 -3.401111 -2.708013
 -1.540440 -1.252766 -1.029628 -1.945889
 -2.533683 -3.449944 -0.211313 -2.533683
 -1.791748 -12.100735 -0.492490 -1.504075
 -2.707977 -2.014880 -0.405482 -2.014880
 -3.135412 -2.036866 -0.362917 -2.036866
 -11.512965 -11.512965 -0.000030 -11.512965
 -11.156307 -11.156307 -0.000043 -11.156307
 -13.687682 -13.687682 -0.000003 -13.687682
 -11.849426 -11.849426 -0.000021 -11.849426
 -1.386294 -1.386294 -1.386294 -1.386294
 -1.386294 -1.386294 -1.386294 -1.386294
 -13.989468 -13.989468 -13.989468 -0.000003
 -1.386294 -1.386294 -1.386294 -1.386294
 -1.386294 -1.386294 -1.386294 -1.386294
 -1.386294 -1.386294 -1.386294 -1.386294
 -1.386294 -1.386294 -1.386294 -1.386294
 -13.989468 -1.041455 -13.989468 -0.435320
 -1.386294 -1.386294 -1.386294 -1.386294
 -0.336478 -2.351360 -2.351360 -2.351360
 -1.386294 -1.386294 -1.386294 -1.386294
 -0.976511 -1.011603 -1.858896 -2.264357
 -13.287885 -13.287885 -0.000005 -13.287885
 -12.676088 -12.676088 -0.000009 -12.676088
 -11.982954 -11.982954 -0.000019 -11.982954
 -11.695280 -11.695280 -0.000025 -11.695280
 -1.386294 -1.386294 -1.386294 -1.386294
 -1.386294 -1.386294 -1.386294 -1.386294
 -13.989468 -13.989468 -13.989468 -0.000003
 -1.386294 -1.386294 -1.386294 -1.386294
 -1.386294 -1.386294 -1.386294 -1.386294
 -1.386294 -1.386294 -1.386294 -1.386294
 -1.386294 -1.386294 -1.386294 -1.386294
 -1.041455 -1.521026 -2.294212 -1.115563
 -2.351360 -0.847302 -1.658225 -1.252764
 -2.159466 -0.955517 -2.159466 -0.955517
 -1.791743 -2.484840 -2.484840 -0.405486
 -2.277252 -1.178657 -1.360977 -1.098615
 -0.485526 -1.466334 -11.775321 -1.871783
 -1.315677 -1.767657 -1.516346 -1.074517
 -1.145136 -0.788466 -3.090961 -1.704741
 -1.563974 -1.196252 -1.681755 -1.196252
 -1.358124 -1.358124 -1.763583 -1.157455
 -2.110200 -0.788463 -2.397874 -1.098615
 -1.791748 -1.098618 -2.890294 -0.810940
 -1.704743 -0.723925 -2.803322 -1.299284
 -2.397863 -0.606146 -3.090961 -1.145136
 -2.442331 -0.784123 -2.442331 -0.995431
 -0.693164 -1.791743 -2.484840 -1.386294
 -1.584118 -1.178657 -2.564926 -0.890977
 -1.487724 0.000100 0.000100 0.000100
 -1.424098 0.000100 0.000100 0.000100
 -1.341950 0.000100 0.000100 0.000100
 -1.301759 0.000100 0.000100 0.000100
 -1.605795 -1.423473 -1.135792 -1.438741
 -1.744928 -1.359266 -1.332948 -1.188118
 -1.615767 -1.428168 -1.415096 -1.143782
 -1.847848 -1.183972 -1.203973 -1.442384
 -1.760576 -1.390830 -1.094098 -1.409179
 -1.392604 -1.117661 -1.431318 -1.684513
 -1.527817 -1.555216 -1.437433 -1.095684
 -1.697268 -1.319506 -1.144704 -1.464337
 -1.468986 -1.451892 -1.679281 -1.052093
 -1.337504 -1.505641 -1.464256 -1.257462
 -1.245372 -1.450635 -1.320273 -1.557403
 -1.622683 -1.195239 -1.360319 -1.412963
 -1.269627 -1.606099 -1.356638 -1.343735
 -1.487602 -1.350402 -1.548227 -1.196251
 -1.247586 -1.588889 -1.588889 -1.189090
 -2.225394 -1.089396 -1.561236 -1.062245
 -14.808764 -14.808764 -0.000001 -14.808764
 -14.933927 -14.933927 -0.000001 -14.933927
 -14.801329 -14.801329 -0.000001 -14.801329
 -15.121139 -15.121139 -0.000001 -15.121139
 -1.386294 -1.386294 -1.386294 -1.386294
 -1.386294 -1.386294 -1.386294 -1.386294
 -16.311193 -16.311193 -16.311193 -0.000000
 -1.386294 -1.386294 -1.386294 -1.386294
 -1.386294 -1.386294 -1.386294 -1.386294
 -1.386294 -1.386294 -1.386294 -1.386294
 -1.386294 -1.386294 -1.386294 -1.386294
 -16.311193 -0.607098 -16.311193 -0.787304
 -1.386294 -1.386294 -1.386294 -1.386294
 -1.775255 -1.323270 -1.295257 -1.236259
 -1.386294 -1.386294 -1.386294 -1.386294
 -2.362303 -1.316336 -1.082440 -1.207603
 -14.310209 -14.310209 -0.000002 -14.310209
 -14.991085 -14.991085 -0.000001 -14.991085
 -15.118424 -15.118424 -0.000001 -15.118424
 -15.088078 -15.088078 -0.000001 -15.088078
 -1.386294 -1.386294 -1.386294 -1.386294
 -1.386294 -1.386294 -1.386294 -1.386294
 -16.311193 -16.311193 -16.311193 -0.000000
 -1.386294 -1.386294 -1.386294 -1.386294
 -1.386294 -1.386294 -1.386294 -1.386294
 -1.386294 -1.386294 -1.386294 -1.386294
 -1.386294 -1.386294 -1.386294 -1.386294
 -1.744266 -1.251527 -1.223116 -1.407120
 -1.955387 -1.137079 -1.643014 -1.066127
 -1.406674 -1.394977 -1.479877 -1.274614
 -1.150348 -1.643629 -1.323859 -1.495709
 -1.909542 -1.299283 -1.239385 -1.239385
 -1.494928 -1.401109 -1.199083 -1.478667
 -1.746735 -1.072637 -1.622683 -1.251120
 -1.111991 -1.444430 -1.646667 -1.416651
 -1.791759 -1.080913 -1.422662 -1.374460
 -1.534268 -1.263978 -1.390019 -1.375204
 -1.386294 -1.432279 -1.310583 -1.420583
 -1.495220 -1.726331 -1.207538 -1.207538
 -2.037967 -1.308007 -1.111728 -1.308007
 -1.244795 -1.394327 -1.609437 -1.331806
 -1.379515 -1.464072 -1.449473 -1.264739
 -1.433362 -1.308908 -1.277492 -1.548137
 -1.764107 -1.282805 -1.146469 -1.453953
