 -1.108369 0.000100 0.000100 0.000100
 -1.267434 0.000100 0.000100 0.000100
 -1.590206 0.000100 0.000100 0.000100
 -1.690289 0.000100 0.000100 0.000100
 -1.580448 -1.041457 -1.329137 -1.734596
 -0.659253 -1.980990 -2.268664 -1.421385
 -0.847306 -2.351344 -1.435084 -1.435084
 -1.845814 -1.335002 -0.998536 -1.558141
 -0.818315 -1.446918 -1.734596 -1.916914
 -0.496447 -2.036866 -2.036866 -2.036866
 -0.780166 -0.875475 -2.484873 -3.177970
 -1.481603 -0.788466 -1.481603 -2.397863
 -0.587792 -2.197213 -2.197213 -1.504076
 -0.438263 -2.335354 -2.740803 -1.642224
 -0.207657 -11.982954 -2.079417 -2.772514
 -1.299286 -1.704734 -1.704734 -1.011612
 -2.319104 -4.110780 -0.179053 -3.012235
 -11.512965 -11.512965 -0.356701 -1.203979
 -1.704734 -2.397832 -0.452007 -2.397832
 -3.044441 -2.351344 -0.336485 -1.945896
 -11.407610 -11.407610 -0.000033 -11.407610
 -10.596735 -10.596735 -0.000075 -10.596735
 -13.592372 -13.592372 -0.000004 -13.592372
 -11.512965 -11.512965 -0.000030 -11.512965
 -1.386294 -1.386294 -1.386294 -1.386294
 -1.386294 -1.386294 -1.386294 -1.386294
 -13.845074 -13.845074 -13.845074 -0.000003
 -1.386294 -1.386294 -1.386294 -1.386294
 -1.386294 -1.386294 -1.386294 -1.386294
 -1.386294 -1.386294 -1.386294 -1.386294
 -1.386294 -1.386294 -1.386294 -1.386294
 -13.845074 -2.332138 -0.290926 -1.862138
 -1.386294 -1.386294 -1.386294 -1.386294
 -0.510849 -11.512965 -1.609428 -1.609428
 -0.266271 -2.264357 -2.734353 -2.734353
 -0.575378 -2.079417 -11.982954 -1.163156
 -13.514411 -13.514411 -0.000004 -13.514411
 -11.512965 -11.512965 -0.000030 -11.512965
 -11.156307 -11.156307 -0.000043 -11.156307
 -11.695280 -11.695280 -0.000025 -11.695280
 -1.386294 -1.386294 -1.386294 -1.386294
 -1.386294 -1.386294 -1.386294 -1.386294
 -1.376632 -0.540387 -1.801514 -13.845074
 -1.386294 -1.386294 -1.386294 -1.386294
 -1.466336 -1.648654 -1.178658 -1.312187
 -1.149907 -1.455287 -1.897115 -1.203974
 -1.223779 -1.041461 -1.446918 -2.140040
 -1.386294 -1.386294 -1.386294 -1.386294
 -1.098616 -1.321757 -2.302565 -1.203975
 -2.120246 -1.139438 -3.218792 -0.653935
 -0.646637 -1.252765 -3.044441 -1.945896
 -3.295752 -0.993257 -1.686394 -0.897947
 -1.139438 -1.139438 -1.832572 -1.609434
 -0.980833 -1.856290 -1.673972 -1.268513
 -11.512965 -0.916306 -0.916306 -1.609428
 -2.197211 -1.185626 -1.791754 -0.875473
 -1.386294 -1.568613 -1.386294 -1.232146
 -2.639022 -1.134983 -2.233573 -0.693154
 -1.386294 -1.386294 -1.386294 -1.386294
 -1.642224 -0.949085 -1.488076 -1.642224
 -1.152684 -1.558141 -1.845814 -1.152684
 -2.047681 -0.661405 -2.335354 -1.354546
 -0.965087 -1.658222 -1.435084 -1.658222
 -2.079429 -0.900791 -2.079429 -1.067844
 -1.439063 0.000100 0.000100 0.000100
 -1.334824 0.000100 0.000100 0.000100
 -1.324774 0.000100 0.000100 0.000100
 -1.453365 0.000100 0.000100 0.000100
 -1.415106 -1.399839 -1.248289 -1.498488
 -1.357749 -1.445237 -1.368276 -1.376244
 -1.299505 -1.441103 -1.311805 -1.508085
 -2.115725 -1.118521 -1.163606 -1.425727
 -1.410909 -1.382380 -1.237198 -1.537573
 -1.324146 -1.339650 -1.395890 -1.494235
 -1.367461 -1.385028 -1.357560 -1.436988
 -1.840549 -1.178844 -1.164210 -1.507485
 -1.443498 -1.354070 -1.380977 -1.368929
 -1.284126 -1.308399 -1.768136 -1.265123
 -1.368414 -1.353338 -1.319021 -1.515417
 -1.646301 -1.247662 -1.283928 -1.414218
 -1.238960 -1.640644 -1.487033 -1.236438
 -1.355042 -1.257403 -1.498143 -1.451892
 -1.268019 -1.493791 -1.439377 -1.358616
 -2.267029 -1.339839 -1.022125 -1.292211
 -16.390411 -16.390411 -0.000000 -16.390411
 -16.431446 -16.431446 -0.000000 -16.431446
 -16.506754 -16.506754 -0.000000 -16.506754
 -16.514183 -16.514183 -0.000000 -16.514183
 -1.386294 -1.386294 -1.386294 -1.386294
 -1.386294 -1.386294 -1.386294 -1.386294
 -17.848335 -17.848335 -17.848335 -0.000000
 -1.386294 -1.386294 -1.386294 -1.386294
 -1.386294 -1.386294 -1.386294 -1.386294
 -1.386294 -1.386294 -1.386294 -1.386294
 -1.386294 -1.386294 -1.386294 -1.386294
 -17.848333 -0.975996 -1.247195 -1.091020
 -1.386294 -1.386294 -1.386294 -1.386294
 -1.486130 -1.389121 -1.490297 -1.206799
 -1.263929 -1.411913 -1.369775 -1.515868
 -2.641699 -1.192604 -1.190866 -1.135156
 -16.189486 -16.189486 -0.000000 -16.189486
 -16.523561 -16.523561 -0.000000 -16.523561
 -16.501316 -16.501316 -0.000000 -16.501316
 -16.588724 -16.588724 -0.000000 -16.588724
 -1.386294 -1.386294 -1.386294 -1.386294
 -1.386294 -1.386294 -1.386294 -1.386294
 -1.092604 -1.033598 -1.174631 -17.848335
 -1.386294 -1.386294 -1.386294 -1.386294
 -1.431708 -1.451820 -1.328784 -1.338814
 -1.401861 -1.379838 -1.397820 -1.366072
 -1.325636 -1.406579 -1.464427 -1.354115
 -1.386294 -1.386294 -1.386294 -1.386294
 -1.219950 -1.778365 -1.239368 -1.401311
 -1.288673 -1.457888 -1.397263 -1.409098
 -1.189788 -1.397789 -1.415282 -1.581267
 -1.650031 -1.344650 -1.188996 -1.415524
 -1.307534 -1.514794 -1.312472 -1.425009
 -1.308411 -1.450625 -1.380083 -1.411532
 -1.194445 -1.391530 -1.418127 -1.578587
 -1.781996 -1.223021 -1.270274 -1.360222
 -1.423074 -1.400281 -1.251375 -1.485501
 -1.390583 -1.300234 -1.474214 -1.387722
 -1.208518 -1.606042 -1.291603 -1.487883
 -1.869924 -1.340732 -1.090376 -1.393842
 -1.297792 -1.516845 -1.311547 -1.435234
 -1.221026 -1.532745 -1.412728 -1.403839
 -1.258461 -1.481605 -1.283209 -1.553578
 -1.941436 -1.230224 -1.170653 -1.369986
