 -1.305227 0.000100 0.000100 0.000100
 -1.565952 0.000100 0.000100 0.000100
 -1.211408 0.000100 0.000100 0.000100
 -1.504077 0.000100 0.000100 0.000100
 -1.019833 -1.808285 -1.402823 -1.471816
 -1.077561 -1.770702 -1.770702 -1.142099
 -1.069200 -1.026641 -2.258774 -1.639742
 -1.832577 -0.967587 -1.427116 -1.514127
 -1.595048 -1.400893 -1.400893 -1.189585
 -0.614370 -2.164956 -2.031426 -1.545923
 -0.693152 -1.339775 -1.791755 -2.639033
 -1.331235 -1.025855 -1.572395 -1.773064
 -1.271226 -1.315677 -1.410987 -1.573505
 -1.155772 -1.155772 -1.591087 -1.791756
 -1.122145 -1.053153 -1.276294 -3.068012
 -2.036874 -0.938273 -1.056055 -2.036874
 -1.203974 -1.149907 -13.304691 -0.958853
 -0.944464 -1.974077 -13.487012 -0.750308
 -0.781704 -1.187167 -13.287885 -1.438480
 -1.916914 -1.223777 -12.736712 -0.581928
 -13.567055 -13.567055 -0.000004 -13.567055
 -13.253399 -13.253399 -0.000005 -13.253399
 -1.386294 -1.386294 -1.386294 -1.386294
 -13.710155 -13.710155 -0.000003 -13.710155
 -1.386294 -1.386294 -1.386294 -1.386294
 -1.386294 -1.386294 -1.386294 -1.386294
 -14.626443 -14.626443 -14.626443 -0.000001
 -1.386294 -1.386294 -1.386294 -1.386294
 -1.386294 -1.386294 -1.386294 -1.386294
 -1.386294 -1.386294 -1.386294 -1.386294
 -1.386294 -1.386294 -1.386294 -1.386294
 -0.000001 -14.626443 -14.626443 -14.626443
 -14.626443 -0.997260 -2.083894 -0.679903
 -1.386294 -1.386294 -1.386294 -1.386294
 -1.386294 -1.386294 -1.386294 -1.386294
 -1.386294 -1.386294 -1.386294 -1.386294
 -1.386294 -1.386294 -1.386294 -1.386294
 -13.629186 -13.629186 -0.000004 -13.629186
 -12.542559 -12.542559 -0.000011 -12.542559
 -13.946543 -13.946543 -0.000003 -13.946543
 -1.386294 -1.386294 -1.386294 -1.386294
 -1.386294 -1.386294 -1.386294 -1.386294
 -14.626443 -14.626443 -14.626443 -0.000001
 -1.386294 -1.386294 -1.386294 -1.386294
 -1.386294 -1.386294 -1.386294 -1.386294
 -1.386294 -1.386294 -1.386294 -1.386294
 -1.386294 -1.386294 -1.386294 -1.386294
 -1.919592 -1.445808 -1.587459 -0.883502
 -2.803323 -1.299284 -3.496420 -0.451993
 -1.262243 -1.197704 -2.360842 -1.137080
 -1.189586 -1.056055 -2.036874 -1.526055
 -1.536867 -1.699385 -1.274503 -1.131403
 -1.366876 -1.734598 -2.545514 -0.712954
 -1.170073 -1.287855 -2.674130 -1.064713
 -1.072640 -1.239692 -1.845821 -1.558143
 -1.791757 -1.221215 -1.717649 -1.024506
 -1.740463 -1.209839 -1.478101 -1.209839
 -2.131620 -0.858664 -2.285768 -1.033017
 -0.934314 -1.252765 -2.233573 -1.540443
 -1.829497 -1.098614 -1.561235 -1.216396
 -1.767657 -0.880363 -1.767657 -1.410987
 -1.299283 -0.942610 -2.397886 -1.399366
 -1.360977 -0.890977 -1.871796 -1.717647
 -2.022278 -1.223776 -1.329136 -1.174986
 -1.600509 0.000100 0.000100 0.000100
 -1.232785 0.000100 0.000100 0.000100
 -1.248289 0.000100 0.000100 0.000100
 -1.515351 0.000100 0.000100 0.000100
 -1.098615 -1.727217 -1.408767 -1.408767
 -1.083346 -1.466336 -1.776489 -1.341174
 -0.980831 -1.325670 -1.593932 -1.856294
 -2.100052 -0.896091 -1.326871 -1.589233
 -1.432104 -1.639742 -1.113652 -1.432104
 -1.386294 -1.529394 -1.529394 -1.149907
 -1.568614 -1.473305 -1.232145 -1.306252
 -2.261751 -0.980832 -1.098614 -1.673974
 -1.263693 -1.430746 -1.263693 -1.631414
 -1.299284 -1.368276 -1.368276 -1.522426
 -1.284016 -1.341174 -1.284016 -1.689478
 -1.558143 -0.907560 -1.478101 -1.845823
 -1.116006 -1.287855 -13.270790 -0.924951
 -0.916293 -1.401798 -13.384734 -1.038895
 -0.802350 -1.227231 -13.270790 -1.352393
 -1.791755 -0.847302 -12.948019 -0.904460
 -13.567055 -13.567055 -0.000004 -13.567055
 -13.415039 -13.415039 -0.000004 -13.415039
 -1.386294 -1.386294 -1.386294 -1.386294
 -13.567055 -13.567055 -0.000004 -13.567055
 -1.386294 -1.386294 -1.386294 -1.386294
 -1.386294 -1.386294 -1.386294 -1.386294
 -14.617514 -14.617514 -14.617514 -0.000001
 -1.386294 -1.386294 -1.386294 -1.386294
 -1.386294 -1.386294 -1.386294 -1.386294
 -1.386294 -1.386294 -1.386294 -1.386294
 -1.386294 -1.386294 -1.386294 -1.386294
 -0.000001 -14.617514 -14.617514 -14.617514
 -14.617514 -1.037724 -2.005973 -0.670974
 -1.386294 -1.386294 -1.386294 -1.386294
 -1.386294 -1.386294 -1.386294 -1.386294
 -1.386294 -1.386294 -1.386294 -1.386294
 -1.386294 -1.386294 -1.386294 -1.386294
 -13.579793 -13.579793 -0.000004 -13.579793
 -12.611551 -12.611551 -0.000010 -12.611551
 -13.946543 -13.946543 -0.000003 -13.946543
 -1.386294 -1.386294 -1.386294 -1.386294
 -1.386294 -1.386294 -1.386294 -1.386294
 -14.617514 -14.617514 -14.617514 -0.000001
 -1.386294 -1.386294 -1.386294 -1.386294
 -1.386294 -1.386294 -1.386294 -1.386294
 -1.386294 -1.386294 -1.386294 -1.386294
 -1.386294 -1.386294 -1.386294 -1.386294
 -1.880810 -1.248289 -1.381820 -1.173066
 -1.734596 -1.223777 -2.427727 -0.818315
 -1.673974 -0.980831 -1.856294 -1.268512
 -1.386294 -1.080915 -1.540444 -1.627454
 -1.836208 -1.238375 -1.143065 -1.461517
 -1.458614 -1.681755 -1.122145 -1.363305
 -1.294728 -1.457246 -1.651400 -1.199418
 -0.959779 -2.058380 -1.285199 -1.547561
 -2.484893 -0.875471 -1.321756 -1.455287
 -1.485384 -1.262243 -1.405342 -1.405342
 -1.722764 -1.627455 -1.317302 -1.029622
 -1.335001 -1.403994 -1.740463 -1.152681
 -1.558143 -1.335001 -1.558143 -1.152681
 -1.183772 -1.326871 -1.183772 -2.100052
 -1.116963 -1.704745 -1.810105 -1.116963
 -1.427116 -1.203974 -1.139436 -1.966107
 -1.931517 -1.595048 -0.938272 -1.343735
