 -1.137079 0.000100 0.000100 0.000100
 -1.527944 0.000100 0.000100 0.000100
 -1.444563 0.000100 0.000100 0.000100
 -1.485385 0.000100 0.000100 0.000100
 -1.041457 -1.329137 -1.734596 -1.580448
 -0.938276 -2.036866 -3.135412 -0.832916
 -0.820987 -2.525695 -1.832572 -1.139438
 -1.568613 -1.386294 -1.386294 -1.232146
 -1.213024 -1.531475 -1.126014 -1.819153
 -0.693157 -1.897107 -1.386294 -2.302555
 -0.887312 -1.446918 -1.041461 -12.043577
 -2.367103 -0.470011 -2.367103 -1.673972
 -0.869043 -1.824542 -1.488076 -1.642224
 -1.358124 -1.475905 -1.609435 -1.157455
 -0.860208 -1.466336 -1.466336 -2.159466
 -1.540440 -1.029628 -1.252766 -1.945889
 -0.693153 -1.791754 -12.793870 -1.098615
 -1.386294 -1.098616 -12.388411 -0.875475
 -0.693156 -1.386294 -12.388411 -1.386294
 -1.704741 -1.704741 -12.301401 -0.451996
 -12.899230 -12.899230 -0.000007 -12.899230
 -12.388411 -12.388411 -0.000012 -12.388411
 -1.386294 -1.386294 -1.386294 -1.386294
 -12.948019 -12.948019 -0.000007 -12.948019
 -1.386294 -1.386294 -1.386294 -1.386294
 -1.386294 -1.386294 -1.386294 -1.386294
 -13.873783 -13.873783 -13.873783 -0.000003
 -1.386294 -1.386294 -1.386294 -1.386294
 -1.386294 -1.386294 -1.386294 -1.386294
 -1.386294 -1.386294 -1.386294 -1.386294
 -1.386294 -1.386294 -1.386294 -1.386294
 -0.000003 -13.873783 -13.873783 -13.873783
 -0.751418 -2.098486 -2.717518 -1.079921
 -1.386294 -1.386294 -1.386294 -1.386294
 -1.386294 -1.386294 -1.386294 -1.386294
 -1.386294 -1.386294 -1.386294 -1.386294
 -13.122372 -13.122372 -0.000006 -13.122372
 -11.775321 -11.775321 -0.000023 -11.775321
 -11.156307 -11.156307 -0.000043 -11.156307
 -12.793870 -12.793870 -0.000008 -12.793870
 -1.386294 -1.386294 -1.386294 -1.386294
 -1.386294 -1.386294 -1.386294 -1.386294
 -1.108092 -0.674457 -1.830224 -13.873783
 -1.386294 -1.386294 -1.386294 -1.386294
 -1.358124 -1.945902 -1.609435 -0.916295
 -1.591087 -1.504076 -1.424034 -1.098614
 -1.223779 -1.223779 -2.140040 -1.223779
 -1.386294 -1.386294 -1.386294 -1.386294
 -1.609434 -1.609434 -1.272967 -1.139438
 -0.893825 -1.704741 -3.090961 -1.011607
 -1.481603 -0.693156 -2.397863 -1.704741
 -1.531475 -1.531475 -2.224609 -0.777710
 -1.686394 -1.098616 -3.295752 -0.810937
 -1.134983 -1.252765 -2.233573 -1.252765
 -0.559632 -1.540440 -2.638986 -1.945889
 -2.512283 -1.213024 -1.213024 -1.126014
 -1.609434 -1.021656 -2.525695 -1.021656
 -1.236764 -0.661405 -3.433900 -1.824542
 -1.673968 -0.470019 -2.079417 -2.772514
 -2.140053 -0.818315 -1.916914 -1.223777
 -1.252765 -1.098617 -1.945896 -1.435084
 -1.609436 -0.916294 -2.813385 -1.078812
 -1.609428 -0.510849 -11.512965 -1.609428
 -1.272967 -1.021656 -1.832572 -1.609434
 -1.437326 0.000100 0.000100 0.000100
 -1.458491 0.000100 0.000100 0.000100
 -1.204802 0.000100 0.000100 0.000100
 -1.469243 0.000100 0.000100 0.000100
 -1.157929 -1.668754 -1.614687 -1.209223
 -1.205757 -1.493439 -1.402467 -1.469908
 -1.180732 -1.459445 -1.341662 -1.613595
 -1.636836 -1.250064 -1.349155 -1.349155
 -1.508512 -1.413202 -1.038509 -1.706962
 -2.012231 -0.968429 -1.493439 -1.339288
 -1.265667 -1.488810 -1.584120 -1.247648
 -1.812378 -1.103728 -1.183770 -1.614552
 -1.952100 -1.175574 -1.216396 -1.374024
 -1.128853 -1.399143 -1.300703 -1.848667
 -1.154183 -1.154183 -1.552529 -1.847328
 -2.084859 -1.109483 -1.126012 -1.506783
 -0.662377 -1.731134 -14.467838 -1.179958
 -0.943865 -1.271771 -14.686806 -1.107016
 -0.725634 -1.497251 -14.599414 -1.230189
 -1.778855 -0.993902 -14.247295 -0.774274
 -14.991085 -14.991085 -0.000001 -14.991085
 -14.543061 -14.543061 -0.000001 -14.543061
 -1.386294 -1.386294 -1.386294 -1.386294
 -14.819814 -14.819814 -0.000001 -14.819814
 -1.386294 -1.386294 -1.386294 -1.386294
 -1.386294 -1.386294 -1.386294 -1.386294
 -15.899940 -15.899940 -15.899940 -0.000000
 -1.386294 -1.386294 -1.386294 -1.386294
 -1.386294 -1.386294 -1.386294 -1.386294
 -1.386294 -1.386294 -1.386294 -1.386294
 -1.386294 -1.386294 -1.386294 -1.386294
 -0.000000 -15.899940 -15.899940 -15.899940
 -1.837569 -1.069198 -2.016770 -1.009427
 -1.386294 -1.386294 -1.386294 -1.386294
 -1.386294 -1.386294 -1.386294 -1.386294
 -1.386294 -1.386294 -1.386294 -1.386294
 -14.062374 -14.062374 -0.000002 -14.062374
 -14.830743 -14.830743 -0.000001 -14.830743
 -13.883173 -13.883173 -0.000003 -13.883173
 -14.890514 -14.890514 -0.000001 -14.890514
 -1.386294 -1.386294 -1.386294 -1.386294
 -1.386294 -1.386294 -1.386294 -1.386294
 -0.982489 -1.125079 -1.200662 -15.899940
 -1.386294 -1.386294 -1.386294 -1.386294
 -1.337662 -1.629573 -1.196251 -1.430444
 -1.557187 -1.345013 -1.390133 -1.274061
 -1.378064 -1.184873 -1.576914 -1.445886
 -1.386294 -1.386294 -1.386294 -1.386294
 -1.662081 -1.535330 -0.929195 -1.609437
 -1.277953 -1.589732 -1.260254 -1.453157
 -1.217003 -1.338892 -1.436056 -1.590206
 -1.644705 -1.479626 -1.103576 -1.396245
 -1.202248 -1.350667 -1.456028 -1.573810
 -1.317666 -1.495914 -1.598568 -1.184135
 -1.551169 -1.427116 -1.139435 -1.478410
 -1.716047 -1.249958 -1.492904 -1.174451
 -1.519825 -1.407348 -1.114361 -1.568616
 -1.437067 -1.213923 -1.524078 -1.396245
 -1.357024 -1.416447 -1.396245 -1.376442
 -1.871801 -1.277095 -1.226665 -1.294487
 -1.548137 -1.521469 -1.116005 -1.421386
 -1.322925 -1.434150 -1.305533 -1.494775
 -1.359143 -1.241361 -1.324052 -1.670922
 -1.677348 -1.317975 -1.025588 -1.677348
