 -1.176681 0.000100 0.000100 0.000100
 -1.439045 0.000100 0.000100 0.000100
 -1.526056 0.000100 0.000100 0.000100
 -1.439045 0.000100 0.000100 0.000100
 -1.221215 -1.360977 -1.523495 -1.466337
 -1.098614 -1.529394 -1.609436 -1.386294
 -0.788461 -1.522425 -1.927886 -1.704745
 -1.609436 -1.386294 -1.261132 -1.321756
 -1.014732 -1.742967 -1.386294 -1.548812
 -1.049824 -1.261132 -1.897115 -1.529394
 -0.810933 -1.591087 -1.424034 -2.197215
 -1.304949 -1.369487 -1.774949 -1.187167
 -1.003304 -1.727219 -1.609437 -1.364316
 -0.824178 -1.845823 -1.963604 -1.335001
 -0.395900 -2.852606 -2.159475 -1.871797
 -1.504076 -0.993254 -1.591087 -1.591087
 -1.763587 -1.820745 -0.782761 -1.562917
 -1.791755 -1.306252 -0.926765 -1.791755
 -1.563974 -1.363305 -0.765472 -2.662564
 -1.845823 -2.656739 -0.675759 -1.335001
 -12.994539 -12.994539 -0.000007 -12.994539
 -13.017012 -13.017012 -0.000007 -13.017012
 -13.963934 -13.963934 -0.000003 -13.963934
 -13.081550 -13.081550 -0.000006 -13.081550
 -1.386294 -1.386294 -1.386294 -1.386294
 -1.386294 -1.386294 -1.386294 -1.386294
 -14.743731 -14.743731 -14.743731 -0.000001
 -1.386294 -1.386294 -1.386294 -1.386294
 -1.386294 -1.386294 -1.386294 -1.386294
 -1.386294 -1.386294 -1.386294 -1.386294
 -1.386294 -1.386294 -1.386294 -1.386294
 -14.743731 -14.743731 -0.000001 -14.743731
 -1.386294 -1.386294 -1.386294 -1.386294
 -1.386294 -1.386294 -1.386294 -1.386294
 -0.291644 -1.922470 -2.760796 -3.135487
 -1.386294 -1.386294 -1.386294 -1.386294
 -14.452089 -14.452089 -0.000002 -14.452089
 -12.821269 -12.821269 -0.000008 -12.821269
 -11.982954 -11.982954 -0.000019 -11.982954
 -11.608273 -11.608273 -0.000027 -11.608273
 -1.386294 -1.386294 -1.386294 -1.386294
 -1.386294 -1.386294 -1.386294 -1.386294
 -14.743731 -14.743731 -14.743731 -0.000001
 -1.386294 -1.386294 -1.386294 -1.386294
 -1.386294 -1.386294 -1.386294 -1.386294
 -1.386294 -1.386294 -1.386294 -1.386294
 -1.386294 -1.386294 -1.386294 -1.386294
 -1.544405 -1.662188 -1.472946 -1.000790
 -1.591087 -1.591087 -1.791756 -0.853493
 -1.568614 -2.261751 -1.673974 -0.693151
 -1.116006 -1.575535 -1.352393 -1.575535
 -1.967647 -1.397105 -1.699385 -0.843722
 -1.667704 -1.262243 -2.360842 -0.834801
 -1.629238 -1.366876 -1.852379 -0.936096
 -1.272967 -1.609436 -1.714795 -1.078812
 -1.887067 -1.161133 -2.110209 -0.881549
 -1.119233 -1.406913 -2.282371 -1.119233
 -1.189585 -1.098614 -2.154658 -1.400893
 -1.128468 -1.223777 -1.916914 -1.446918
 -1.907068 -1.031603 -1.670680 -1.181134
 -1.945905 -1.745237 -1.945905 -0.616778
 -1.829497 -0.839103 -2.091859 -1.258955
 -1.665004 -1.045972 -1.213024 -1.819153
 -2.079436 -0.980831 -1.504077 -1.280934
 -1.391184 0.000100 0.000100 0.000100
 -1.334026 0.000100 0.000100 0.000100
 -1.371766 0.000100 0.000100 0.000100
 -1.451809 0.000100 0.000100 0.000100
 -1.406097 -1.014056 -1.580450 -1.680532
 -1.185624 -1.280934 -1.463255 -1.686398
 -1.210404 -1.277095 -1.277095 -1.936338
 -2.079437 -1.306252 -0.803150 -1.856295
 -1.524078 -1.396245 -1.031603 -1.724747
 -1.166435 -1.545924 -1.585145 -1.307514
 -1.551808 -1.474847 -1.438480 -1.133099
 -1.400893 -1.238375 -1.526055 -1.400893
 -1.159238 -1.852382 -1.489478 -1.190986
 -1.252764 -1.493925 -1.326871 -1.493925
 -1.553348 -1.060873 -1.648657 -1.386294
 -2.360848 -1.079921 -1.025854 -1.572396
 -1.386294 -1.477266 -1.343735 -1.343735
 -1.368276 -1.404643 -1.564985 -1.234745
 -1.414732 -1.494775 -1.628305 -1.089311
 -1.842530 -1.282916 -1.088761 -1.479626
 -13.742944 -13.742944 -0.000003 -13.742944
 -13.815515 -13.815515 -0.000003 -13.815515
 -13.835317 -13.835317 -0.000003 -13.835317
 -13.955276 -13.955276 -0.000003 -13.955276
 -1.386294 -1.386294 -1.386294 -1.386294
 -1.386294 -1.386294 -1.386294 -1.386294
 -15.226499 -15.226499 -15.226499 -0.000001
 -1.386294 -1.386294 -1.386294 -1.386294
 -1.386294 -1.386294 -1.386294 -1.386294
 -1.386294 -1.386294 -1.386294 -1.386294
 -1.386294 -1.386294 -1.386294 -1.386294
 -15.226499 -15.226499 -0.000001 -15.226499
 -1.386294 -1.386294 -1.386294 -1.386294
 -1.386294 -1.386294 -1.386294 -1.386294
 -1.505298 -1.609438 -1.306627 -1.179875
 -1.386294 -1.386294 -1.386294 -1.386294
 -13.721204 -13.721204 -0.000003 -13.721204
 -13.617064 -13.617064 -0.000004 -13.617064
 -13.919874 -13.919874 -0.000003 -13.919874
 -14.046625 -14.046625 -0.000002 -14.046625
 -1.386294 -1.386294 -1.386294 -1.386294
 -1.386294 -1.386294 -1.386294 -1.386294
 -15.226499 -15.226499 -15.226499 -0.000001
 -1.386294 -1.386294 -1.386294 -1.386294
 -1.386294 -1.386294 -1.386294 -1.386294
 -1.386294 -1.386294 -1.386294 -1.386294
 -1.386294 -1.386294 -1.386294 -1.386294
 -1.685423 -1.391184 -1.133355 -1.410987
 -1.558144 -1.335001 -1.691674 -1.072638
 -1.446919 -1.366876 -1.629239 -1.159238
 -1.169230 -1.586964 -1.417066 -1.417066
 -2.813398 -1.139435 -1.021652 -1.347074
 -1.421386 -1.521469 -1.330414 -1.287855
 -1.945907 -1.475906 -1.070442 -1.252763
 -1.257677 -1.366876 -1.680532 -1.292769
 -2.045537 -1.457753 -0.924950 -1.421386
 -1.897117 -1.337504 -1.246533 -1.203974
 -1.130362 -1.856295 -1.306252 -1.386294
 -1.354546 -1.562184 -1.601405 -1.106710
 -1.704747 -1.299283 -1.011602 -1.704747
 -1.509354 -1.663504 -1.221673 -1.221673
 -1.263692 -1.386294 -1.526056 -1.386294
 -1.152680 -1.403994 -1.335001 -1.740465
 -1.858132 -1.555853 -1.080431 -1.225613
