 -1.264280 0.000100 0.000100 0.000100
 -1.186318 0.000100 0.000100 0.000100
 -1.579360 0.000100 0.000100 0.000100
 -1.579360 0.000100 0.000100 0.000100
 -0.902872 -2.224609 -1.213024 -1.665004
 -1.123932 -1.203974 -1.491654 -1.897113
 -0.897947 -0.897947 -2.197206 -2.602654
 -1.909532 -0.897947 -1.216398 -1.909532
 -0.816765 -2.374890 -1.276294 -1.681755
 -0.641859 -1.691672 -1.845820 -2.028139
 -0.543623 -1.236764 -2.335354 -3.433900
 -1.558141 -0.747224 -1.335002 -2.944360
 -0.282237 -2.501422 -3.012235 -2.164956
 -0.322782 -2.674112 -1.980990 -2.674112
 -0.313668 -2.564914 -2.564914 -2.159466
 -0.916301 -2.707977 -2.707977 -0.762152
 -2.219198 -3.828596 -0.204303 -2.912335
 -1.609428 -2.302525 -0.693167 -1.609428
 -1.609428 -11.512965 -0.510849 -1.609428
 -1.845814 -2.251263 -0.305396 -12.154800
 -12.043577 -12.043577 -0.000018 -12.043577
 -10.819859 -10.819859 -0.000060 -10.819859
 -13.815515 -13.815515 -0.000003 -13.815515
 -11.407610 -11.407610 -0.000033 -11.407610
 -1.386294 -1.386294 -1.386294 -1.386294
 -1.386294 -1.386294 -1.386294 -1.386294
 -14.085541 -14.085541 -14.085541 -0.000002
 -1.386294 -1.386294 -1.386294 -1.386294
 -1.386294 -1.386294 -1.386294 -1.386294
 -1.386294 -1.386294 -1.386294 -1.386294
 -1.386294 -1.386294 -1.386294 -1.386294
 -0.260079 -2.677965 -2.572605 -2.477296
 -1.396245 -1.282916 -2.050167 -1.059774
 -0.587811 -2.197169 -1.504072 -2.197169
 -0.223171 -11.512965 -2.302525 -2.302525
 -2.397832 -2.397832 -0.788474 -1.011612
 -0.444692 -2.054114 -12.873912 -1.466336
 -0.836254 -1.455286 -12.611551 -1.098616
 -0.646637 -0.965087 -12.254882 -2.351344
 -1.005525 -1.228667 -12.923923 -1.074517
 -1.961654 -1.450832 -1.593932 -0.863049
 -1.673972 -1.386294 -2.079429 -0.826684
 -1.386294 -1.386294 -1.386294 -1.386294
 -1.358124 -2.169040 -2.456714 -0.610915
 -1.791751 -1.232146 -2.079425 -0.875475
 -0.993257 -1.349927 -2.602654 -1.216398
 -2.302555 -0.798517 -1.897107 -1.203976
 -0.875471 -1.261132 -2.995706 -1.386294
 -1.228667 -0.880363 -2.104124 -1.767657
 -1.897113 -1.491654 -1.897113 -0.744445
 -0.452007 -1.704734 -1.704734 -11.608273
 -1.584118 -1.098615 -1.871796 -1.178657
 -2.803323 -1.299284 -1.193925 -1.011605
 -1.767657 -1.228667 -1.410987 -1.228667
 -1.558141 -1.152684 -1.558141 -1.335002
 -2.028139 -1.152682 -1.335002 -1.239692
 -1.280936 -1.504075 -1.791748 -1.098618
 -1.717647 -0.773195 -2.054114 -1.466336
 -1.446918 -0.753777 -1.734596 -2.140053
 -1.897113 -0.855670 -1.742965 -1.386294
 -1.871793 -0.955517 -1.871793 -1.178658
 -1.927886 -0.675132 -2.621021 -1.299284
 -1.658222 -1.098617 -1.658222 -1.252765
 -2.268664 -1.170074 -1.421385 -1.064715
 -1.411503 0.000100 0.000100 0.000100
 -1.299198 0.000100 0.000100 0.000100
 -1.448394 0.000100 0.000100 0.000100
 -1.392209 0.000100 0.000100 0.000100
 -1.478836 -1.333825 -1.231098 -1.529435
 -1.441180 -1.270448 -1.468209 -1.377105
 -1.349927 -1.361506 -1.290010 -1.564473
 -2.046763 -1.107113 -1.220395 -1.405589
 -1.355949 -1.410823 -1.360603 -1.419443
 -1.282759 -1.412181 -1.399325 -1.459494
 -1.375340 -1.514383 -1.388406 -1.280746
 -1.881200 -1.238491 -1.192122 -1.369652
 -1.337958 -1.357065 -1.477720 -1.378141
 -1.332126 -1.283173 -1.746889 -1.256627
 -1.312308 -1.300659 -1.584044 -1.373158
 -1.591250 -1.186821 -1.483530 -1.330656
 -1.353159 -1.607016 -1.297923 -1.316791
 -1.499962 -1.267824 -1.422925 -1.368808
 -1.295569 -1.444704 -1.400929 -1.410284
 -2.314509 -1.250347 -1.101883 -1.263953
 -18.002131 -18.002131 0.000000 -18.002131
 -18.189756 -18.189756 0.000000 -18.189756
 -18.270090 -18.270090 0.000000 -18.270090
 -18.228672 -18.228672 0.000000 -18.228672
 -1.386294 -1.386294 -1.386294 -1.386294
 -1.386294 -1.386294 -1.386294 -1.386294
 -19.564043 -19.564043 -19.564043 0.000000
 -1.386294 -1.386294 -1.386294 -1.386294
 -1.386294 -1.386294 -1.386294 -1.386294
 -1.386294 -1.386294 -1.386294 -1.386294
 -1.386294 -1.386294 -1.386294 -1.386294
 -1.915120 -1.097147 -1.344378 -1.354207
 -1.831933 -1.036131 -1.720778 -1.183698
 -1.293096 -1.489715 -1.363730 -1.408793
 -1.386661 -1.377409 -1.235310 -1.574477
 -1.945910 -1.165500 -1.180261 -1.434739
 -1.048670 -1.130669 -18.037222 -1.118471
 -1.139609 -1.091304 -18.268578 -1.066307
 -0.992404 -1.162363 -18.242868 -1.150214
 -1.620422 -0.837301 -18.145981 -0.996125
 -1.495288 -1.330597 -1.294743 -1.437469
 -1.444647 -1.296466 -1.570273 -1.263419
 -1.386294 -1.386294 -1.386294 -1.386294
 -1.935439 -1.145858 -1.258702 -1.371739
 -1.364977 -1.470200 -1.352646 -1.361880
 -1.330327 -1.393909 -1.412975 -1.410229
 -1.317627 -1.413874 -1.244088 -1.605309
 -1.922901 -1.232707 -1.155495 -1.396693
 -1.339364 -1.397998 -1.472746 -1.340932
 -1.435861 -1.313118 -1.584935 -1.244280
 -1.243178 -1.355180 -1.490502 -1.476772
 -1.948205 -1.107960 -1.364421 -1.303021
 -1.520698 -1.335897 -1.247081 -1.464575
 -1.408420 -1.291479 -1.511048 -1.347350
 -1.330736 -1.305167 -1.474894 -1.444826
 -1.920047 -1.136362 -1.270653 -1.379251
 -1.372023 -1.406743 -1.351416 -1.416370
 -1.307456 -1.394316 -1.430818 -1.417263
 -1.358682 -1.354295 -1.256159 -1.608810
 -1.791630 -1.252698 -1.192742 -1.409806
 -1.378288 -1.365609 -1.400869 -1.400869
 -1.442317 -1.290548 -1.630693 -1.228583
 -1.288900 -1.329437 -1.515145 -1.427018
 -1.887509 -1.142683 -1.412870 -1.251254
