 -1.244120 0.000100 0.000100 0.000100
 -1.473306 0.000100 0.000100 0.000100
 -1.791759 0.000100 0.000100 0.000100
 -1.152101 0.000100 0.000100 0.000100
 -1.327798 -1.327798 -1.240787 -1.710788
 -0.931560 -1.481604 -2.243736 -1.299284
 -1.163152 -1.306252 -1.568614 -1.568614
 -1.945907 -1.045125 -1.215023 -1.566420
 -1.072638 -1.386294 -1.932834 -1.335001
 -0.940985 -1.573505 -1.841767 -1.410987
 -1.000634 -0.961413 -1.734599 -2.610056
 -1.729236 -1.182697 -1.642226 -1.131404
 -1.176000 -1.710080 -1.285199 -1.452252
 -1.450010 -1.349927 -1.755390 -1.098614
 -1.098614 -1.673974 -1.673974 -1.232145
 -2.788074 -1.229949 -1.229949 -1.038895
 -13.429854 -13.429854 -0.000004 -13.429854
 -13.400002 -13.400002 -0.000005 -13.400002
 -13.429854 -13.429854 -0.000004 -13.429854
 -13.664692 -13.664692 -0.000003 -13.664692
 -1.386294 -1.386294 -1.386294 -1.386294
 -1.386294 -1.386294 -1.386294 -1.386294
 -14.873302 -14.873302 -0.000001 -14.873302
 -1.386294 -1.386294 -1.386294 -1.386294
 -1.386294 -1.386294 -1.386294 -1.386294
 -1.386294 -1.386294 -1.386294 -1.386294
 -14.873302 -14.873302 -14.873302 -0.000001
 -1.386294 -1.386294 -1.386294 -1.386294
 -1.386294 -1.386294 -1.386294 -1.386294
 -1.386294 -1.386294 -1.386294 -1.386294
 -1.386294 -1.386294 -1.386294 -1.386294
 -0.000001 -14.873302 -14.873302 -14.873302
 -1.400281 -1.414465 -2.330754 -0.883838
 -1.386294 -1.386294 -1.386294 -1.386294
 -1.386294 -1.386294 -1.386294 -1.386294
 -1.386294 -1.386294 -1.386294 -1.386294
 -13.473026 -13.473026 -0.000004 -13.473026
 -13.458841 -13.458841 -0.000004 -13.458841
 -12.542559 -12.542559 -0.000011 -12.542559
 -13.989468 -13.989468 -0.000003 -13.989468
 -1.386294 -1.386294 -1.386294 -1.386294
 -1.386294 -1.386294 -1.386294 -1.386294
 -14.873302 -14.873302 -14.873302 -0.000001
 -1.386294 -1.386294 -1.386294 -1.386294
 -1.386294 -1.386294 -1.386294 -1.386294
 -1.386294 -1.386294 -1.386294 -1.386294
 -1.386294 -1.386294 -1.386294 -1.386294
 -1.974080 -1.358895 -1.711716 -0.858940
 -1.609435 -1.290985 -1.386294 -1.290985
 -1.045970 -2.106835 -1.906166 -0.971862
 -1.118032 -1.648656 -1.553347 -1.312187
 -2.239067 -1.307514 -1.338285 -1.019832
 -1.114362 -1.214445 -3.465692 -1.067842
 -1.309922 -1.252764 -2.197217 -1.098614
 -1.268512 -1.386294 -1.450832 -1.450832
 -2.009758 -1.355835 -1.483668 -0.963794
 -1.400893 -1.056054 -1.836208 -1.400893
 -1.466337 -1.412270 -2.054119 -0.922724
 -1.263693 -1.056055 -2.442331 -1.263693
 -1.914817 -1.221673 -1.558144 -1.057371
 -1.293922 -1.562184 -1.488076 -1.236763
 -1.521469 -1.247033 -1.826848 -1.098613
 -1.408767 -1.241714 -1.727217 -1.241714
 -1.770704 -1.407800 -1.324419 -1.142098
 -1.820331 0.000100 0.000100 0.000100
 -1.659989 0.000100 0.000100 0.000100
 -1.292266 0.000100 0.000100 0.000100
 -0.985536 0.000100 0.000100 0.000100
 -1.526054 -1.526054 -0.832916 -2.036866
 -0.993257 -1.909532 -1.504076 -1.349927
 -1.717647 -0.955515 -1.265668 -1.871796
 -1.485384 -1.079922 -1.667704 -1.405342
 -1.128468 -1.223777 -2.140053 -1.329137
 -1.945903 -1.540443 -1.252764 -1.029622
 -1.308334 -1.308334 -1.413693 -1.531475
 -1.421385 -0.882395 -1.757852 -1.757852
 -1.329137 -1.446918 -1.446918 -1.329137
 -1.410987 -1.921806 -1.410987 -1.005525
 -1.321757 -1.203975 -1.455286 -1.609435
 -1.819153 -1.308334 -0.971864 -1.665004
 -12.706860 -12.706860 -0.000009 -12.706860
 -12.706860 -12.706860 -0.000009 -12.706860
 -12.873912 -12.873912 -0.000008 -12.873912
 -12.821269 -12.821269 -0.000008 -12.821269
 -1.386294 -1.386294 -1.386294 -1.386294
 -1.386294 -1.386294 -1.386294 -1.386294
 -14.166170 -14.166170 -0.000002 -14.166170
 -1.386294 -1.386294 -1.386294 -1.386294
 -1.386294 -1.386294 -1.386294 -1.386294
 -1.386294 -1.386294 -1.386294 -1.386294
 -14.166170 -14.166170 -14.166170 -0.000002
 -1.386294 -1.386294 -1.386294 -1.386294
 -1.386294 -1.386294 -1.386294 -1.386294
 -1.386294 -1.386294 -1.386294 -1.386294
 -1.386294 -1.386294 -1.386294 -1.386294
 -0.000002 -14.166170 -14.166170 -14.166170
 -2.183235 -1.344909 -2.183235 -0.665369
 -1.386294 -1.386294 -1.386294 -1.386294
 -1.386294 -1.386294 -1.386294 -1.386294
 -1.386294 -1.386294 -1.386294 -1.386294
 -11.982954 -11.982954 -0.000019 -11.982954
 -12.821269 -12.821269 -0.000008 -12.821269
 -11.982954 -11.982954 -0.000019 -11.982954
 -13.500805 -13.500805 -0.000004 -13.500805
 -1.386294 -1.386294 -1.386294 -1.386294
 -1.386294 -1.386294 -1.386294 -1.386294
 -14.166170 -14.166170 -14.166170 -0.000002
 -1.386294 -1.386294 -1.386294 -1.386294
 -1.386294 -1.386294 -1.386294 -1.386294
 -1.386294 -1.386294 -1.386294 -1.386294
 -1.386294 -1.386294 -1.386294 -1.386294
 -1.864783 -1.266948 -1.697729 -0.966844
 -1.704741 -2.397863 -1.011607 -1.011607
 -1.203974 -1.386294 -1.290985 -1.742965
 -1.466336 -0.955517 -1.871793 -1.466336
 -1.909537 -1.424034 -1.044547 -1.349927
 -1.455286 -1.203975 -12.611551 -0.762146
 -1.358124 -2.169040 -1.358124 -0.990402
 -1.252764 -1.339775 -2.128221 -1.098615
 -1.763583 -1.763583 -1.070444 -1.157455
 -1.446918 -0.887308 -1.734596 -1.734596
 -1.455286 -1.791753 -1.791753 -0.836254
 -1.648654 -1.060876 -2.159466 -1.060876
 -1.118032 -2.159475 -1.648656 -1.006807
 -1.213024 -1.665004 -1.531475 -1.213024
 -2.833175 -1.916914 -0.887308 -0.961415
 -0.980835 -1.232146 -1.791751 -1.791751
 -1.652920 -2.463837 -0.905712 -1.142099
