 -1.224906 0.000100 0.000100 0.000100
 -1.347508 0.000100 0.000100 0.000100
 -1.369487 0.000100 0.000100 0.000100
 -1.649788 0.000100 0.000100 0.000100
 -1.386294 -1.466336 -1.178656 -1.553347
 -1.263693 -1.263693 -1.882726 -1.263693
 -1.167607 -1.098615 -2.014895 -1.504076
 -1.446918 -1.734596 -1.041457 -1.446918
 -1.306252 -1.473305 -1.673974 -1.163152
 -1.263693 -2.442331 -1.631414 -0.832913
 -1.634128 -1.074517 -1.005525 -2.327262
 -1.791755 -1.252764 -0.965084 -1.791755
 -1.228667 -1.634128 -1.410987 -1.315677
 -1.410987 -1.767657 -1.410987 -1.074517
 -1.119233 -0.947384 -1.589233 -2.505509
 -1.430746 -1.120593 -1.526055 -1.526055
 -1.406913 -1.326871 -13.102169 -0.713770
 -1.406913 -0.896091 -13.102169 -1.058609
 -1.049825 -0.916294 -12.899230 -1.386294
 -2.277252 -0.890977 -12.873912 -0.719128
 -12.948019 -12.948019 -0.000007 -12.948019
 -13.384734 -13.384734 -0.000005 -13.384734
 -1.386294 -1.386294 -1.386294 -1.386294
 -13.458841 -13.458841 -0.000004 -13.458841
 -1.386294 -1.386294 -1.386294 -1.386294
 -1.386294 -1.386294 -1.386294 -1.386294
 -14.386493 -14.386493 -14.386493 -0.000002
 -1.386294 -1.386294 -1.386294 -1.386294
 -1.386294 -1.386294 -1.386294 -1.386294
 -1.386294 -1.386294 -1.386294 -1.386294
 -1.386294 -1.386294 -1.386294 -1.386294
 -0.000002 -14.386493 -14.386493 -14.386493
 -0.000002 -14.386493 -14.386493 -14.386493
 -1.386294 -1.386294 -1.386294 -1.386294
 -1.386294 -1.386294 -1.386294 -1.386294
 -1.386294 -1.386294 -1.386294 -1.386294
 -14.386493 -14.386493 -0.000002 -14.386493
 -1.386294 -1.386294 -1.386294 -1.386294
 -1.386294 -1.386294 -1.386294 -1.386294
 -1.386294 -1.386294 -1.386294 -1.386294
 -1.386294 -1.386294 -1.386294 -1.386294
 -1.386294 -1.386294 -1.386294 -1.386294
 -14.386493 -14.386493 -14.386493 -0.000002
 -1.386294 -1.386294 -1.386294 -1.386294
 -1.386294 -1.386294 -1.386294 -1.386294
 -1.386294 -1.386294 -1.386294 -1.386294
 -1.386294 -1.386294 -1.386294 -1.386294
 -1.742162 -1.224906 -1.843944 -0.986496
 -1.824542 -1.131405 -2.047681 -0.949085
 -2.341794 -1.553347 -1.312187 -0.860204
 -1.029624 -1.540443 -1.945899 -1.252765
 -2.580203 -1.417066 -2.110207 -0.578740
 -1.832572 -1.021656 -3.218792 -0.820987
 -1.363305 -1.458614 -2.374890 -0.870832
 -1.098616 -1.791753 -2.302565 -0.916296
 -1.971549 -1.479076 -1.536234 -0.872942
 -1.791754 -0.944466 -2.197211 -1.098615
 -1.435084 -1.172722 -2.351360 -1.029622
 -1.272967 -0.820987 -3.218792 -1.427116
 -2.358146 -1.213024 -1.308333 -1.085191
 -1.791753 -1.203975 -1.791753 -1.003306
 -1.791756 -1.049824 -2.148427 -1.003304
 -1.757852 -1.170074 -1.980990 -0.969405
 -2.268674 -0.802350 -1.980996 -1.170073
 -1.213024 0.000100 0.000100 0.000100
 -1.531476 0.000100 0.000100 0.000100
 -1.308333 0.000100 0.000100 0.000100
 -1.531476 0.000100 0.000100 0.000100
 -0.893825 -1.481603 -1.481603 -1.992415
 -1.163156 -1.386294 -2.772514 -0.980838
 -1.203976 -1.386294 -1.897107 -1.203976
 -1.386294 -0.826689 -1.386294 -2.772514
 -0.693156 -1.386294 -2.079425 -2.079425
 -1.658222 -1.435084 -1.252765 -1.252765
 -1.871783 -0.955522 -2.564880 -0.955522
 -2.079417 -1.163156 -1.386294 -1.163156
 -1.386294 -1.609433 -1.897107 -0.916298
 -1.252765 -1.658222 -1.098617 -1.658222
 -1.029628 -1.540440 -1.540440 -1.540440
 -1.152684 -1.558141 -0.998536 -2.251263
 -1.704741 -1.145136 -12.301401 -0.693156
 -1.321758 -0.510841 -11.918417 -2.014880
 -1.609433 -0.916298 -12.206093 -0.916298
 -1.734591 -0.753783 -12.043577 -1.041461
 -11.918417 -11.918417 -0.000020 -11.918417
 -12.676088 -12.676088 -0.000009 -12.676088
 -1.386294 -1.386294 -1.386294 -1.386294
 -12.506192 -12.506192 -0.000011 -12.506192
 -1.386294 -1.386294 -1.386294 -1.386294
 -1.386294 -1.386294 -1.386294 -1.386294
 -13.514411 -13.514411 -13.514411 -0.000004
 -1.386294 -1.386294 -1.386294 -1.386294
 -1.386294 -1.386294 -1.386294 -1.386294
 -1.386294 -1.386294 -1.386294 -1.386294
 -1.386294 -1.386294 -1.386294 -1.386294
 -0.000004 -13.514411 -13.514411 -13.514411
 -0.000004 -13.514411 -13.514411 -13.514411
 -1.386294 -1.386294 -1.386294 -1.386294
 -1.386294 -1.386294 -1.386294 -1.386294
 -1.386294 -1.386294 -1.386294 -1.386294
 -13.514411 -13.514411 -0.000004 -13.514411
 -1.386294 -1.386294 -1.386294 -1.386294
 -1.386294 -1.386294 -1.386294 -1.386294
 -1.386294 -1.386294 -1.386294 -1.386294
 -1.386294 -1.386294 -1.386294 -1.386294
 -1.386294 -1.386294 -1.386294 -1.386294
 -13.514411 -13.514411 -13.514411 -0.000004
 -1.386294 -1.386294 -1.386294 -1.386294
 -1.386294 -1.386294 -1.386294 -1.386294
 -1.386294 -1.386294 -1.386294 -1.386294
 -1.386294 -1.386294 -1.386294 -1.386294
 -1.665006 -1.531476 -1.906166 -0.807560
 -1.540440 -1.252766 -1.540440 -1.252766
 -2.772514 -1.386294 -1.386294 -0.826689
 -1.299286 -2.397832 -1.011612 -1.299286
 -2.397874 -1.193925 -2.803323 -0.606142
 -2.302525 -0.510849 -2.302525 -1.609428
 -0.747224 -1.845814 -1.845814 -1.558141
 -0.773204 -0.955522 -11.775321 -1.871783
 -2.079429 -1.067844 -1.163153 -1.519824
 -1.897107 -0.916298 -2.302555 -1.049828
 -1.021656 -1.272967 -2.120246 -1.427116
 -0.847310 -1.945889 -2.638986 -1.029628
 -11.918417 -2.707977 -0.628623 -0.916301
 -1.098618 -2.197197 -2.890294 -0.693158
 -1.504075 -0.693158 -12.100735 -1.280936
 -1.540440 -0.847310 -1.540440 -1.945889
 -3.177970 -0.539006 -2.079425 -1.386294
