 -1.309224 0.000100 0.000100 0.000100
 -1.600575 0.000100 0.000100 0.000100
 -1.928262 0.000100 0.000100 0.000100
 -0.960271 0.000100 0.000100 0.000100
 -1.215023 -1.566420 -2.313628 -0.927342
 -1.275069 -1.916918 -3.526316 -0.608593
 -0.756330 -2.282371 -1.812374 -1.326871
 -1.248895 -1.969438 -1.492516 -1.053151
 -0.974561 -1.890848 -2.098486 -1.052522
 -1.243195 -1.754016 -2.564932 -0.773193
 -0.875472 -2.484890 -2.261751 -0.926765
 -1.542992 -2.041981 -1.656321 -0.764325
 -0.742911 -2.332138 -2.555279 -1.051211
 -0.938273 -1.882726 -3.135453 -0.884206
 -0.592056 -2.058380 -3.156959 -1.285199
 -1.514772 -1.652922 -1.452252 -1.036738
 -1.452986 -1.562184 -2.112228 -0.831299
 -1.832577 -1.514127 -13.122372 -0.478041
 -0.973452 -2.197213 -2.014895 -0.973452
 -1.551808 -1.592630 -1.474847 -1.033016
 -1.037245 -1.479076 -2.066858 -1.233954
 -1.245217 -2.243736 -3.496464 -0.552072
 -1.232145 -1.925285 -1.568614 -1.037990
 -1.791758 -2.484901 -1.280934 -0.750307
 -0.976917 -2.140061 -1.957741 -1.008666
 -1.386294 -1.704745 -1.992423 -0.839755
 -1.131404 -1.562184 -2.517683 -0.949083
 -1.428258 -1.764729 -1.725509 -0.889263
 -1.183771 -1.694594 -2.639047 -0.823769
 -1.460402 -2.233583 -2.233583 -0.591368
 -1.326871 -1.945904 -1.812374 -0.847301
 -1.602002 -2.007466 -1.371479 -0.890508
 -1.086637 -2.221610 -2.221610 -0.807925
 -1.589233 -1.812374 -2.505509 -0.595988
 -1.522426 -2.215564 -1.810105 -0.675132
 -2.120261 -1.678430 -1.514127 -0.747957
 -1.128467 -2.273589 -2.610056 -0.693150
 -1.223777 -2.322376 -3.238636 -0.564534
 -1.368276 -2.621021 -2.061416 -0.606140
 -1.915695 -1.726453 -1.797912 -0.674911
 -1.544899 -1.832578 -3.218848 -0.533302
 -1.860747 -1.504076 -3.806571 -0.510831
 -1.516346 -1.767657 -2.327262 -0.669055
 -1.992428 -1.736496 -1.559566 -0.739668
 -1.252764 -1.722764 -2.639039 -0.767258
 -1.321756 -2.148427 -2.148427 -0.693150
 -1.167607 -1.504076 -2.708026 -0.916294
 -1.951607 -1.736496 -1.644123 -0.716138
 -1.266948 -1.777771 -2.316761 -0.796946
 -1.495493 -1.662546 -2.268674 -0.728242
 -1.673974 -2.079433 -1.925285 -0.613109
 -2.184799 -1.641186 -1.437587 -0.784715
 -0.958853 -2.148427 -4.094251 -0.727052
 -1.897116 -2.302575 -2.014897 -0.483431
 -1.352393 -2.674130 -1.662546 -0.728242
 -2.235687 -1.603168 -1.177084 -0.958031
 -1.023391 -2.212965 -2.549431 -0.791590
 -1.252764 -2.100052 -2.793183 -0.633728
 -1.143065 -1.931517 -2.036876 -0.901904
 -2.047690 -2.210208 -1.305756 -0.712693
 -13.579793 -13.579793 -13.579793 -0.000004
 -12.899230 -12.899230 -12.899230 -0.000008
 -13.287885 -13.287885 -13.287885 -0.000005
 -14.279247 -14.279247 -14.279247 -0.000002
 -1.386294 -1.386294 -1.386294 -1.386294
 -1.386294 -1.386294 -1.386294 -1.386294
 -1.386294 -1.386294 -1.386294 -1.386294
 -2.236562 -1.725738 -1.354175 -0.783131
 -0.944466 -1.386294 -12.793871 -1.018573
 -1.696447 -1.696447 -2.302575 -0.628612
 -1.330414 -2.519988 -1.826848 -0.704710
 -2.328898 -1.426035 -1.704747 -0.732889
 -13.353481 -13.353481 -13.353481 -0.000005
 -13.369229 -13.369229 -13.369229 -0.000005
 -13.081550 -13.081550 -13.081550 -0.000006
 -14.297939 -14.297939 -14.297939 -0.000002
 -1.386294 -1.386294 -1.386294 -1.386294
 -1.386294 -1.386294 -1.386294 -1.386294
 -1.386294 -1.386294 -1.386294 -1.386294
 -2.156520 -1.692948 -1.101584 -0.999802
 -12.873912 -12.873912 -12.873912 -0.000008
 -13.337481 -13.337481 -13.337481 -0.000005
 -13.928843 -13.928843 -13.928843 -0.000003
 -14.030625 -14.030625 -14.030625 -0.000002
 -1.386294 -1.386294 -1.386294 -1.386294
 -1.386294 -1.386294 -1.386294 -1.386294
 -1.386294 -1.386294 -1.386294 -1.386294
 -15.030424 -15.030424 -15.030424 -0.000001
 -1.386294 -1.386294 -1.386294 -1.386294
 -1.386294 -1.386294 -1.386294 -1.386294
 -1.386294 -1.386294 -1.386294 -1.386294
 -1.075151 -2.131202 -15.030424 -0.616077
 -13.955276 -0.000003 -13.955276 -13.955276
 -12.899230 -0.000007 -12.899230 -12.899230
 -1.386294 -1.386294 -1.386294 -1.386294
 -14.414350 -0.000002 -14.414350 -14.414350
 -1.386294 -1.386294 -1.386294 -1.386294
 -0.000001 -15.030424 -15.030424 -15.030424
 -1.386294 -1.386294 -1.386294 -1.386294
 -1.386294 -1.386294 -1.386294 -1.386294
 -15.030424 -15.030424 -0.000001 -15.030424
 -1.386294 -1.386294 -1.386294 -1.386294
 -1.386294 -1.386294 -1.386294 -1.386294
 -1.386294 -1.386294 -1.386294 -1.386294
 -1.386294 -1.386294 -1.386294 -1.386294
 -1.386294 -1.386294 -1.386294 -1.386294
 -1.585976 -2.035892 -0.638300 -1.991441
 -1.386294 -1.386294 -1.386294 -1.386294
 -1.400893 -2.288188 -1.836208 -0.707749
 -1.219242 -1.838274 -3.091002 -0.693152
 -1.331636 -2.046287 -1.444114 -0.992130
 -1.526055 -1.882726 -1.631414 -0.832913
 -0.854992 -2.068008 -1.900956 -1.207812
 -1.219242 -1.586963 -1.586963 -1.219242
 -0.900789 -1.961654 -1.325670 -1.673974
 -1.490091 -2.065453 -1.242255 -1.024002
 -1.459445 0.000100 0.000100 0.000100
 -1.552971 0.000100 0.000100 0.000100
 -1.390452 0.000100 0.000100 0.000100
 -1.180732 0.000100 0.000100 0.000100
 -1.386294 -1.828123 -0.889860 -1.722764
 -1.292769 -1.985909 -1.852379 -0.840787
 -1.098614 -2.302575 -1.696447 -0.958853
 -1.739113 -1.531476 -1.308333 -1.085191
 -1.402824 -1.808285 -1.625965 -0.932822
 -0.929540 -1.691672 -2.944399 -0.998532
 -1.293922 -1.824546 -1.293922 -1.236763
 -1.817075 -1.609437 -1.337504 -0.980831
 -1.261132 -1.791756 -1.049824 -1.609436
 -1.681755 -1.681755 -1.563974 -0.870832
 -1.006807 -2.005327 -1.312187 -1.466336
 -1.318853 -1.969437 -1.621133 -0.927988
 -1.639742 -1.639742 -1.113652 -1.260254
 -1.413693 -1.819153 -2.224609 -0.720551
 -1.220503 -1.712976 -1.402823 -1.277661
 -1.691674 -1.845824 -1.286211 -0.963439
 -1.155772 -1.591087 -2.379534 -0.944464
 -1.435084 -1.945903 -1.435084 -0.965084
 -0.991642 -2.181216 -1.642226 -1.131404
 -1.779781 -1.240787 -1.853888 -0.953106
 -1.214445 -1.673974 -1.856294 -1.023391
 -1.232145 -1.925285 -2.261751 -0.780162
 -0.980833 -1.897113 -1.742965 -1.203974
 -1.780584 -1.230541 -1.655422 -1.054650
 -1.370546 -1.945905 -1.052094 -1.370546
 -1.446918 -1.533929 -1.852379 -0.936096
 -1.098615 -2.277252 -1.584118 -1.024507
 -1.586964 -1.432814 -1.532897 -1.076141
 -0.986497 -1.774949 -1.438480 -1.512587
 -1.609436 -2.014895 -1.408767 -0.862227
 -0.998531 -1.478101 -1.478101 -1.740463
 -1.742967 -1.386294 -1.548812 -1.014732
 -1.417066 -1.481604 -1.481604 -1.193923
 -1.406914 -1.694593 -1.493924 -1.058609
 -0.962813 -2.621021 -1.368276 -1.234746
 -1.490090 -1.777771 -1.372308 -1.043806
 -1.535329 -1.871798 -1.609436 -0.842185
 -1.049825 -1.609435 -2.302570 -1.049825
 -0.969403 -1.980996 -2.268674 -0.969403
 -1.717649 -1.360977 -1.265667 -1.265667
 -1.163152 -1.673974 -1.386294 -1.386294
 -1.189586 -1.526055 -1.430746 -1.430746
 -0.628613 -2.197213 -1.860747 -1.609436
 -1.621133 -1.458615 -1.409825 -1.122144
 -1.484274 -1.919589 -1.373049 -0.985285
 -0.905712 -2.240698 -2.463837 -0.905712
 -2.061416 -1.704745 -0.916293 -1.234746
 -1.961654 -1.760985 -1.214445 -0.940009
 -1.871797 -1.871797 -1.060874 -1.060874
 -0.838334 -1.308334 -2.917731 -1.413693
 -1.114362 -1.760985 -1.673974 -1.163152
 -1.838277 -1.704746 -1.145133 -1.076141
 -1.244325 -1.512587 -1.880309 -1.081807
 -1.321756 -1.609436 -2.014895 -0.916294
 -1.149907 -1.696447 -2.014897 -1.003304
 -1.453433 -1.453433 -1.945906 -0.942610
 -13.400002 -13.400002 -13.400002 -0.000005
 -13.142174 -13.142174 -13.142174 -0.000006
 -12.736712 -12.736712 -12.736712 -0.000009
 -13.710155 -13.710155 -13.710155 -0.000003
 -1.386294 -1.386294 -1.386294 -1.386294
 -1.386294 -1.386294 -1.386294 -1.386294
 -1.386294 -1.386294 -1.386294 -1.386294
 -1.572774 -1.572774 -1.194338 -1.265289
 -1.609436 -1.427116 -1.427116 -1.139436
 -1.272967 -2.525712 -1.714795 -0.776532
 -1.457246 -1.517870 -1.582408 -1.071585
 -1.821609 -1.329136 -1.446919 -1.084015
 -13.161592 -13.161592 -13.161592 -0.000006
 -13.122372 -13.122372 -13.122372 -0.000006
 -13.161592 -13.161592 -13.161592 -0.000006
 -13.676253 -13.676253 -13.676253 -0.000003
 -1.386294 -1.386294 -1.386294 -1.386294
 -1.386294 -1.386294 -1.386294 -1.386294
 -1.386294 -1.386294 -1.386294 -1.386294
 -1.821234 -1.390452 -1.102771 -1.357663
 -12.873912 -12.873912 -12.873912 -0.000008
 -13.304691 -13.304691 -13.304691 -0.000005
 -13.592372 -13.592372 -13.592372 -0.000004
 -13.337481 -13.337481 -13.337481 -0.000005
 -1.386294 -1.386294 -1.386294 -1.386294
 -1.386294 -1.386294 -1.386294 -1.386294
 -1.386294 -1.386294 -1.386294 -1.386294
 -14.695139 -14.695139 -14.695139 -0.000001
 -1.386294 -1.386294 -1.386294 -1.386294
 -1.386294 -1.386294 -1.386294 -1.386294
 -1.386294 -1.386294 -1.386294 -1.386294
 -1.250691 -1.441746 -14.695139 -0.739866
 -13.444452 -0.000004 -13.444452 -13.444452
 -13.253399 -0.000005 -13.253399 -13.253399
 -1.386294 -1.386294 -1.386294 -1.386294
 -13.955276 -0.000003 -13.955276 -13.955276
 -1.386294 -1.386294 -1.386294 -1.386294
 -0.000001 -14.695139 -14.695139 -14.695139
 -1.386294 -1.386294 -1.386294 -1.386294
 -1.386294 -1.386294 -1.386294 -1.386294
 -14.695139 -14.695139 -0.000001 -14.695139
 -1.386294 -1.386294 -1.386294 -1.386294
 -1.386294 -1.386294 -1.386294 -1.386294
 -1.386294 -1.386294 -1.386294 -1.386294
 -1.386294 -1.386294 -1.386294 -1.386294
 -1.386294 -1.386294 -1.386294 -1.386294
 -1.180732 -1.441746 -1.634649 -1.341662
 -1.386294 -1.386294 -1.386294 -1.386294
 -1.045970 -2.106835 -1.359626 -1.308333
 -1.098614 -2.097134 -2.656739 -0.747218
 -1.211092 -2.751510 -1.904232 -0.714658
 -1.745237 -2.063687 -1.578184 -0.709151
 -1.029621 -2.302577 -1.540444 -1.113002
 -1.216398 -1.909532 -1.686394 -0.993257
 -0.927990 -3.068012 -1.363305 -1.196252
 -1.396245 -1.781905 -1.524078 -1.004204
