 -1.276732 0.000100 0.000100 0.000100
 -2.028146 0.000100 0.000100 0.000100
 -1.813036 0.000100 0.000100 0.000100
 -0.852576 0.000100 0.000100 0.000100
 -0.925772 -1.572395 -2.583980 -1.137080
 -1.272967 -1.832572 -3.218792 -0.653935
 -0.725943 -3.433900 -2.047681 -1.036096
 -1.755390 -1.755390 -1.349927 -0.928715
 -0.907560 -1.963604 -1.963604 -1.152681
 -1.003306 -2.014891 -2.302565 -0.916296
 -0.628616 -2.708013 -2.302565 -1.203975
 -1.517870 -1.457246 -1.651400 -1.032364
 -1.145134 -1.704746 -1.992425 -1.011603
 -1.236764 -2.047681 -2.740803 -0.661405
 -1.029624 -1.945899 -2.233573 -0.934314
 -1.535329 -2.564935 -1.401798 -0.773193
 -1.349927 -1.909537 -1.909537 -0.810934
 -1.139438 -3.218792 -3.218792 -0.510835
 -1.455286 -3.401111 -2.014891 -0.510833
 -1.996550 -1.621859 -1.561235 -0.783533
 -1.123932 -2.079432 -1.386294 -1.203974
 -1.060876 -2.159466 -2.564915 -0.773197
 -0.762146 -2.302565 -2.302565 -1.098616
 -1.710080 -1.978342 -1.452252 -0.805627
 -1.137080 -1.890845 -1.890845 -0.974562
 -0.875475 -1.568613 -12.388411 -0.980835
 -0.838334 -2.512283 -1.819152 -1.126014
 -1.765782 -1.622682 -2.028143 -0.693150
 -1.029622 -1.828123 -2.415901 -0.934312
 -1.642224 -1.642224 -2.740803 -0.600781
 -1.386294 -2.484873 -1.791751 -0.693156
 -2.289999 -1.596858 -1.373716 -0.814102
 -1.123932 -2.079432 -2.590244 -0.744445
 -1.417066 -1.417066 -2.803323 -0.788463
 -1.131405 -2.740803 -1.354546 -1.036096
 -2.056448 -2.056448 -1.458615 -0.670160
 -0.965084 -2.128221 -2.351360 -0.904460
 -1.178658 -3.258012 -1.466336 -0.860208
 -2.110200 -2.397874 -1.550595 -0.552076
 -2.409187 -2.542716 -1.192800 -0.638491
 -1.280935 -1.791754 -2.890333 -0.693153
 -1.386294 -2.079417 -11.982954 -0.470019
 -1.481604 -2.397879 -1.992423 -0.606141
 -2.240704 -1.835242 -1.547562 -0.651477
 -0.887308 -1.916914 -2.427727 -1.041457
 -1.909532 -1.686394 -2.197206 -0.587795
 -1.386294 -1.722761 -2.639022 -0.693154
 -2.417889 -1.976060 -1.282916 -0.703099
 -1.446918 -2.140053 -1.916914 -0.693153
 -1.287856 -1.757852 -2.268664 -0.802353
 -1.386294 -2.484885 -1.974072 -0.639086
 -2.564939 -1.738269 -1.252764 -0.773192
 -2.079429 -1.673972 -12.676089 -0.374701
 -1.252765 -1.945899 -2.639022 -0.693154
 -0.890977 -3.663472 -1.871796 -0.890977
 -2.208269 -1.871799 -1.375365 -0.726672
 -12.847937 -12.847937 -12.847937 -0.000008
 -12.429233 -12.429233 -12.429233 -0.000012
 -12.644341 -12.644341 -12.644341 -0.000010
 -13.774693 -13.774693 -13.774693 -0.000003
 -1.386294 -1.386294 -1.386294 -1.386294
 -1.386294 -1.386294 -1.386294 -1.386294
 -1.386294 -1.386294 -1.386294 -1.386294
 -14.457367 -14.457367 -14.457367 -0.000002
 -1.386294 -1.386294 -1.386294 -1.386294
 -1.386294 -1.386294 -1.386294 -1.386294
 -1.386294 -1.386294 -1.386294 -1.386294
 -2.474431 -1.845825 -1.057370 -0.890316
 -2.079417 -1.163156 -2.772514 -0.693160
 -1.455286 -1.791753 -2.302565 -0.693154
 -1.481604 -1.791756 -1.481604 -0.970781
 -1.871799 -1.791757 -1.137834 -1.024506
 -12.793871 -12.793871 -12.793871 -0.000008
 -12.736712 -12.736712 -12.736712 -0.000009
 -12.994539 -12.994539 -12.994539 -0.000007
 -13.541079 -13.541079 -13.541079 -0.000004
 -1.386294 -1.386294 -1.386294 -1.386294
 -1.386294 -1.386294 -1.386294 -1.386294
 -1.386294 -1.386294 -1.386294 -1.386294
 -2.682069 -1.781287 -1.418383 -0.651905
 -11.775321 -11.775321 -11.775321 -0.000023
 -12.676089 -12.676089 -12.676089 -0.000009
 -13.038991 -13.038991 -13.038991 -0.000007
 -13.805464 -13.805464 -13.805464 -0.000003
 -1.386294 -1.386294 -1.386294 -1.386294
 -1.386294 -1.386294 -1.386294 -1.386294
 -1.386294 -1.386294 -1.386294 -1.386294
 -14.457367 -14.457367 -14.457367 -0.000002
 -1.386294 -1.386294 -1.386294 -1.386294
 -1.386294 -1.386294 -1.386294 -1.386294
 -1.386294 -1.386294 -1.386294 -1.386294
 -14.457367 -14.457367 -0.000002 -14.457367
 -1.386294 -1.386294 -1.386294 -1.386294
 -1.386294 -1.386294 -1.386294 -1.386294
 -14.457367 -0.000002 -14.457367 -14.457367
 -1.386294 -1.386294 -1.386294 -1.386294
 -1.386294 -1.386294 -1.386294 -1.386294
 -0.000002 -14.457367 -14.457367 -14.457367
 -1.386294 -1.386294 -1.386294 -1.386294
 -1.386294 -1.386294 -1.386294 -1.386294
 -14.457367 -14.457367 -0.000002 -14.457367
 -1.386294 -1.386294 -1.386294 -1.386294
 -1.386294 -1.386294 -1.386294 -1.386294
 -1.386294 -1.386294 -1.386294 -1.386294
 -1.386294 -1.386294 -1.386294 -1.386294
 -1.386294 -1.386294 -1.386294 -1.386294
 -1.027517 -1.951186 -1.169487 -1.663504
 -1.386294 -1.386294 -1.386294 -1.386294
 -1.275069 -2.022278 -1.511457 -1.000634
 -1.686394 -1.216398 -2.602654 -0.810937
 -1.081807 -1.512587 -1.679640 -1.369487
 -1.791754 -1.791754 -1.504076 -0.810935
 -0.916294 -1.832577 -1.609436 -1.427116
 -1.018573 -2.197211 -1.504076 -1.185626
 -1.098615 -1.791754 -1.386294 -1.386294
 -1.386294 -2.273589 -1.275069 -1.000634
 -1.178658 0.000100 0.000100 0.000100
 -2.159466 0.000100 0.000100 0.000100
 -1.648654 0.000100 0.000100 0.000100
 -0.955517 0.000100 0.000100 0.000100
 -0.693172 -11.289832 -1.386294 -1.386294
 -0.405548 -1.098646 -10.309086 -10.309086
 -0.916321 -10.819859 -1.609418 -0.916321
 -11.512965 -0.916306 -11.512965 -0.510849
 -1.386294 -2.079391 -1.386294 -0.980846
 -1.609418 -0.916321 -1.609418 -1.609418
 -1.098646 -1.098646 -1.098646 -10.309086
 -1.609428 -0.916306 -1.609428 -1.609428
 -1.098629 -11.002167 -1.098629 -1.098629
 -2.079391 -11.289832 -11.289832 -0.133567
 -1.098629 -11.002167 -0.405507 -11.002167
 -1.791726 -1.098629 -1.791726 -1.098629
 -1.098629 -0.693181 -1.791726 -11.002167
 -9.903687 -9.903687 -0.693247 -0.693247
 -1.252770 -11.156308 -0.847322 -1.252770
 -1.299286 -1.299286 -1.299286 -1.704734
 -1.252770 -1.945867 -0.847322 -1.945867
 -1.791726 -1.098629 -11.002167 -0.693181
 -0.133567 -11.289832 -11.289832 -2.079391
 -0.916321 -1.609418 -10.819859 -0.916321
 -1.791743 -2.484840 -0.287704 -11.695280
 -0.693197 -10.596735 -1.386294 -1.386294
 -0.405548 -10.309086 -1.098646 -10.309086
 -1.945867 -1.945867 -1.252770 -0.847322
 -1.252770 -1.252770 -1.252770 -1.945867
 -9.903687 -9.903687 -0.693247 -0.693247
 -0.485526 -1.466334 -11.775321 -1.871783
 -10.596735 -1.386294 -1.386294 -0.693197
 -1.203979 -1.609428 -1.609428 -1.203979
 -1.098629 -11.002167 -11.002167 -0.405507
 -0.287749 -10.596735 -1.386294 -10.596735
 -11.002167 -1.791726 -1.791726 -0.405507
 -0.470034 -11.289832 -0.980846 -11.289832
 -10.309086 -1.098646 -1.098646 -1.098646
 -10.596735 -0.693197 -10.596735 -0.693197
 -1.299286 -1.299286 -2.397832 -1.011612
 -0.980846 -2.079391 -0.980846 -2.079391
 -0.405507 -11.002167 -11.002167 -1.098629
 -0.916321 -10.819859 -1.609418 -0.916321
 -11.156308 -0.847322 -1.252770 -1.252770
 -1.504072 -1.504072 -0.810950 -2.197169
 -1.386294 -1.386294 -10.596735 -0.693197
 -1.098629 -1.098629 -1.791726 -1.791726
 -1.945867 -0.847322 -1.945867 -1.252770
 -1.098629 -11.002167 -1.791726 -0.693181
 -0.980846 -2.079391 -2.079391 -0.980846
 -1.791726 -1.098629 -1.098629 -1.791726
 -0.693181 -11.002167 -1.098629 -1.791726
 -2.197169 -1.098623 -1.504072 -1.098623
 -0.405548 -1.098646 -10.309086 -10.309086
 -1.098629 -1.791726 -0.693181 -11.002167
 -2.079391 -0.980846 -1.386294 -1.386294
 -11.002167 -11.002167 -11.002167 -0.000050
 -11.289832 -11.289832 -11.289832 -0.000038
 -11.156307 -11.156307 -11.156307 -0.000043
 -10.819859 -10.819859 -10.819859 -0.000060
 -1.386294 -1.386294 -1.386294 -1.386294
 -1.386294 -1.386294 -1.386294 -1.386294
 -1.386294 -1.386294 -1.386294 -1.386294
 -12.468452 -12.468452 -12.468452 -0.000012
 -1.386294 -1.386294 -1.386294 -1.386294
 -1.386294 -1.386294 -1.386294 -1.386294
 -1.386294 -1.386294 -1.386294 -1.386294
 -1.178658 -2.159466 -0.860208 -1.871793
 -1.386294 -2.079391 -2.079391 -0.693172
 -10.309086 -10.309086 -1.098646 -0.405548
 -1.704734 -2.397832 -1.704734 -0.606156
 -10.596735 -0.693197 -1.386294 -1.386294
 -10.596735 -10.596735 -10.596735 -0.000075
 -10.596735 -10.596735 -10.596735 -0.000075
 -10.819859 -10.819859 -10.819859 -0.000060
 -11.775321 -11.775321 -11.775321 -0.000023
 -1.386294 -1.386294 -1.386294 -1.386294
 -1.386294 -1.386294 -1.386294 -1.386294
 -1.386294 -1.386294 -1.386294 -1.386294
 -1.466336 -1.178658 -1.466336 -1.466336
 -11.002167 -11.002167 -11.002167 -0.000050
 -11.289832 -11.289832 -11.289832 -0.000038
 -11.002167 -11.002167 -11.002167 -0.000050
 -11.002167 -11.002167 -11.002167 -0.000050
 -1.386294 -1.386294 -1.386294 -1.386294
 -1.386294 -1.386294 -1.386294 -1.386294
 -1.386294 -1.386294 -1.386294 -1.386294
 -12.468452 -12.468452 -12.468452 -0.000012
 -1.386294 -1.386294 -1.386294 -1.386294
 -1.386294 -1.386294 -1.386294 -1.386294
 -1.386294 -1.386294 -1.386294 -1.386294
 -12.468452 -12.468452 -0.000012 -12.468452
 -1.386294 -1.386294 -1.386294 -1.386294
 -1.386294 -1.386294 -1.386294 -1.386294
 -12.468452 -0.000011 -12.468452 -12.468452
 -1.386294 -1.386294 -1.386294 -1.386294
 -1.386294 -1.386294 -1.386294 -1.386294
 -0.000011 -12.468452 -12.468452 -12.468452
 -1.386294 -1.386294 -1.386294 -1.386294
 -1.386294 -1.386294 -1.386294 -1.386294
 -12.468452 -12.468452 -0.000012 -12.468452
 -1.386294 -1.386294 -1.386294 -1.386294
 -1.386294 -1.386294 -1.386294 -1.386294
 -1.386294 -1.386294 -1.386294 -1.386294
 -1.386294 -1.386294 -1.386294 -1.386294
 -1.386294 -1.386294 -1.386294 -1.386294
 -1.466336 -0.955517 -1.648654 -1.648654
 -1.386294 -1.386294 -1.386294 -1.386294
 -1.098629 -11.002167 -1.098629 -1.098629
 -1.203979 -2.302525 -11.512965 -0.510849
 -1.609418 -1.609418 -10.819859 -0.510872
 -0.916321 -1.609418 -10.819859 -0.916321
 -0.980846 -11.289832 -0.980846 -1.386294
 -1.098646 -1.098646 -10.309086 -1.098646
 -9.903687 -0.693247 -0.693247 -9.903687
 -0.955522 -11.775321 -0.619056 -2.564880
