 -1.197894 0.000100 0.000100 0.000100
 -2.129451 0.000100 0.000100 0.000100
 -1.732570 0.000100 0.000100 0.000100
 -0.910212 0.000100 0.000100 0.000100
 -1.011602 -1.376244 -2.515670 -1.193923
 -1.178657 -2.277252 -2.564926 -0.667835
 -0.841570 -2.450992 -1.863214 -1.116006
 -1.747306 -1.887068 -1.624705 -0.739669
 -1.067842 -2.367117 -1.925288 -0.875470
 -1.424034 -1.791756 -2.197215 -0.730891
 -1.056055 -1.430746 -1.631414 -1.526055
 -1.481604 -2.243741 -1.481604 -0.822360
 -1.189585 -1.813736 -2.036878 -0.910872
 -1.363305 -1.815285 -2.662564 -0.670162
 -1.133100 -1.998090 -1.880309 -0.942046
 -1.853316 -1.902106 -1.463852 -0.770707
 -1.073612 -1.730388 -1.884538 -1.111353
 -0.867504 -2.525712 -2.813385 -0.820984
 -0.829282 -2.061416 -1.810105 -1.299284
 -1.602517 -1.974079 -1.358895 -0.909371
 -1.319284 -2.312529 -1.907068 -0.723302
 -1.609436 -1.727217 -2.708026 -0.587792
 -1.402824 -1.913645 -1.471816 -0.975382
 -1.851350 -1.905417 -1.428495 -0.788459
 -0.990401 -1.763586 -2.169047 -1.070443
 -1.609436 -1.609436 -1.727217 -0.862227
 -1.545923 -2.724561 -2.724561 -0.421999
 -1.589893 -2.028146 -1.558144 -0.789775
 -1.073612 -1.661396 -2.289999 -1.002154
 -1.408767 -1.408767 -2.197213 -0.916294
 -1.006807 -2.159475 -1.871797 -1.006807
 -1.765783 -2.079439 -1.217218 -0.896747
 -1.283347 -1.646250 -2.221610 -0.863495
 -1.629238 -2.545514 -2.322376 -0.466094
 -1.299284 -2.243736 -1.550596 -0.893820
 -2.079438 -1.716535 -1.214445 -0.920206
 -0.985819 -1.806794 -2.818379 -0.908858
 -1.139436 -2.525712 -2.302573 -0.693151
 -1.245217 -3.091015 -1.481604 -0.822362
 -2.086359 -1.542746 -1.718636 -0.728240
 -0.922724 -2.054119 -3.258068 -0.830350
 -1.406914 -1.812374 -2.505509 -0.672949
 -1.714795 -2.120255 -1.427116 -0.776532
 -2.072838 -1.685074 -1.616082 -0.713216
 -1.004585 -1.864781 -2.183231 -1.004585
 -1.466336 -2.564932 -2.159475 -0.550051
 -1.326871 -1.589233 -1.694593 -1.058609
 -2.005331 -1.958812 -1.386294 -0.745792
 -1.637607 -1.568615 -3.178026 -0.587790
 -1.285199 -3.156959 -2.240698 -0.554316
 -1.488076 -2.335365 -1.929905 -0.630630
 -2.100058 -1.493925 -1.732335 -0.741939
 -1.244325 -1.774949 -2.691225 -0.745336
 -0.980832 -2.079434 -3.332161 -0.767258
 -1.276294 -3.068012 -1.681755 -0.716682
 -1.803593 -2.191357 -1.351609 -0.766352
 -1.178656 -1.871799 -2.970395 -0.719125
 -1.691672 -2.538951 -2.538951 -0.418717
 -0.764609 -2.961804 -1.662545 -1.227231
 -2.328898 -1.901457 -1.540445 -0.618113
 -0.440315 -1.245938 -2.681007 -13.500805
 -0.535524 -1.634128 -1.516346 -12.923923
 -0.796335 -2.140057 -0.840786 -13.142174
 -1.309561 -1.456164 -0.699302 -14.304093
 -0.472908 -1.120592 -2.981332 -14.137597
 -0.601583 -1.245938 -1.805550 -13.500805
 -0.810932 -1.766440 -0.955513 -13.972518
 -1.386294 -1.386294 -1.386294 -1.386294
 -1.007397 -1.685275 -4.083140 -0.837979
 -1.563975 -2.056448 -2.257116 -0.583149
 -0.940009 -2.079435 -2.079435 -1.023391
 -1.386294 -1.386294 -1.386294 -1.386294
 -13.892475 -13.892475 -13.892475 -0.000003
 -13.161592 -13.161592 -13.161592 -0.000006
 -12.206093 -12.206093 -12.206093 -0.000015
 -14.207556 -14.207556 -14.207556 -0.000002
 -1.386294 -1.386294 -1.386294 -1.386294
 -1.386294 -1.386294 -1.386294 -1.386294
 -1.386294 -1.386294 -1.386294 -1.386294
 -1.767661 -2.266651 -1.282154 -0.802582
 -13.235700 -13.235700 -13.235700 -0.000005
 -12.736712 -12.736712 -12.736712 -0.000009
 -13.721204 -13.721204 -13.721204 -0.000003
 -14.200776 -14.200776 -14.200776 -0.000002
 -1.386294 -1.386294 -1.386294 -1.386294
 -1.386294 -1.386294 -1.386294 -1.386294
 -1.386294 -1.386294 -1.386294 -1.386294
 -15.003355 -15.003355 -15.003355 -0.000001
 -1.386294 -1.386294 -1.386294 -1.386294
 -1.386294 -1.386294 -1.386294 -1.386294
 -1.386294 -1.386294 -1.386294 -1.386294
 -1.921812 -2.902637 -0.663116 -1.260414
 -13.081550 -0.000006 -13.081550 -13.081550
 -12.100734 -0.000017 -12.100734 -12.100734
 -14.340241 -0.000002 -14.340241 -14.340241
 -13.742944 -0.000003 -13.742944 -13.742944
 -1.386294 -1.386294 -1.386294 -1.386294
 -0.000001 -15.003355 -15.003355 -15.003355
 -1.386294 -1.386294 -1.386294 -1.386294
 -1.386294 -1.386294 -1.386294 -1.386294
 -15.003355 -15.003355 -0.000001 -15.003355
 -1.386294 -1.386294 -1.386294 -1.386294
 -1.386294 -1.386294 -1.386294 -1.386294
 -1.386294 -1.386294 -1.386294 -1.386294
 -1.386294 -1.386294 -1.386294 -1.386294
 -1.386294 -1.386294 -1.386294 -1.386294
 -1.315677 -2.237664 -0.705418 -2.031812
 -1.386294 -1.386294 -1.386294 -1.386294
 -1.532897 -1.992426 -1.386294 -0.921990
 -1.945902 -1.609435 -2.169040 -0.610915
 -1.374024 -1.996552 -1.504077 -0.944462
 -1.969433 -1.681755 -1.276294 -0.927990
 -1.043806 -1.777771 -1.777771 -1.171638
 -0.713770 -3.198631 -1.694593 -1.252764
 -0.971862 -1.665006 -1.739113 -1.359626
 -1.314321 -1.806796 -1.184268 -1.342492
 -1.403454 0.000100 0.000100 0.000100
 -1.686021 0.000100 0.000100 0.000100
 -1.434706 0.000100 0.000100 0.000100
 -1.106203 0.000100 0.000100 0.000100
 -1.312187 -1.977160 -1.178656 -1.256617
 -1.289131 -2.020015 -1.751752 -0.871397
 -0.986135 -1.840548 -1.658227 -1.280934
 -1.581267 -1.581267 -1.403586 -1.070442
 -1.064711 -1.215534 -1.718636 -1.718636
 -1.247033 -1.826848 -1.826848 -0.939549
 -1.131403 -1.684786 -1.729238 -1.156721
 -1.719303 -1.392092 -1.439719 -1.092849
 -1.032364 -1.725509 -1.549619 -1.372689
 -1.074516 -1.676689 -1.978968 -1.098613
 -1.138222 -1.862138 -1.267434 -1.415853
 -1.798148 -1.367366 -1.500897 -1.030895
 -1.246249 -1.596450 -1.223776 -1.533930
 -0.990400 -1.475906 -2.014900 -1.321756
 -0.826680 -1.386294 -2.233588 -1.583004
 -1.736699 -1.485385 -1.262242 -1.156882
 -1.268512 -1.641186 -1.337504 -1.337504
 -1.168206 -1.834683 -1.688080 -1.065552
 -1.040019 -1.757856 -1.457753 -1.421386
 -1.719785 -1.401332 -1.762344 -0.908857
 -1.252763 -1.694595 -1.229233 -1.435084
 -0.873530 -2.236829 -2.688808 -0.897061
 -1.180851 -1.740465 -1.845825 -1.022627
 -1.773740 -1.522426 -1.234745 -1.135654
 -1.259543 -1.952688 -1.168571 -1.333651
 -0.959777 -1.407800 -2.346063 -1.285199
 -1.116005 -1.757856 -1.287855 -1.495493
 -1.740465 -1.586315 -1.249844 -1.098613
 -1.051782 -1.549619 -1.487099 -1.549619
 -1.129385 -1.650680 -1.822529 -1.129385
 -1.275069 -1.545359 -1.545359 -1.223776
 -1.665007 -1.470852 -1.259543 -1.213023
 -1.091924 -2.231354 -1.315067 -1.242747
 -1.172040 -1.954796 -2.242476 -0.815366
 -1.261132 -1.568615 -1.609437 -1.176574
 -1.556445 -1.464072 -1.556445 -1.058608
 -1.059392 -1.544899 -1.609437 -1.427116
 -1.515127 -1.515127 -1.466337 -1.109663
 -0.983951 -1.900238 -1.414732 -1.453953
 -1.587579 -1.534935 -1.414307 -1.087624
 -1.052703 -1.825891 -1.393028 -1.420427
 -1.376992 -1.494775 -1.728388 -1.061912
 -1.011602 -1.800057 -1.800057 -1.184873
 -1.497520 -1.527373 -1.527373 -1.072638
 -1.227605 -1.878190 -1.318576 -1.249584
 -1.118614 -2.130209 -1.781905 -0.951560
 -0.977777 -1.746907 -1.555853 -1.433251
 -1.653608 -1.591088 -1.374024 -1.044546
 -1.303708 -1.881784 -1.233091 -1.256080
 -1.299283 -2.280106 -2.397887 -0.627192
 -1.148623 -1.554087 -1.554087 -1.346449
 -1.982498 -1.591633 -1.147702 -1.074943
 -1.260669 -1.511982 -1.753143 -1.130616
 -1.087803 -1.477266 -2.442339 -1.056054
 -1.113998 -1.507901 -1.579360 -1.409461
 -1.632037 -1.473814 -1.603866 -0.982694
 -0.849601 -1.542746 -1.025491 -14.187077
 -0.684781 -1.411828 -1.377926 -13.989468
 -0.771401 -1.824547 -0.977253 -13.742944
 -1.509908 -1.087052 -0.816762 -14.357838
 -0.894366 -1.675619 -0.906488 -14.523548
 -0.812813 -1.252764 -1.306831 -14.100693
 -0.893243 -1.525020 -0.986025 -14.473033
 -1.386294 -1.386294 -1.386294 -1.386294
 -1.193470 -1.636962 -1.506342 -1.271029
 -1.635189 -1.512588 -1.880311 -0.838860
 -1.203973 -1.396876 -1.509354 -1.462834
 -1.386294 -1.386294 -1.386294 -1.386294
 -14.200776 -14.200776 -14.200776 -0.000002
 -13.963934 -13.963934 -13.963934 -0.000003
 -13.901692 -13.901692 -13.901692 -0.000003
 -14.266589 -14.266589 -14.266589 -0.000002
 -1.386294 -1.386294 -1.386294 -1.386294
 -1.386294 -1.386294 -1.386294 -1.386294
 -1.386294 -1.386294 -1.386294 -1.386294
 -1.749200 -1.500304 -1.373149 -1.050633
 -13.732133 -13.732133 -13.732133 -0.000003
 -13.981029 -13.981029 -13.981029 -0.000003
 -14.108183 -14.108183 -14.108183 -0.000002
 -14.430698 -14.430698 -14.430698 -0.000002
 -1.386294 -1.386294 -1.386294 -1.386294
 -1.386294 -1.386294 -1.386294 -1.386294
 -1.386294 -1.386294 -1.386294 -1.386294
 -15.481330 -15.481330 -15.481330 -0.000001
 -1.386294 -1.386294 -1.386294 -1.386294
 -1.386294 -1.386294 -1.386294 -1.386294
 -1.386294 -1.386294 -1.386294 -1.386294
 -1.552489 -1.636259 -1.253709 -1.177238
 -13.928843 -0.000003 -13.928843 -13.928843
 -13.845074 -0.000003 -13.845074 -13.845074
 -14.227623 -0.000002 -14.227623 -14.227623
 -14.304093 -0.000002 -14.304093 -14.304093
 -1.386294 -1.386294 -1.386294 -1.386294
 -0.000001 -15.481330 -15.481330 -15.481330
 -1.386294 -1.386294 -1.386294 -1.386294
 -1.386294 -1.386294 -1.386294 -1.386294
 -15.481330 -15.481330 -0.000001 -15.481330
 -1.386294 -1.386294 -1.386294 -1.386294
 -1.386294 -1.386294 -1.386294 -1.386294
 -1.386294 -1.386294 -1.386294 -1.386294
 -1.386294 -1.386294 -1.386294 -1.386294
 -1.386294 -1.386294 -1.386294 -1.386294
 -1.171122 -1.500304 -1.636259 -1.301175
 -1.386294 -1.386294 -1.386294 -1.386294
 -1.249719 -2.008822 -1.338666 -1.148623
 -1.081806 -1.551808 -2.468093 -1.009486
 -1.051211 -2.149818 -2.069776 -0.897061
 -1.711716 -1.711716 -1.535826 -0.858941
 -1.242747 -1.708108 -1.072121 -1.671741
 -1.223776 -1.803591 -1.877699 -0.946145
 -1.078205 -2.495261 -1.439216 -1.078205
 -1.396447 -1.459625 -1.481604 -1.227824
