 -1.069456 0.000100 0.000100 0.000100
 -1.911021 0.000100 0.000100 0.000100
 -1.728700 0.000100 0.000100 0.000100
 -1.104548 0.000100 0.000100 0.000100
 -0.659249 -2.114525 -2.674130 -1.227231
 -1.427116 -2.525695 -3.218792 -0.446297
 -0.916296 -2.302565 -2.302565 -0.916296
 -1.722764 -1.317302 -1.460402 -1.134982
 -0.969403 -1.662545 -2.114525 -1.170073
 -1.909532 -1.504076 -2.197206 -0.656787
 -1.435084 -2.351344 -1.435084 -0.847306
 -1.252764 -1.658226 -1.504077 -1.198697
 -1.119233 -1.493924 -2.100052 -1.119233
 -0.725943 -2.047681 -3.433900 -1.036096
 -1.421385 -2.268664 -1.757852 -0.728245
 -1.455287 -2.014897 -1.321756 -1.003304
 -1.060874 -1.754016 -2.341793 -0.955514
 -0.955517 -1.648654 -2.564915 -1.060876
 -0.624162 -2.639022 -2.639022 -1.134983
 -1.658226 -1.945905 -1.658226 -0.741940
 -1.442383 -1.810105 -1.927886 -0.788461
 -1.139438 -3.218792 -2.525695 -0.579827
 -1.098617 -3.044441 -2.351344 -0.646637
 -1.511457 -2.022278 -1.511457 -0.852214
 -1.563974 -2.662564 -1.276294 -0.816765
 -0.798517 -2.302555 -2.302555 -1.049828
 -0.993257 -3.295752 -1.686394 -0.897947
 -1.730388 -2.172217 -1.536234 -0.705889
 -1.172722 -1.791755 -2.351360 -0.847302
 -0.916301 -1.609431 -2.707977 -1.098619
 -1.791754 -2.197211 -2.197211 -0.492483
 -2.251285 -1.765782 -1.691674 -0.617164
 -1.299284 -2.803323 -2.110200 -0.606142
 -2.602654 -2.602654 -1.686394 -0.405474
 -1.343735 -2.442314 -2.036866 -0.650597
 -1.681757 -2.056448 -1.196252 -0.957841
 -1.098615 -2.397874 -2.397874 -0.723925
 -1.223779 -1.446918 -2.140040 -1.041461
 -1.335002 -1.845821 -1.691672 -0.929540
 -1.829497 -1.996550 -1.398717 -0.783533
 -1.024507 -2.277252 -3.663472 -0.667835
 -1.791751 -2.484873 -3.177970 -0.344851
 -1.673972 -2.772551 -1.268513 -0.757692
 -1.906166 -2.001475 -1.126012 -0.936771
 -1.358124 -2.169040 -2.456714 -0.610915
 -1.504075 -2.197197 -2.197197 -0.587799
 -1.609435 -2.456714 -2.456714 -0.464313
 -1.621859 -1.755390 -1.561235 -0.868091
 -1.280935 -1.280935 -3.583430 -0.875473
 -1.526054 -1.526054 -12.345852 -0.570555
 -1.427116 -1.832572 -2.120246 -0.733977
 -1.803591 -1.609437 -1.351609 -0.976917
 -0.847303 -1.945902 -3.555259 -0.916295
 -1.637606 -1.791754 -2.484885 -0.587793
 -1.871793 -2.159466 -2.159466 -0.485517
 -2.330747 -2.330747 -0.980831 -0.842681
 -0.552075 -1.193924 -2.110200 -12.706860
 -0.559626 -0.965087 -3.044441 -12.254882
 -0.753777 -1.916914 -0.961415 -12.736712
 -1.258955 -1.216396 -0.868091 -13.604795
 -13.458841 -13.458841 -13.458841 -0.000004
 -13.060496 -13.060496 -13.060496 -0.000006
 -13.161592 -13.161592 -13.161592 -0.000006
 -1.386294 -1.386294 -1.386294 -1.386294
 -1.386294 -1.386294 -1.386294 -1.386294
 -1.386294 -1.386294 -1.386294 -1.386294
 -1.386294 -1.386294 -1.386294 -1.386294
 -1.728700 -2.185457 -1.416327 -0.760452
 -0.916296 -1.791753 -12.611551 -0.836254
 -1.558141 -1.558141 -12.154800 -0.546556
 -1.228667 -3.020385 -1.516346 -0.823205
 -2.172217 -1.596858 -1.233954 -0.935462
 -12.821269 -12.821269 -12.821269 -0.000008
 -12.506192 -12.506192 -12.506192 -0.000011
 -12.676089 -12.676089 -12.676089 -0.000009
 -13.500805 -13.500805 -13.500805 -0.000004
 -1.386294 -1.386294 -1.386294 -1.386294
 -1.386294 -1.386294 -1.386294 -1.386294
 -1.386294 -1.386294 -1.386294 -1.386294
 -2.038854 -1.911021 -1.301257 -0.799166
 -12.301401 -12.301401 -12.301401 -0.000014
 -12.429233 -12.429233 -12.429233 -0.000012
 -13.038991 -13.038991 -13.038991 -0.000007
 -13.541079 -13.541079 -13.541079 -0.000004
 -1.386294 -1.386294 -1.386294 -1.386294
 -1.386294 -1.386294 -1.386294 -1.386294
 -1.386294 -1.386294 -1.386294 -1.386294
 -14.340241 -14.340241 -14.340241 -0.000002
 -1.386294 -1.386294 -1.386294 -1.386294
 -1.386294 -1.386294 -1.386294 -1.386294
 -1.386294 -1.386294 -1.386294 -1.386294
 -14.340241 -14.340241 -0.000002 -14.340241
 -1.386294 -1.386294 -1.386294 -1.386294
 -1.386294 -1.386294 -1.386294 -1.386294
 -14.340241 -0.000002 -14.340241 -14.340241
 -1.386294 -1.386294 -1.386294 -1.386294
 -1.386294 -1.386294 -1.386294 -1.386294
 -0.000002 -14.340241 -14.340241 -14.340241
 -1.386294 -1.386294 -1.386294 -1.386294
 -1.386294 -1.386294 -1.386294 -1.386294
 -14.340241 -14.340241 -0.000002 -14.340241
 -1.386294 -1.386294 -1.386294 -1.386294
 -1.386294 -1.386294 -1.386294 -1.386294
 -1.386294 -1.386294 -1.386294 -1.386294
 -1.386294 -1.386294 -1.386294 -1.386294
 -1.386294 -1.386294 -1.386294 -1.386294
 -1.217876 -2.085374 -0.955512 -1.633391
 -1.386294 -1.386294 -1.386294 -1.386294
 -1.347074 -1.832577 -1.347074 -1.139436
 -1.435084 -1.098617 -3.044441 -0.965087
 -1.178656 -1.776489 -1.977158 -0.955514
 -1.550595 -2.397874 -1.098615 -1.011605
 -1.167607 -1.860747 -1.504076 -1.167607
 -0.594715 -2.268664 -1.757852 -1.757852
 -0.818315 -1.734596 -1.580448 -1.734596
 -1.402824 -1.712976 -1.471816 -1.066353
 -1.635754 0.000100 0.000100 0.000100
 -1.858896 0.000100 0.000100 0.000100
 -1.704746 0.000100 0.000100 0.000100
 -0.760289 0.000100 0.000100 0.000100
 -1.321758 -2.707977 -0.628623 -2.014880
 -1.098621 -2.484840 -1.791743 -0.875482
 -1.029628 -2.638986 -1.252766 -1.252766
 -2.197211 -1.791754 -1.185626 -0.875473
 -2.833137 -1.446918 -1.041461 -1.041461
 -1.098623 -11.407610 -1.504072 -0.810950
 -1.609434 -1.427116 -1.272967 -1.272967
 -2.564915 -2.159466 -1.648654 -0.485517
 -2.397832 -11.608273 -2.397832 -0.200696
 -0.773204 -11.775321 -2.564880 -0.773204
 -1.203976 -1.386294 -2.302555 -1.049828
 -2.110200 -1.417066 -1.704744 -0.788463
 -0.753783 -2.833137 -1.446918 -1.446918
 -11.775321 -1.178661 -2.564880 -0.485526
 -1.609428 -11.512965 -0.693167 -1.203979
 -1.665004 -1.126014 -1.413693 -1.413693
 -1.446918 -1.734591 -1.223779 -1.223779
 -1.041461 -2.140040 -2.140040 -0.887312
 -0.747224 -1.845814 -1.558141 -1.845814
 -1.568613 -1.386294 -2.079425 -0.875475
 -0.875475 -1.568613 -1.232146 -2.484873
 -0.847310 -2.638986 -1.945889 -1.029628
 -1.029628 -1.540440 -11.849426 -0.847310
 -2.120246 -1.832572 -1.272967 -0.820987
 -0.980835 -2.079425 -1.386294 -1.386294
 -0.955522 -1.466334 -2.564880 -1.178661
 -1.386294 -2.079417 -1.386294 -0.980838
 -1.791751 -1.098616 -1.791751 -1.098616
 -1.145136 -1.704741 -1.011607 -1.992415
 -1.163156 -1.386294 -2.772514 -0.980838
 -11.918417 -1.098619 -1.098619 -1.098619
 -1.791751 -1.568613 -1.232146 -1.098616
 -1.386294 -1.163156 -1.673968 -1.386294
 -1.504075 -2.197197 -1.791748 -0.693158
 -1.098617 -1.252765 -2.351344 -1.252765
 -2.397863 -1.481603 -1.704741 -0.693156
 -1.734591 -2.833137 -0.887312 -1.041461
 -1.098618 -1.791748 -2.197197 -0.944470
 -1.386294 -11.695280 -1.386294 -0.693164
 -2.014891 -2.014891 -0.762146 -1.321757
 -2.079417 -2.079417 -0.980838 -0.980838
 -0.693172 -2.079391 -2.079391 -1.386294
 -1.466336 -1.312187 -1.060876 -1.871793
 -1.686394 -1.349927 -1.504076 -1.098616
 -0.887312 -2.140040 -2.140040 -1.041461
 -1.223779 -1.223779 -2.833137 -1.041461
 -1.299284 -3.090961 -1.299284 -0.893825
 -1.252765 -1.252765 -1.945896 -1.252765
 -1.568613 -2.484873 -0.875475 -1.232146
 -1.252766 -1.540440 -1.540440 -1.252766
 -0.693164 -11.695280 -0.875482 -2.484840
 -1.909532 -1.909532 -1.349927 -0.810937
 -0.865006 -1.335002 -1.152684 -12.154800
 -1.098623 -0.587811 -2.197169 -11.407610
 -0.579827 -1.272967 -1.832572 -12.429233
 -0.780166 -0.875475 -2.079425 -12.388411
 -12.793871 -12.793871 -12.793871 -0.000008
 -12.506192 -12.506192 -12.506192 -0.000011
 -11.849426 -11.849426 -11.849426 -0.000021
 -1.386294 -1.386294 -1.386294 -1.386294
 -1.386294 -1.386294 -1.386294 -1.386294
 -1.386294 -1.386294 -1.386294 -1.386294
 -1.386294 -1.386294 -1.386294 -1.386294
 -1.945906 -1.704746 -1.047970 -1.124931
 -1.299286 -1.299286 -1.704734 -1.299286
 -1.945889 -1.029628 -1.252766 -1.540440
 -0.810937 -1.909532 -2.197206 -1.216398
 -1.832572 -1.139438 -1.272967 -1.427116
 -12.254882 -12.254882 -12.254882 -0.000014
 -12.206093 -12.206093 -12.206093 -0.000015
 -11.982954 -11.982954 -11.982954 -0.000019
 -12.206093 -12.206093 -12.206093 -0.000015
 -1.386294 -1.386294 -1.386294 -1.386294
 -1.386294 -1.386294 -1.386294 -1.386294
 -1.386294 -1.386294 -1.386294 -1.386294
 -1.858896 -1.453433 -1.124931 -1.252764
 -11.695280 -11.695280 -11.695280 -0.000025
 -12.100735 -12.100735 -12.100735 -0.000017
 -12.429233 -12.429233 -12.429233 -0.000012
 -12.301401 -12.301401 -12.301401 -0.000014
 -1.386294 -1.386294 -1.386294 -1.386294
 -1.386294 -1.386294 -1.386294 -1.386294
 -1.386294 -1.386294 -1.386294 -1.386294
 -13.554151 -13.554151 -13.554151 -0.000004
 -1.386294 -1.386294 -1.386294 -1.386294
 -1.386294 -1.386294 -1.386294 -1.386294
 -1.386294 -1.386294 -1.386294 -1.386294
 -13.554151 -13.554151 -0.000004 -13.554151
 -1.386294 -1.386294 -1.386294 -1.386294
 -1.386294 -1.386294 -1.386294 -1.386294
 -13.554151 -0.000004 -13.554151 -13.554151
 -1.386294 -1.386294 -1.386294 -1.386294
 -1.386294 -1.386294 -1.386294 -1.386294
 -0.000004 -13.554151 -13.554151 -13.554151
 -1.386294 -1.386294 -1.386294 -1.386294
 -1.386294 -1.386294 -1.386294 -1.386294
 -13.554151 -13.554151 -0.000004 -13.554151
 -1.386294 -1.386294 -1.386294 -1.386294
 -1.386294 -1.386294 -1.386294 -1.386294
 -1.386294 -1.386294 -1.386294 -1.386294
 -1.386294 -1.386294 -1.386294 -1.386294
 -1.386294 -1.386294 -1.386294 -1.386294
 -1.252764 -1.348073 -1.778854 -1.252764
 -1.386294 -1.386294 -1.386294 -1.386294
 -1.299284 -1.992415 -1.011607 -1.481603
 -1.386294 -1.897107 -1.386294 -1.049828
 -0.955522 -1.466334 -2.564880 -1.178661
 -1.704741 -1.992415 -1.992415 -0.606146
 -0.798517 -1.609433 -1.386294 -2.302555
 -0.693164 -2.484840 -2.484840 -1.098621
 -1.446918 -2.833137 -1.223779 -0.887312
 -1.540443 -1.540443 -1.252765 -1.252765
