 -1.270105 0.000100 0.000100 0.000100
 -1.963251 0.000100 0.000100 0.000100
 -1.777534 0.000100 0.000100 0.000100
 -0.892228 0.000100 0.000100 0.000100
 -1.001450 -1.876915 -1.876915 -1.119233
 -1.058609 -2.282371 -2.793183 -0.713770
 -0.899486 -2.285768 -2.131620 -0.986497
 -1.743968 -1.967110 -1.379326 -0.835711
 -1.223776 -2.060020 -2.140062 -0.774827
 -0.938273 -1.882726 -2.442331 -0.995431
 -0.892001 -2.724561 -2.501422 -0.815040
 -1.358124 -2.456730 -1.507655 -0.830770
 -1.324052 -2.052287 -1.858132 -0.799529
 -1.280935 -2.890333 -2.890333 -0.492483
 -1.118032 -1.871797 -2.005327 -0.955514
 -1.558144 -1.622682 -1.691675 -0.896747
 -1.258461 -1.432814 -2.867883 -0.866421
 -1.424034 -1.791756 -2.197215 -0.730891
 -1.216396 -1.591087 -2.043067 -0.993254
 -1.698232 -1.894942 -1.341559 -0.903305
 -1.148624 -1.410987 -2.104129 -1.148624
 -1.163152 -1.673974 -3.465692 -0.757689
 -1.287855 -1.980996 -1.662545 -0.924951
 -1.365816 -1.980999 -1.718636 -0.849600
 -1.039773 -2.515670 -1.887067 -0.881549
 -1.203974 -2.484893 -2.995706 -0.567988
 -1.493924 -2.505509 -1.589233 -0.713771
 -1.690662 -1.652922 -1.393412 -0.978469
 -0.973451 -1.934857 -2.302578 -0.973451
 -1.219242 -3.091002 -2.397879 -0.565319
 -1.052094 -2.533683 -2.063687 -0.810933
 -2.028146 -1.656584 -1.622682 -0.733422
 -1.444114 -2.003726 -2.696865 -0.576616
 -1.493924 -1.589233 -2.793183 -0.672949
 -1.292769 -2.140057 -2.140057 -0.712954
 -1.897118 -2.030649 -1.361602 -0.771110
 -1.029621 -1.945906 -2.169047 -0.952660
 -1.252764 -1.945904 -2.793183 -0.672949
 -1.386294 -2.415901 -2.639040 -0.528848
 -2.068011 -1.757857 -1.352393 -0.815251
 -1.484274 -1.678429 -2.120258 -0.762142
 -1.178656 -1.754016 -2.005327 -0.955514
 -1.321756 -2.148427 -2.708032 -0.597841
 -2.315004 -1.909541 -1.476678 -0.644946
 -1.341174 -2.094939 -1.776489 -0.807094
 -1.155772 -1.909537 -2.602672 -0.770112
 -2.251282 -2.097134 -1.558143 -0.577319
 -2.157557 -1.785995 -1.415622 -0.746573
 -1.261132 -1.529394 -3.401154 -0.762143
 -1.312187 -2.564932 -1.871797 -0.693151
 -1.238375 -2.036876 -2.442336 -0.707749
 -2.351372 -1.722766 -1.435084 -0.717246
 -1.160171 -2.007463 -2.818379 -0.708188
 -1.540444 -2.079434 -3.332162 -0.470008
 -1.460402 -2.079434 -1.722764 -0.767258
 -2.000302 -1.768502 -1.472237 -0.766352
 -1.289668 -1.526055 -4.234012 -0.707749
 -1.006807 -2.005327 -2.005327 -1.006807
 -1.442383 -2.397882 -2.397882 -0.541601
 -2.380699 -1.821086 -1.569772 -0.620693
 -0.420507 -1.432104 -2.258774 -13.415039
 -0.675132 -0.871842 -2.621021 -13.217681
 -1.058609 -1.812374 -0.713770 -13.102169
 -1.353142 -1.121341 -0.877719 -14.392126
 -14.115618 -14.115618 -14.115618 -0.000002
 -13.864305 -13.864305 -13.864305 -0.000003
 -13.901692 -13.901692 -13.901692 -0.000003
 -1.386294 -1.386294 -1.386294 -1.386294
 -1.386294 -1.386294 -1.386294 -1.386294
 -1.386294 -1.386294 -1.386294 -1.386294
 -1.386294 -1.386294 -1.386294 -1.386294
 -1.665417 -1.650379 -1.460623 -0.949798
 -13.400002 -13.400002 -13.400002 -0.000005
 -13.415039 -13.415039 -13.415039 -0.000004
 -13.604795 -13.604795 -13.604795 -0.000004
 -14.115618 -14.115618 -14.115618 -0.000002
 -1.386294 -1.386294 -1.386294 -1.386294
 -1.386294 -1.386294 -1.386294 -1.386294
 -1.386294 -1.386294 -1.386294 -1.386294
 -1.866087 -1.847738 -1.301195 -0.878339
 -13.199332 -13.199332 -13.199332 -0.000006
 -13.217681 -13.217681 -13.217681 -0.000005
 -13.764221 -13.764221 -13.764221 -0.000003
 -14.187077 -14.187077 -14.187077 -0.000002
 -1.386294 -1.386294 -1.386294 -1.386294
 -1.386294 -1.386294 -1.386294 -1.386294
 -1.386294 -1.386294 -1.386294 -1.386294
 -15.065413 -15.065413 -15.065413 -0.000001
 -1.386294 -1.386294 -1.386294 -1.386294
 -1.386294 -1.386294 -1.386294 -1.386294
 -1.386294 -1.386294 -1.386294 -1.386294
 -1.884779 -2.859336 -0.761322 -1.127684
 -13.180640 -0.000006 -13.180640 -13.180640
 -12.206093 -0.000015 -12.206093 -12.206093
 -14.304093 -0.000002 -14.304093 -14.304093
 -13.937732 -0.000003 -13.937732 -13.937732
 -1.386294 -1.386294 -1.386294 -1.386294
 -0.000001 -15.065413 -15.065413 -15.065413
 -1.386294 -1.386294 -1.386294 -1.386294
 -1.386294 -1.386294 -1.386294 -1.386294
 -15.065413 -15.065413 -0.000001 -15.065413
 -1.386294 -1.386294 -1.386294 -1.386294
 -1.386294 -1.386294 -1.386294 -1.386294
 -1.386294 -1.386294 -1.386294 -1.386294
 -1.386294 -1.386294 -1.386294 -1.386294
 -1.386294 -1.386294 -1.386294 -1.386294
 -1.210681 -2.070881 -0.831192 -1.963251
 -1.386294 -1.386294 -1.386294 -1.386294
 -1.210404 -1.936338 -1.466337 -1.118031
 -1.299284 -1.586963 -3.784099 -0.693152
 -1.152680 -1.728043 -1.622682 -1.173733
 -1.945904 -2.505509 -1.119233 -0.800781
 -0.871397 -1.945907 -1.751752 -1.326871
 -0.606140 -2.621021 -1.810105 -1.522425
 -0.895386 -1.864781 -1.864781 -1.266948
 -1.532476 -2.263360 -1.021652 -1.139435
 -1.478500 0.000100 0.000100 0.000100
 -1.796953 0.000100 0.000100 0.000100
 -1.861492 0.000100 0.000100 0.000100
 -0.796783 0.000100 0.000100 0.000100
 -1.219242 -1.386294 -1.586963 -1.386294
 -0.900791 -1.519824 -3.465648 -1.067844
 -1.455286 -1.455286 -1.609435 -1.098616
 -1.826848 -1.693318 -1.521469 -0.828324
 -2.463837 -1.904232 -1.547561 -0.592056
 -0.880363 -1.516346 -2.327262 -1.315677
 -1.475905 -0.916295 -2.862162 -1.157455
 -1.540444 -1.850597 -1.358124 -0.990401
 -1.011604 -1.481604 -1.992422 -1.299284
 -1.074517 -0.880363 -2.614936 -1.767657
 -1.223777 -1.734596 -1.580448 -1.128468
 -2.358146 -2.224616 -1.213024 -0.693150
 -0.959779 -2.463837 -2.058380 -0.905712
 -1.228667 -1.148625 -1.634128 -1.634128
 -0.929540 -1.845821 -1.558143 -1.440361
 -2.412922 -1.639742 -1.208961 -0.872490
 -1.041456 -1.734598 -2.140057 -1.041456
 -1.098615 -1.974072 -1.974072 -0.944466
 -0.847302 -1.791755 -1.435084 -1.791755
 -1.856294 -2.079435 -0.980831 -1.067842
 -0.802350 -1.575535 -2.114525 -1.495493
 -1.064715 -1.287856 -3.367210 -1.064715
 -1.167607 -1.321756 -2.014895 -1.241714
 -1.277661 -1.808285 -1.402823 -1.166436
 -1.208961 -1.639742 -1.314321 -1.432104
 -1.029622 -1.540443 -1.658225 -1.435084
 -0.882395 -1.575534 -2.268664 -1.287856
 -1.609436 -1.116963 -1.810105 -1.174121
 -1.116006 -1.863214 -1.287855 -1.421385
 -1.120593 -1.631414 -2.036874 -1.056055
 -1.239692 -1.440361 -2.251277 -0.998532
 -1.446918 -1.446918 -1.852379 -0.987389
 -1.209839 -1.963604 -1.478101 -1.098614
 -0.955515 -1.871796 -2.970375 -0.890977
 -1.329137 -1.446918 -1.446918 -1.329137
 -1.840546 -1.435084 -1.252764 -1.147404
 -0.987389 -1.734598 -1.366876 -1.629238
 -0.902872 -1.665004 -1.819153 -1.413693
 -1.074517 -1.634128 -1.410987 -1.516346
 -1.673974 -1.519825 -1.519825 -0.980831
 -0.958853 -1.897115 -1.897115 -1.149907
 -1.152682 -1.691672 -2.028139 -0.998532
 -0.927990 -1.681755 -2.374890 -1.122145
 -1.871797 -1.312187 -1.553347 -1.006807
 -1.321756 -1.386294 -2.148427 -1.003304
 -0.747219 -2.251277 -2.251277 -1.152682
 -1.064715 -2.268664 -1.980990 -0.882395
 -1.992425 -1.481604 -1.550596 -0.857453
 -0.974562 -1.667704 -1.667704 -1.405342
 -1.126014 -1.665004 -2.001471 -1.045972
 -1.064715 -1.170074 -1.980990 -1.575534
 -1.359626 -1.531476 -1.819155 -1.008230
 -1.166436 -2.031426 -1.402823 -1.166436
 -1.029622 -1.658225 -1.540443 -1.435084
 -0.949085 -2.335355 -1.488076 -1.236764
 -1.592629 -1.774949 -1.592629 -0.858664
 -1.170073 -1.287855 -0.882392 -13.270790
 -0.659253 -1.287856 -1.575534 -12.577650
 -1.276294 -1.276294 -0.816765 -12.971550
 -1.840546 -0.677402 -1.098614 -13.353481
 -13.217681 -13.217681 -13.217681 -0.000005
 -13.429854 -13.429854 -13.429854 -0.000004
 -13.458841 -13.458841 -13.458841 -0.000004
 -1.386294 -1.386294 -1.386294 -1.386294
 -1.386294 -1.386294 -1.386294 -1.386294
 -1.386294 -1.386294 -1.386294 -1.386294
 -1.386294 -1.386294 -1.386294 -1.386294
 -1.456028 -1.273706 -1.895393 -1.088303
 -13.017012 -13.017012 -13.017012 -0.000007
 -13.199332 -13.199332 -13.199332 -0.000006
 -12.577650 -12.577650 -12.577650 -0.000010
 -13.384734 -13.384734 -13.384734 -0.000005
 -1.386294 -1.386294 -1.386294 -1.386294
 -1.386294 -1.386294 -1.386294 -1.386294
 -1.386294 -1.386294 -1.386294 -1.386294
 -2.429473 -1.219639 -1.014196 -1.370870
 -12.043577 -12.043577 -12.043577 -0.000018
 -13.253399 -13.253399 -13.253399 -0.000005
 -13.458841 -13.458841 -13.458841 -0.000004
 -13.102169 -13.102169 -13.102169 -0.000006
 -1.386294 -1.386294 -1.386294 -1.386294
 -1.386294 -1.386294 -1.386294 -1.386294
 -1.386294 -1.386294 -1.386294 -1.386294
 -14.473033 -14.473033 -14.473033 -0.000002
 -1.386294 -1.386294 -1.386294 -1.386294
 -1.386294 -1.386294 -1.386294 -1.386294
 -1.386294 -1.386294 -1.386294 -1.386294
 -1.861492 -1.478500 -1.501490 -0.931958
 -12.611551 -0.000010 -12.611551 -12.611551
 -12.994539 -0.000007 -12.994539 -12.994539
 -12.971550 -0.000007 -12.971550 -12.971550
 -13.541079 -0.000004 -13.541079 -13.541079
 -1.386294 -1.386294 -1.386294 -1.386294
 -0.000002 -14.473033 -14.473033 -14.473033
 -1.386294 -1.386294 -1.386294 -1.386294
 -1.386294 -1.386294 -1.386294 -1.386294
 -14.473033 -14.473033 -0.000002 -14.473033
 -1.386294 -1.386294 -1.386294 -1.386294
 -1.386294 -1.386294 -1.386294 -1.386294
 -1.386294 -1.386294 -1.386294 -1.386294
 -1.386294 -1.386294 -1.386294 -1.386294
 -1.386294 -1.386294 -1.386294 -1.386294
 -1.135556 -1.796953 -1.861492 -1.028584
 -1.386294 -1.386294 -1.386294 -1.386294
 -1.131404 -2.047687 -1.562184 -1.082614
 -1.163153 -1.673972 -3.465648 -0.757692
 -1.455286 -2.302565 -1.321757 -0.916296
 -1.526055 -1.836208 -1.461517 -0.938272
 -1.386294 -2.159475 -0.955514 -1.386294
 -1.134983 -1.722761 -1.540443 -1.252765
 -1.072640 -1.845821 -1.558143 -1.239692
 -2.238039 -1.427116 -1.484274 -0.851754
