 -1.279526 0.000100 0.000100 0.000100
 -2.065454 0.000100 0.000100 0.000100
 -1.935401 0.000100 0.000100 0.000100
 -0.796945 0.000100 0.000100 0.000100
 -1.073612 -1.536234 -2.289999 -1.073612
 -1.185626 -2.197211 -2.484885 -0.693153
 -1.228667 -1.516346 -2.327262 -0.940987
 -1.386294 -2.018814 -1.519825 -0.920206
 -1.074516 -1.767660 -2.460800 -0.910214
 -1.285199 -1.652920 -2.463837 -0.805629
 -0.870832 -3.068012 -3.068012 -0.716682
 -1.540444 -2.233588 -1.499623 -0.786675
 -1.160745 -1.528468 -1.853888 -1.160745
 -0.902872 -2.512283 -2.512283 -0.838334
 -1.239692 -2.251277 -1.845821 -0.804377
 -1.540444 -1.891841 -1.700786 -0.793232
 -1.191395 -1.373716 -2.289999 -1.073612
 -1.704745 -1.992423 -2.397879 -0.526098
 -1.504076 -2.708026 -1.860747 -0.587792
 -1.709066 -1.757856 -1.534714 -0.841569
 -1.147404 -1.504077 -1.945905 -1.147404
 -1.252764 -2.100052 -2.793183 -0.633728
 -0.839754 -3.091002 -1.704745 -1.076142
 -1.633154 -2.212969 -1.484734 -0.757687
 -1.137834 -1.958809 -2.564938 -0.773192
 -1.098615 -2.197211 -2.197211 -0.810935
 -1.119233 -1.812374 -2.100052 -0.947384
 -1.537694 -1.851350 -1.617736 -0.844548
 -0.872942 -2.066858 -1.971549 -1.150573
 -1.252764 -2.128221 -2.128221 -0.741942
 -1.049825 -2.302570 -2.590244 -0.744445
 -1.593308 -2.866263 -1.315677 -0.751743
 -1.339775 -1.597602 -2.639045 -0.767257
 -1.178658 -1.648654 -2.159466 -0.955517
 -1.006807 -2.005327 -2.159475 -0.955514
 -2.031429 -1.625966 -1.277661 -0.932821
 -1.129866 -2.228469 -2.094939 -0.807094
 -1.262243 -2.360842 -2.871654 -0.569099
 -1.183772 -2.793183 -1.945904 -0.713771
 -1.543298 -2.816253 -1.394878 -0.736824
 -1.152681 -2.384814 -2.384814 -0.693150
 -1.145136 -1.992415 -2.397863 -0.788466
 -1.452252 -2.751510 -1.770702 -0.631276
 -1.889950 -1.889950 -1.270913 -0.874032
 -1.198697 -1.745237 -2.533683 -0.810933
 -1.329136 -1.446918 -12.736712 -0.693153
 -1.540444 -1.828123 -1.722764 -0.806479
 -1.879463 -2.102605 -1.441210 -0.716316
 -1.696447 -1.609436 -2.302575 -0.660361
 -1.838274 -1.992423 -1.992423 -0.565319
 -1.526055 -2.219192 -2.219192 -0.570550
 -1.678963 -2.064624 -1.678963 -0.693149
 -0.638091 -0.925772 -2.583980 -13.180640
 -0.553391 -1.290985 -1.897113 -12.899230
 -0.693152 -1.658225 -1.172722 -12.948019
 -1.315067 -1.366360 -0.741268 -14.214290
 -1.163152 -1.885283 -4.025305 -0.658058
 -1.466337 -1.791757 -2.970395 -0.595511
 -1.498772 -2.597374 -1.904235 -0.592053
 -1.386294 -1.386294 -1.386294 -1.386294
 -1.168572 -1.906166 -3.205425 -0.693150
 -1.413693 -1.665004 -3.610829 -0.615191
 -1.203976 -12.206093 -1.897107 -0.597848
 -1.985913 -1.811561 -1.419520 -0.781944
 -0.899486 -2.131620 -13.287885 -0.745336
 -1.053153 -2.151752 -1.969433 -0.927990
 -1.299284 -1.992423 -1.145134 -1.299284
 -2.529352 -2.288192 -1.263692 -0.623190
 -0.413566 -1.182697 -3.433944 -13.337481
 -0.632529 -1.386294 -1.519824 -12.676088
 -0.781704 -1.304949 -1.304949 -13.287885
 -1.348837 -1.409461 -0.700812 -14.085541
 -0.360285 -1.252763 -4.085929 -13.989468
 -0.883503 -1.226446 -1.226446 -13.527834
 -0.715622 -1.555370 -1.203974 -13.710155
 -1.386294 -1.386294 -1.386294 -1.386294
 -1.150573 -2.066860 -3.963952 -0.619945
 -1.098614 -2.238039 -2.708035 -0.706573
 -2.322376 -3.238636 -1.366876 -0.497843
 -1.386294 -1.386294 -1.386294 -1.386294
 -13.592372 -13.592372 -13.592372 -0.000004
 -12.611551 -12.611551 -12.611551 -0.000010
 -12.254882 -12.254882 -12.254882 -0.000014
 -14.240781 -14.240781 -14.240781 -0.000002
 -1.386294 -1.386294 -1.386294 -1.386294
 -1.386294 -1.386294 -1.386294 -1.386294
 -1.386294 -1.386294 -1.386294 -1.386294
 -14.859316 -14.859316 -14.859316 -0.000001
 -1.386294 -1.386294 -1.386294 -1.386294
 -1.386294 -1.386294 -1.386294 -1.386294
 -1.386294 -1.386294 -1.386294 -1.386294
 -2.122612 -3.451740 -0.638340 -1.138115
 -12.736712 -0.000009 -12.736712 -12.736712
 -11.407610 -0.000033 -11.407610 -11.407610
 -14.220979 -0.000002 -14.220979 -14.220979
 -13.721204 -0.000003 -13.721204 -13.721204
 -1.386294 -1.386294 -1.386294 -1.386294
 -0.000001 -14.859316 -14.859316 -14.859316
 -1.386294 -1.386294 -1.386294 -1.386294
 -1.386294 -1.386294 -1.386294 -1.386294
 -14.859316 -14.859316 -0.000001 -14.859316
 -1.386294 -1.386294 -1.386294 -1.386294
 -1.386294 -1.386294 -1.386294 -1.386294
 -1.386294 -1.386294 -1.386294 -1.386294
 -1.386294 -1.386294 -1.386294 -1.386294
 -1.386294 -1.386294 -1.386294 -1.386294
 -1.641641 -2.281676 -0.573801 -1.960094
 -1.386294 -1.386294 -1.386294 -1.386294
 -1.609436 -2.061416 -2.215564 -0.573350
 -1.757852 -1.421385 -1.980990 -0.802353
 -1.067841 -1.742968 -1.817076 -1.143349
 -1.897113 -2.079432 -0.980833 -1.049825
 -1.165753 -1.704746 -1.348073 -1.399366
 -1.211092 -2.058380 -1.770702 -0.905712
 -0.987389 -1.629238 -1.629238 -1.446918
 -1.600305 -1.800974 -1.107830 -1.194841
 -1.259424 0.000100 0.000100 0.000100
 -1.651817 0.000100 0.000100 0.000100
 -1.601173 0.000100 0.000100 0.000100
 -1.130656 0.000100 0.000100 0.000100
 -1.161982 -1.791759 -1.219690 -1.491005
 -1.179738 -1.976680 -1.728845 -0.976510
 -0.982202 -1.731861 -1.485728 -1.504077
 -1.886041 -1.569130 -1.201406 -1.080778
 -1.177893 -1.861187 -1.423566 -1.218303
 -1.084627 -1.577102 -1.777772 -1.250419
 -1.144223 -1.742059 -1.515286 -1.249583
 -1.653240 -1.369297 -1.553868 -1.070442
 -1.156117 -1.803593 -1.446919 -1.254235
 -1.057623 -1.812901 -2.109166 -0.999127
 -1.110309 -1.768769 -1.425825 -1.348267
 -1.465432 -1.375484 -1.465432 -1.254123
 -1.251375 -1.843052 -1.115420 -1.479385
 -1.142673 -1.335864 -2.012749 -1.257083
 -1.045368 -1.695029 -1.418043 -1.502126
 -1.926491 -1.292768 -1.389099 -1.107051
 -1.028993 -1.704748 -1.461126 -1.474732
 -1.141338 -1.700952 -1.787964 -1.106246
 -0.941609 -1.832581 -1.660731 -1.347074
 -1.683307 -1.408204 -1.460164 -1.086305
 -1.173336 -1.707418 -1.282535 -1.461018
 -1.107233 -1.787476 -1.924677 -1.032198
 -1.067114 -1.760260 -1.783790 -1.152013
 -1.722190 -1.454876 -1.316725 -1.139795
 -1.332073 -1.501149 -1.246915 -1.488077
 -1.124930 -1.571216 -1.704747 -1.252763
 -1.166821 -1.498598 -1.435084 -1.482337
 -1.651997 -1.443453 -1.408767 -1.115420
 -1.180224 -1.590804 -1.590804 -1.254332
 -1.132514 -1.555370 -1.884849 -1.155771
 -1.095205 -1.728928 -1.417493 -1.403507
 -1.927504 -1.346836 -1.346836 -1.095521
 -1.288233 -1.992429 -1.245216 -1.203973
 -0.967993 -1.724318 -2.056451 -1.158511
 -1.087184 -1.926933 -1.521469 -1.207812
 -1.518222 -1.342331 -1.557442 -1.174451
 -1.237389 -1.960094 -1.237389 -1.276998
 -1.168571 -1.765090 -1.618487 -1.139998
 -1.038893 -1.689480 -1.401798 -1.535330
 -1.631417 -1.292963 -1.302913 -1.354206
 -1.072179 -1.673976 -1.673976 -1.263234
 -1.150572 -1.556037 -2.066861 -1.061341
 -0.952302 -1.679349 -1.612658 -1.477113
 -1.728389 -1.352601 -1.480982 -1.089310
 -1.204882 -1.700669 -1.330651 -1.372762
 -0.942215 -1.823761 -1.899747 -1.206601
 -0.918487 -1.668145 -1.740465 -1.440361
 -1.584471 -1.612251 -1.456090 -1.015119
 -0.958734 -1.326459 -1.046381 -15.131920
 -0.739239 -1.308333 -1.377326 -14.613020
 -0.740776 -1.527608 -1.183512 -14.763302
 -1.309754 -1.101457 -0.921989 -15.073973
 -1.169596 -1.715512 -1.401397 -1.334145
 -1.230424 -1.528469 -1.933933 -1.060203
 -0.982473 -1.636905 -1.563702 -1.506543
 -1.386294 -1.386294 -1.386294 -1.386294
 -1.108817 -1.833216 -1.341622 -1.391383
 -1.240078 -1.876065 -1.652923 -1.005239
 -0.822082 -1.799856 -1.601405 -1.642227
 -1.785680 -1.530334 -1.488948 -0.940984
 -0.964391 -1.921351 -1.369856 -1.522196
 -0.969832 -1.740939 -1.567668 -1.439835
 -0.914455 -2.109293 -1.199083 -1.734600
 -1.696449 -1.364316 -1.353505 -1.194756
 -0.732063 -1.378690 -1.319849 -15.184151
 -0.870829 -1.039905 -1.478818 -14.580980
 -0.791034 -1.345344 -1.251157 -14.950134
 -1.249273 -1.050822 -1.011601 -14.866334
 -0.920283 -1.545771 -0.945601 -15.428941
 -0.756937 -1.480481 -1.192800 -15.085272
 -0.761729 -1.406673 -1.244155 -15.059667
 -1.386294 -1.386294 -1.386294 -1.386294
 -1.450707 -2.096600 -1.072492 -1.202084
 -1.155125 -2.083110 -1.498598 -1.087684
 -1.298456 -1.824549 -1.280438 -1.245347
 -1.386294 -1.386294 -1.386294 -1.386294
 -14.978662 -14.978662 -14.978662 -0.000001
 -14.310209 -14.310209 -14.310209 -0.000002
 -15.079638 -15.079638 -15.079638 -0.000001
 -15.115704 -15.115704 -15.115704 -0.000001
 -1.386294 -1.386294 -1.386294 -1.386294
 -1.386294 -1.386294 -1.386294 -1.386294
 -1.386294 -1.386294 -1.386294 -1.386294
 -16.304575 -16.304575 -16.304575 -0.000000
 -1.386294 -1.386294 -1.386294 -1.386294
 -1.386294 -1.386294 -1.386294 -1.386294
 -1.386294 -1.386294 -1.386294 -1.386294
 -1.687063 -1.556901 -1.387125 -1.037451
 -14.617514 -0.000001 -14.617514 -14.617514
 -14.747676 -0.000001 -14.747676 -14.747676
 -14.917452 -0.000001 -14.917452 -14.917452
 -15.267125 -0.000001 -15.267125 -15.267125
 -1.386294 -1.386294 -1.386294 -1.386294
 -0.000000 -16.304575 -16.304575 -16.304575
 -1.386294 -1.386294 -1.386294 -1.386294
 -1.386294 -1.386294 -1.386294 -1.386294
 -16.304575 -16.304575 -0.000000 -16.304575
 -1.386294 -1.386294 -1.386294 -1.386294
 -1.386294 -1.386294 -1.386294 -1.386294
 -1.386294 -1.386294 -1.386294 -1.386294
 -1.386294 -1.386294 -1.386294 -1.386294
 -1.386294 -1.386294 -1.386294 -1.386294
 -0.918368 -1.669285 -1.747127 -1.434753
 -1.386294 -1.386294 -1.386294 -1.386294
 -1.185435 -1.913187 -1.248614 -1.347553
 -1.205443 -2.092744 -2.333905 -0.733603
 -1.070442 -2.211611 -1.881370 -0.928268
 -1.727656 -1.747459 -1.616431 -0.799670
 -1.131698 -1.712172 -1.188317 -1.648658
 -1.020361 -1.851656 -1.928617 -1.087052
 -0.892481 -1.779783 -1.605430 -1.510120
 -1.485198 -1.681478 -1.515351 -1.000453
