 -1.543923 0.000100 0.000100 0.000100
 -1.890198 0.000100 0.000100 0.000100
 -1.823507 0.000100 0.000100 0.000100
 -0.746637 0.000100 0.000100 0.000100
 -1.634128 -1.634128 -2.614936 -0.622535
 -1.575534 -1.980990 -1.575534 -0.802353
 -1.354546 -2.740803 -2.047681 -0.600781
 -1.375365 -1.677645 -1.332806 -1.215023
 -0.862227 -2.197213 -1.860747 -1.167607
 -1.354546 -2.047681 -2.335355 -0.661405
 -0.720551 -3.610829 -2.001471 -1.045972
 -1.661396 -1.971549 -1.596858 -0.758532
 -1.386294 -2.148427 -2.148427 -0.660361
 -1.945896 -1.435084 -3.044441 -0.559627
 -0.949085 -1.824542 -2.740803 -0.949085
 -1.386294 -1.984127 -1.817075 -0.798510
 -1.139436 -1.609436 -1.832577 -1.139436
 -1.945899 -2.233573 -1.945899 -0.499000
 -1.189587 -3.135412 -1.526054 -0.832916
 -1.515127 -2.719088 -1.291984 -0.821982
 -1.211092 -1.652920 -1.652920 -1.142099
 -1.386294 -2.302555 -2.302555 -0.597848
 -1.658225 -2.128221 -1.540443 -0.741942
 -1.528468 -2.020941 -1.528468 -0.835324
 -1.167607 -2.197213 -1.408767 -1.098615
 -1.909532 -1.909532 -1.686394 -0.656787
 -1.691672 -2.944399 -2.251277 -0.418717
 -2.209488 -2.327270 -1.573505 -0.535521
 -1.223777 -1.223777 -2.833175 -1.041457
 -0.641865 -2.944360 -2.944360 -0.998536
 -1.308334 -2.001471 -2.001471 -0.777710
 -2.679052 -2.227072 -1.190986 -0.654683
 -1.213024 -1.308334 -2.512283 -1.045972
 -1.504076 -2.197206 -2.602654 -0.523257
 -1.466336 -2.277252 -2.564926 -0.528073
 -2.291405 -1.780584 -1.397594 -0.727438
 -12.765700 -12.765700 -12.765700 -0.000009
 -12.676089 -12.676089 -12.676089 -0.000009
 -12.611551 -12.611551 -12.611551 -0.000010
 -13.764221 -13.764221 -13.764221 -0.000003
 -1.386294 -1.386294 -1.386294 -1.386294
 -1.386294 -1.386294 -1.386294 -1.386294
 -1.386294 -1.386294 -1.386294 -1.386294
 -1.999397 -1.823507 -1.325670 -0.826679
 -1.466336 -2.159466 -2.564915 -0.550055
 -1.642224 -2.335355 -1.488076 -0.725943
 -1.446918 -3.931733 -1.446918 -0.673733
 -2.351367 -2.032917 -0.904458 -0.996831
 -0.980833 -2.772551 -2.772551 -0.693154
 -1.280936 -2.197197 -2.890294 -0.587799
 -1.927886 -1.927886 -2.061416 -0.541601
 -1.900956 -1.632694 -1.247033 -1.000174
 -12.847937 -12.847937 -12.847937 -0.000008
 -12.577650 -12.577650 -12.577650 -0.000010
 -12.765700 -12.765700 -12.765700 -0.000009
 -13.710155 -13.710155 -13.710155 -0.000003
 -1.386294 -1.386294 -1.386294 -1.386294
 -1.386294 -1.386294 -1.386294 -1.386294
 -1.386294 -1.386294 -1.386294 -1.386294
 -1.731134 -1.673976 -1.673976 -0.803149
 -12.736712 -12.736712 -12.736712 -0.000009
 -12.793871 -12.793871 -12.793871 -0.000008
 -12.793871 -12.793871 -12.793871 -0.000008
 -13.664692 -13.664692 -13.664692 -0.000003
 -1.386294 -1.386294 -1.386294 -1.386294
 -1.386294 -1.386294 -1.386294 -1.386294
 -1.386294 -1.386294 -1.386294 -1.386294
 -1.646577 -2.424278 -1.179958 -0.888048
 -1.413693 -1.531475 -12.821269 -0.615191
 -1.223779 -2.833137 -1.734591 -0.753783
 -1.679640 -2.285768 -1.774949 -0.611805
 -2.289999 -2.066858 -1.425009 -0.631781
 -0.405473 -1.193924 -3.496420 -12.706860
 -0.733977 -1.139438 -1.609434 -12.429233
 -1.067844 -1.856290 -0.693153 -12.676088
 -1.257677 -1.366876 -0.774827 -13.835317
 -1.259543 -1.819155 -4.303970 -0.615189
 -1.001451 -2.505509 -1.945904 -0.896091
 -1.238375 -2.442336 -1.400893 -0.976012
 -1.386294 -1.386294 -1.386294 -1.386294
 -13.287885 -13.287885 -13.287885 -0.000005
 -12.301401 -12.301401 -12.301401 -0.000014
 -12.429233 -12.429233 -12.429233 -0.000012
 -13.664692 -13.664692 -13.664692 -0.000003
 -1.386294 -1.386294 -1.386294 -1.386294
 -1.386294 -1.386294 -1.386294 -1.386294
 -1.386294 -1.386294 -1.386294 -1.386294
 -14.467838 -14.467838 -14.467838 -0.000002
 -1.386294 -1.386294 -1.386294 -1.386294
 -1.386294 -1.386294 -1.386294 -1.386294
 -1.386294 -1.386294 -1.386294 -1.386294
 -2.079439 -3.465721 -0.622768 -1.179958
 -12.388411 -0.000012 -12.388411 -12.388411
 -11.002167 -0.000050 -11.002167 -11.002167
 -13.845074 -0.000003 -13.845074 -13.845074
 -13.287885 -0.000005 -13.287885 -13.287885
 -1.386294 -1.386294 -1.386294 -1.386294
 -0.000002 -14.467838 -14.467838 -14.467838
 -1.386294 -1.386294 -1.386294 -1.386294
 -1.386294 -1.386294 -1.386294 -1.386294
 -14.467838 -14.467838 -0.000002 -14.467838
 -1.386294 -1.386294 -1.386294 -1.386294
 -1.386294 -1.386294 -1.386294 -1.386294
 -1.386294 -1.386294 -1.386294 -1.386294
 -1.386294 -1.386294 -1.386294 -1.386294
 -1.386294 -1.386294 -1.386294 -1.386294
 -1.250162 -1.890198 -0.888048 -1.890198
 -1.386294 -1.386294 -1.386294 -1.386294
 -1.609436 -2.397882 -1.522426 -0.711500
 -1.575534 -1.287856 -2.268664 -0.882395
 -1.324926 -2.066858 -1.479076 -0.968252
 -1.575534 -1.980990 -1.064715 -1.170074
 -1.219242 -1.992423 -1.145134 -1.386294
 -1.098616 -1.349927 -2.602654 -1.098616
 -1.196252 -1.969433 -1.196252 -1.363305
 -1.791757 -1.871799 -1.312187 -0.890975
 -1.457246 0.000100 0.000100 0.000100
 -1.805550 0.000100 0.000100 0.000100
 -1.245938 0.000100 0.000100 0.000100
 -1.154966 0.000100 0.000100 0.000100
 -2.140040 -2.833137 -1.041461 -0.753783
 -0.875482 -2.484840 -1.791743 -1.098621
 -1.658222 -1.658222 -1.658222 -0.847306
 -1.749192 -1.056058 -1.343735 -1.526054
 -1.321758 -1.321758 -1.609431 -1.321758
 -1.540440 -1.540440 -1.540440 -1.029628
 -0.944470 -2.197197 -1.791748 -1.098618
 -2.159466 -1.178658 -1.871793 -0.860208
 -1.446918 -1.734591 -1.041461 -1.446918
 -0.887312 -2.140040 -2.833137 -0.887312
 -1.466334 -1.466334 -1.466334 -1.178661
 -1.871793 -0.860208 -3.258012 -0.955517
 -1.098618 -2.197197 -12.100735 -0.587799
 -1.845814 -1.335002 -2.944360 -0.641865
 -1.011612 -2.397832 -0.606156 -11.608273
 -1.832572 -0.820987 -3.218792 -1.021656
 -1.041461 -2.140040 -2.140040 -0.887312
 -0.998536 -2.944360 -2.944360 -0.641865
 -2.079391 -11.289832 -0.980846 -0.693172
 -1.980990 -1.170074 -1.287856 -1.287856
 -1.504075 -2.197197 -0.944470 -1.280936
 -1.386294 -1.791743 -1.386294 -1.098621
 -1.540440 -1.029628 -2.638986 -1.029628
 -1.575534 -1.575534 -1.980990 -0.802353
 -0.980838 -2.079417 -1.163156 -1.673968
 -1.321758 -11.918417 -11.918417 -0.310173
 -1.321758 -2.707977 -2.014880 -0.628623
 -1.909532 -1.909532 -1.909532 -0.587795
 -0.810940 -1.791748 -1.280936 -2.197197
 -1.252770 -11.156307 -11.156307 -0.336509
 -0.788474 -2.397832 -2.397832 -1.011612
 -3.610829 -1.126014 -0.971864 -1.308334
 -11.982954 -11.982954 -11.982954 -0.000019
 -11.982954 -11.982954 -11.982954 -0.000019
 -12.206093 -12.206093 -12.206093 -0.000015
 -12.254882 -12.254882 -12.254882 -0.000014
 -1.386294 -1.386294 -1.386294 -1.386294
 -1.386294 -1.386294 -1.386294 -1.386294
 -1.386294 -1.386294 -1.386294 -1.386294
 -1.651400 -1.517870 -1.457246 -1.032364
 -1.540440 -1.945889 -1.945889 -0.693161
 -1.386294 -1.386294 -2.772514 -0.826689
 -1.734591 -1.223779 -1.446918 -1.223779
 -1.648654 -1.466336 -1.871793 -0.860208
 -2.014880 -1.609431 -1.098619 -1.098619
 -1.223779 -2.140040 -1.446918 -1.041461
 -1.011612 -1.704734 -2.397832 -1.011612
 -1.791753 -1.321757 -1.609435 -1.003306
 -11.982954 -11.982954 -11.982954 -0.000019
 -11.918417 -11.918417 -11.918417 -0.000020
 -11.982954 -11.982954 -11.982954 -0.000019
 -12.468452 -12.468452 -12.468452 -0.000012
 -1.386294 -1.386294 -1.386294 -1.386294
 -1.386294 -1.386294 -1.386294 -1.386294
 -1.386294 -1.386294 -1.386294 -1.386294
 -1.651400 -1.457246 -2.093229 -0.793954
 -11.849426 -11.849426 -11.849426 -0.000021
 -12.043577 -12.043577 -12.043577 -0.000018
 -11.407610 -11.407610 -11.407610 -0.000033
 -12.706861 -12.706861 -12.706861 -0.000009
 -1.386294 -1.386294 -1.386294 -1.386294
 -1.386294 -1.386294 -1.386294 -1.386294
 -1.386294 -1.386294 -1.386294 -1.386294
 -1.805550 -1.032364 -1.651400 -1.245938
 -1.098621 -1.791743 -1.791743 -1.098621
 -0.955517 -1.871793 -2.159466 -1.060876
 -1.252766 -1.252766 -1.029628 -2.638986
 -1.098617 -2.351344 -1.945896 -0.847306
 -0.733977 -2.525695 -0.820987 -12.429233
 -0.182345 -11.695280 -1.791743 -11.695280
 -1.466334 -1.466334 -0.619056 -11.775321
 -1.526054 -0.737607 -1.189587 -12.345852
 -1.455286 -2.014891 -1.098616 -1.203975
 -0.980838 -11.982954 -2.772514 -0.575378
 -1.686394 -2.197206 -1.349927 -0.810937
 -1.386294 -1.386294 -1.386294 -1.386294
 -12.100735 -12.100735 -12.100735 -0.000017
 -11.156307 -11.156307 -11.156307 -0.000043
 -12.100735 -12.100735 -12.100735 -0.000017
 -12.611551 -12.611551 -12.611551 -0.000010
 -1.386294 -1.386294 -1.386294 -1.386294
 -1.386294 -1.386294 -1.386294 -1.386294
 -1.386294 -1.386294 -1.386294 -1.386294
 -13.500805 -13.500805 -13.500805 -0.000004
 -1.386294 -1.386294 -1.386294 -1.386294
 -1.386294 -1.386294 -1.386294 -1.386294
 -1.386294 -1.386294 -1.386294 -1.386294
 -1.457246 -1.805550 -1.199418 -1.199418
 -12.043577 -0.000018 -12.043577 -12.043577
 -11.695280 -0.000025 -11.695280 -11.695280
 -12.301401 -0.000014 -12.301401 -12.301401
 -12.301401 -0.000014 -12.301401 -12.301401
 -1.386294 -1.386294 -1.386294 -1.386294
 -0.000004 -13.500805 -13.500805 -13.500805
 -1.386294 -1.386294 -1.386294 -1.386294
 -1.386294 -1.386294 -1.386294 -1.386294
 -13.500805 -13.500805 -0.000004 -13.500805
 -1.386294 -1.386294 -1.386294 -1.386294
 -1.386294 -1.386294 -1.386294 -1.386294
 -1.386294 -1.386294 -1.386294 -1.386294
 -1.386294 -1.386294 -1.386294 -1.386294
 -1.386294 -1.386294 -1.386294 -1.386294
 -0.958257 -1.517870 -2.681007 -1.112407
 -1.386294 -1.386294 -1.386294 -1.386294
 -1.134983 -3.332119 -2.639022 -0.559624
 -1.386294 -1.386294 -2.772514 -0.826689
 -10.819859 -1.609418 -1.609418 -0.510872
 -1.791751 -2.079425 -1.791751 -0.613113
 -0.887312 -2.833137 -1.223779 -1.446918
 -2.197169 -1.504072 -1.504072 -0.810950
 -0.980846 -11.289832 -1.386294 -0.980846
 -2.564926 -1.466336 -1.871796 -0.619045
