 -1.216395 0.000100 0.000100 0.000100
 -1.810451 0.000100 0.000100 0.000100
 -1.703206 0.000100 0.000100 0.000100
 -1.027154 0.000100 0.000100 0.000100
 -0.953432 -1.519825 -2.484898 -1.163152
 -1.331235 -2.360842 -2.583980 -0.569099
 -1.133100 -2.131620 -1.880309 -0.899486
 -1.319603 -2.045537 -1.618095 -0.903444
 -1.181134 -2.050167 -2.050167 -0.830933
 -1.386294 -2.079433 -2.484890 -0.613109
 -1.011604 -2.397879 -2.174741 -0.839754
 -1.237612 -2.041981 -1.697142 -0.923955
 -0.837043 -1.935651 -2.628791 -1.048352
 -1.123932 -1.742965 -2.590244 -0.855670
 -0.884206 -2.036874 -2.730004 -0.938273
 -1.690662 -2.004318 -1.422399 -0.821627
 -1.108664 -1.897117 -2.040217 -0.941610
 -1.120593 -1.631414 -2.219192 -0.995431
 -1.211092 -2.058380 -2.058380 -0.805629
 -1.348837 -1.930756 -1.739702 -0.867865
 -1.098613 -1.856295 -1.856295 -1.037989
 -1.252764 -3.891728 -2.793183 -0.457838
 -1.077561 -2.058380 -2.058380 -0.905712
 -1.747306 -1.838278 -1.448815 -0.839752
 -1.110448 -1.877699 -1.957741 -0.976917
 -1.681755 -3.068012 -2.374890 -0.393910
 -1.174121 -1.927886 -1.810105 -0.962813
 -1.652922 -1.953025 -1.452252 -0.837887
 -1.123931 -1.897117 -2.184796 -0.885521
 -1.363305 -1.681755 -3.761109 -0.625711
 -1.116006 -1.980996 -2.450992 -0.802350
 -1.967110 -1.827349 -1.273965 -0.868501
 -1.034898 -1.765782 -2.538962 -0.929538
 -1.366876 -1.985909 -2.140057 -0.712954
 -1.368276 -1.927886 -1.927886 -0.788461
 -1.659989 -1.820331 -1.429466 -0.895385
 -1.398717 -1.504077 -2.197218 -0.868091
 -1.292769 -1.985909 -3.238636 -0.599625
 -1.504076 -2.602672 -2.379534 -0.492481
 -2.219200 -2.036879 -1.371906 -0.678760
 -1.913645 -1.277661 -2.501422 -0.709680
 -1.652920 -1.770702 -2.058380 -0.672098
 -1.446918 -2.545514 -1.533929 -0.753776
 -1.847848 -1.773740 -1.773740 -0.687106
 -1.192140 -1.627454 -2.639039 -0.847301
 -1.098614 -2.251282 -2.656739 -0.710850
 -1.203974 -2.813385 -1.714795 -0.776532
 -1.945908 -2.248188 -1.555043 -0.615498
 -1.359626 -2.224616 -2.106835 -0.666482
 -1.665004 -1.531475 -2.224609 -0.720551
 -1.366876 -2.140057 -1.446918 -0.936096
 -2.043072 -2.043072 -1.398717 -0.705571
 -0.660361 -0.875471 -2.708032 -13.304691
 -0.988614 -0.927990 -1.458614 -12.971550
 -0.677883 -1.609436 -1.229949 -13.384734
 -1.494508 -1.158036 -0.773191 -14.260199
 -1.107347 -1.911716 -2.665482 -0.793690
 -1.425515 -1.754017 -2.564941 -0.674101
 -1.820745 -2.574510 -1.709520 -0.543089
 -1.386294 -1.386294 -1.386294 -1.386294
 -1.049824 -2.184796 -2.590255 -0.771111
 -1.276294 -2.374890 -2.662564 -0.583151
 -1.252764 -2.456714 -2.456714 -0.610915
 -1.976492 -2.403933 -1.474401 -0.612179
 -1.071585 -1.805550 -3.191819 -0.793954
 -1.488076 -2.047681 -2.740803 -0.543623
 -1.714795 -2.302573 -1.514127 -0.693151
 -1.701810 -1.701810 -1.734600 -0.779091
 -13.487012 -13.487012 -13.487012 -0.000004
 -13.161592 -13.161592 -13.161592 -0.000006
 -13.038991 -13.038991 -13.038991 -0.000007
 -14.247295 -14.247295 -14.247295 -0.000002
 -1.386294 -1.386294 -1.386294 -1.386294
 -1.386294 -1.386294 -1.386294 -1.386294
 -1.386294 -1.386294 -1.386294 -1.386294
 -1.269884 -1.532248 -0.686994 -14.991085
 -1.620487 -1.677645 -13.721204 -0.485510
 -1.304057 -2.169047 -2.169047 -0.693150
 -1.628014 -2.002706 -1.659762 -0.737043
 -1.386294 -1.386294 -1.386294 -1.386294
 -13.444452 -13.444452 -13.444452 -0.000004
 -13.060496 -13.060496 -13.060496 -0.000006
 -12.873912 -12.873912 -12.873912 -0.000008
 -14.340241 -14.340241 -14.340241 -0.000002
 -1.386294 -1.386294 -1.386294 -1.386294
 -1.386294 -1.386294 -1.386294 -1.386294
 -1.386294 -1.386294 -1.386294 -1.386294
 -14.991085 -14.991085 -14.991085 -0.000001
 -1.386294 -1.386294 -1.386294 -1.386294
 -1.386294 -1.386294 -1.386294 -1.386294
 -1.386294 -1.386294 -1.386294 -1.386294
 -1.952101 -3.008150 -0.776798 -1.053356
 -13.038990 -0.000006 -13.038990 -13.038990
 -11.982954 -0.000019 -11.982954 -11.982954
 -14.214290 -0.000002 -14.214290 -14.214290
 -13.937732 -0.000003 -13.937732 -13.937732
 -1.386294 -1.386294 -1.386294 -1.386294
 -0.000001 -14.991085 -14.991085 -14.991085
 -1.386294 -1.386294 -1.386294 -1.386294
 -1.386294 -1.386294 -1.386294 -1.386294
 -14.991085 -14.991085 -0.000001 -14.991085
 -1.386294 -1.386294 -1.386294 -1.386294
 -1.386294 -1.386294 -1.386294 -1.386294
 -1.386294 -1.386294 -1.386294 -1.386294
 -1.386294 -1.386294 -1.386294 -1.386294
 -1.386294 -1.386294 -1.386294 -1.386294
 -1.175574 -2.091863 -0.804010 -2.117181
 -1.386294 -1.386294 -1.386294 -1.386294
 -1.660730 -2.120259 -1.427116 -0.798509
 -1.897113 -1.609435 -2.590244 -0.553391
 -1.393215 -1.680896 -1.980999 -0.849600
 -1.717647 -1.466336 -1.178657 -1.265668
 -1.174986 -2.022278 -1.916918 -0.887305
 -1.192140 -2.079434 -1.386294 -1.134982
 -0.986497 -1.998090 -1.679640 -1.187167
 -1.393412 -1.581463 -1.452252 -1.164571
 -1.453324 0.000100 0.000100 0.000100
 -1.647480 0.000100 0.000100 0.000100
 -1.559619 0.000100 0.000100 0.000100
 -1.012092 0.000100 0.000100 0.000100
 -1.168206 -1.888750 -1.313388 -1.313388
 -1.150981 -1.589234 -1.945907 -1.088461
 -1.089311 -1.782455 -1.305533 -1.494775
 -1.786368 -1.459156 -1.436166 -1.015664
 -1.034075 -1.960834 -1.647177 -1.167606
 -1.129385 -1.650680 -2.515670 -0.906242
 -1.195605 -1.734600 -1.643628 -1.115563
 -1.958812 -1.615868 -1.412270 -0.875470
 -0.956963 -1.749199 -1.559957 -1.461518
 -1.098613 -1.860750 -1.727219 -1.098613
 -1.027518 -1.663504 -1.781286 -1.258041
 -1.824548 -1.488077 -1.313724 -1.066864
 -1.058608 -2.100058 -1.206243 -1.464072
 -0.947383 -2.505517 -1.640527 -1.088461
 -1.071945 -1.936939 -1.308333 -1.413693
 -1.533930 -1.629240 -1.475090 -1.023106
 -1.123931 -1.578666 -1.609437 -1.313974
 -1.280934 -1.386294 -2.197217 -1.018571
 -1.045369 -2.018814 -1.418043 -1.296682
 -2.008212 -1.197284 -1.602748 -1.014963
 -1.158781 -1.828937 -1.309063 -1.364633
 -1.116471 -1.782947 -1.837014 -1.063827
 -0.951560 -1.907068 -1.437066 -1.479626
 -1.766757 -1.596859 -1.507247 -0.903713
 -1.112406 -1.805551 -1.549619 -1.222407
 -1.145133 -1.992426 -1.644122 -1.043351
 -1.180851 -1.902983 -1.270463 -1.335001
 -1.443818 -1.443818 -1.555043 -1.149579
 -1.132746 -1.912902 -1.366360 -1.290375
 -1.332806 -1.375365 -1.945907 -1.076873
 -1.098613 -1.791758 -1.517322 -1.270463
 -1.952381 -1.824548 -1.329853 -0.838734
 -1.219241 -1.624705 -1.624705 -1.169230
 -1.121342 -1.923684 -1.923684 -0.962277
 -0.977985 -1.543298 -1.717650 -1.466337
 -1.922786 -1.357474 -1.357474 -1.081221
 -1.336462 -1.552685 -1.309063 -1.364633
 -0.993253 -1.546636 -1.909540 -1.314836
 -0.930820 -1.754017 -1.312187 -1.811176
 -1.742968 -1.313974 -1.313974 -1.246533
 -1.192545 -1.757857 -1.263162 -1.421386
 -1.038509 -1.549333 -1.837014 -1.293401
 -1.082613 -1.354546 -1.875841 -1.386294
 -1.586090 -1.666132 -1.548350 -0.932165
 -1.239691 -1.979356 -1.239691 -1.262681
 -1.098613 -1.881369 -1.763587 -1.070442
 -1.016375 -1.286665 -1.658227 -1.763587
 -1.352847 -1.658227 -1.435084 -1.161792
 -0.932552 -1.405839 -1.018074 -14.253768
 -0.554313 -1.498772 -1.598855 -13.753639
 -0.754842 -1.717650 -1.048603 -13.972518
 -1.273966 -1.156183 -0.902403 -14.173188
 -1.056649 -1.658227 -1.683545 -1.286665
 -0.936495 -1.650259 -1.832580 -1.362578
 -1.170072 -1.826850 -1.603707 -1.116005
 -1.386294 -1.386294 -1.386294 -1.386294
 -1.299283 -1.769286 -1.219241 -1.341843
 -1.056054 -1.749198 -1.882728 -1.120592
 -1.652922 -2.058384 -1.211091 -0.959777
 -2.045991 -1.732335 -1.229233 -0.912896
 -1.151257 -1.928958 -1.429969 -1.206826
 -1.063522 -1.945907 -2.351367 -0.875471
 -1.113319 -2.147389 -1.552685 -1.069834
 -1.845825 -1.313022 -1.922786 -0.851205
 -14.137597 -14.137597 -14.137597 -0.000002
 -13.721204 -13.721204 -13.721204 -0.000003
 -13.710155 -13.710155 -13.710155 -0.000003
 -14.457367 -14.457367 -14.457367 -0.000002
 -1.386294 -1.386294 -1.386294 -1.386294
 -1.386294 -1.386294 -1.386294 -1.386294
 -1.386294 -1.386294 -1.386294 -1.386294
 -1.319793 -1.235236 -0.816348 -15.442789
 -1.734600 -1.357307 -1.301737 -1.223776
 -1.259543 -1.665007 -1.739115 -1.045969
 -1.373049 -1.654900 -1.196593 -1.373049
 -1.386294 -1.386294 -1.386294 -1.386294
 -14.022528 -14.022528 -14.022528 -0.000002
 -13.873783 -13.873783 -13.873783 -0.000003
 -14.085541 -14.085541 -14.085541 -0.000002
 -14.214290 -14.214290 -14.214290 -0.000002
 -1.386294 -1.386294 -1.386294 -1.386294
 -1.386294 -1.386294 -1.386294 -1.386294
 -1.386294 -1.386294 -1.386294 -1.386294
 -15.442789 -15.442789 -15.442789 -0.000001
 -1.386294 -1.386294 -1.386294 -1.386294
 -1.386294 -1.386294 -1.386294 -1.386294
 -1.386294 -1.386294 -1.386294 -1.386294
 -1.597719 -1.569009 -1.372636 -1.090785
 -13.845074 -0.000003 -13.845074 -13.845074
 -13.873783 -0.000003 -13.873783 -13.873783
 -14.070156 -0.000002 -14.070156 -14.070156
 -14.352006 -0.000002 -14.352006 -14.352006
 -1.386294 -1.386294 -1.386294 -1.386294
 -0.000001 -15.442789 -15.442789 -15.442789
 -1.386294 -1.386294 -1.386294 -1.386294
 -1.386294 -1.386294 -1.386294 -1.386294
 -15.442789 -15.442789 -0.000001 -15.442789
 -1.386294 -1.386294 -1.386294 -1.386294
 -1.386294 -1.386294 -1.386294 -1.386294
 -1.386294 -1.386294 -1.386294 -1.386294
 -1.386294 -1.386294 -1.386294 -1.386294
 -1.386294 -1.386294 -1.386294 -1.386294
 -1.151044 -1.513949 -1.617327 -1.327173
 -1.386294 -1.386294 -1.386294 -1.386294
 -1.367832 -2.136963 -1.169382 -1.149579
 -1.317302 -2.010446 -2.079438 -0.748209
 -1.181134 -1.781905 -1.670680 -1.088761
 -1.504077 -2.132683 -1.267689 -0.973450
 -1.271884 -2.049586 -1.193923 -1.245216
 -1.069200 -2.125244 -1.806794 -0.985819
 -0.945644 -1.617736 -1.800057 -1.394593
 -1.776010 -1.504077 -1.391599 -1.022240
