 -1.257913 0.000100 0.000100 0.000100
 -1.805552 0.000100 0.000100 0.000100
 -1.805552 0.000100 0.000100 0.000100
 -0.949366 0.000100 0.000100 0.000100
 -1.123005 -2.221610 -2.116250 -0.807925
 -1.306252 -2.079433 -2.261751 -0.693151
 -1.037990 -1.673974 -1.925285 -1.163152
 -1.326191 -1.894172 -1.782947 -0.877242
 -1.098613 -1.900956 -2.163318 -0.910562
 -1.148625 -1.767657 -3.020385 -0.769138
 -0.880363 -2.327262 -1.634128 -1.228667
 -1.410987 -1.921810 -1.410987 -1.005523
 -1.121342 -1.780584 -2.186046 -0.933290
 -1.339775 -2.351360 -1.945903 -0.693152
 -0.867504 -1.832577 -2.302573 -1.139436
 -1.574035 -1.765090 -1.413693 -0.971862
 -1.098614 -1.791757 -2.233586 -0.934311
 -0.995431 -2.219192 -3.135453 -0.737603
 -0.926765 -1.791755 -2.484890 -1.037990
 -1.600703 -2.028145 -1.180851 -1.022627
 -1.031922 -1.900956 -2.163318 -0.969402
 -1.658225 -2.128221 -2.639034 -0.479579
 -1.078812 -1.966107 -2.120255 -0.916294
 -1.894172 -1.636344 -1.326191 -0.943199
 -0.856474 -1.987870 -2.093229 -1.154966
 -1.285199 -1.904232 -2.240698 -0.759109
 -1.252764 -1.812374 -1.406914 -1.183772
 -2.104131 -1.921810 -1.256837 -0.804853
 -1.582408 -1.582408 -2.211011 -0.735114
 -1.458614 -2.662564 -1.969433 -0.583151
 -1.019833 -3.012235 -1.913645 -0.815040
 -1.653889 -1.700408 -1.377636 -0.983733
 -1.595048 -1.289668 -2.154658 -0.901904
 -1.435084 -1.791755 -2.639034 -0.646632
 -1.466336 -2.564932 -1.312187 -0.860204
 -1.815288 -1.969438 -1.492516 -0.748940
 -1.098614 -2.656739 -2.433600 -0.675759
 -1.232145 -2.484890 -1.673974 -0.826682
 -1.424034 -2.197215 -1.686396 -0.770112
 -1.894615 -1.799305 -1.594512 -0.731467
 -1.417066 -2.110207 -1.887066 -0.723922
 -1.386294 -2.197211 -2.197211 -0.639086
 -1.446918 -3.931733 -1.629238 -0.599625
 -1.938740 -1.676376 -1.468738 -0.823601
 -1.047321 -1.645154 -2.944412 -0.907560
 -1.717647 -2.970375 -2.564926 -0.367731
 -1.386294 -2.233583 -1.828123 -0.729518
 -1.945908 -1.997201 -1.445135 -0.722136
 -1.220503 -2.724561 -2.501422 -0.584517
 -1.691672 -1.558143 -2.538951 -0.641859
 -1.163152 -2.484890 -1.791755 -0.826682
 -2.086359 -1.885689 -1.148093 -0.899197
 -1.495493 -2.268674 -3.367253 -0.449529
 -2.028139 -2.028139 -1.691672 -0.593070
 -1.929905 -2.740821 -1.824546 -0.463577
 -1.565635 -2.064624 -1.463852 -0.837398
 -1.062896 -1.522425 -4.007240 -0.871842
 -1.163153 -3.465648 -2.367103 -0.575371
 -1.514127 -1.832577 -1.966107 -0.733973
 -1.865370 -1.952381 -1.329853 -0.823919
 -13.369229 -13.369229 -13.369229 -0.000005
 -12.971550 -12.971550 -12.971550 -0.000007
 -13.161592 -13.161592 -13.161592 -0.000006
 -14.100693 -14.100693 -14.100693 -0.000002
 -1.386294 -1.386294 -1.386294 -1.386294
 -1.386294 -1.386294 -1.386294 -1.386294
 -1.386294 -1.386294 -1.386294 -1.386294
 -2.121404 -1.987873 -1.234103 -0.793953
 -1.763583 -1.252764 -12.765699 -0.610915
 -2.079432 -2.590244 -2.995692 -0.287689
 -1.552279 -1.957741 -1.957741 -0.681454
 -2.110210 -1.515506 -1.076140 -1.145133
 -0.973452 -1.727217 -3.806571 -0.862227
 -1.349927 -2.379534 -3.295794 -0.492481
 -1.774949 -1.880309 -1.774949 -0.676344
 -1.565635 -1.762344 -1.432104 -0.966015
 -13.444452 -13.444452 -13.444452 -0.000004
 -13.017012 -13.017012 -13.017012 -0.000007
 -13.017012 -13.017012 -13.017012 -0.000007
 -14.100693 -14.100693 -14.100693 -0.000002
 -1.386294 -1.386294 -1.386294 -1.386294
 -1.386294 -1.386294 -1.386294 -1.386294
 -1.386294 -1.386294 -1.386294 -1.386294
 -1.165895 -1.133459 -1.003925 -14.887095
 -13.721204 -13.721204 -13.721204 -0.000003
 -13.753639 -13.753639 -13.753639 -0.000003
 -13.883173 -13.883173 -13.883173 -0.000003
 -1.386294 -1.386294 -1.386294 -1.386294
 -1.386294 -1.386294 -1.386294 -1.386294
 -1.386294 -1.386294 -1.386294 -1.386294
 -1.386294 -1.386294 -1.386294 -1.386294
 -14.887095 -14.887095 -0.000001 -14.887095
 -1.386294 -1.386294 -1.386294 -1.386294
 -1.386294 -1.386294 -1.386294 -1.386294
 -14.887095 -0.000001 -14.887095 -14.887095
 -1.386294 -1.386294 -1.386294 -1.386294
 -1.386294 -1.386294 -1.386294 -1.386294
 -0.000001 -14.887095 -14.887095 -14.887095
 -1.386294 -1.386294 -1.386294 -1.386294
 -1.386294 -1.386294 -1.386294 -1.386294
 -14.887095 -14.887095 -0.000001 -14.887095
 -1.386294 -1.386294 -1.386294 -1.386294
 -1.386294 -1.386294 -1.386294 -1.386294
 -1.386294 -1.386294 -1.386294 -1.386294
 -1.386294 -1.386294 -1.386294 -1.386294
 -1.386294 -1.386294 -1.386294 -1.386294
 -1.282305 -1.784933 -0.994623 -1.687769
 -1.386294 -1.386294 -1.386294 -1.386294
 -1.303407 -1.561235 -1.829497 -1.027155
 -1.694593 -1.493924 -2.793183 -0.633728
 -1.216396 -1.591088 -1.909540 -1.044546
 -1.791756 -2.602672 -0.853493 -1.098614
 -0.875471 -1.791757 -2.330747 -1.141173
 -1.044547 -2.197215 -1.686396 -1.044547
 -1.011603 -1.810105 -1.810105 -1.174121
 -1.377326 -2.070469 -1.213023 -1.126012
 -1.418043 0.000100 0.000100 0.000100
 -1.556193 0.000100 0.000100 0.000100
 -1.484734 0.000100 0.000100 0.000100
 -1.138459 0.000100 0.000100 0.000100
 -2.047681 -1.354546 -1.036096 -1.354546
 -0.993257 -2.197206 -1.909532 -0.993257
 -0.594715 -2.674112 -1.757852 -1.575533
 -1.767657 -1.228667 -1.148625 -1.516346
 -1.126014 -2.512283 -1.126014 -1.308334
 -1.021656 -1.609434 -2.525695 -1.021656
 -1.098615 -1.704744 -1.193925 -1.704744
 -1.704744 -1.550595 -1.550595 -0.931563
 -0.929540 -1.440361 -1.558143 -1.845821
 -1.252765 -1.945896 -3.044441 -0.646637
 -0.794936 -2.740803 -1.824542 -1.131405
 -1.691672 -2.251277 -1.152682 -0.929540
 -0.847302 -2.128221 -1.540443 -1.435084
 -1.280936 -1.791748 -1.791748 -0.944470
 -1.178658 -2.564915 -1.312187 -1.060876
 -1.540443 -1.540443 -1.540443 -1.029622
 -0.644362 -2.079432 -1.386294 -2.302570
 -0.998536 -2.251263 -2.251263 -0.865006
 -1.252765 -1.134983 -1.945899 -1.386294
 -1.315677 -1.410987 -1.921806 -1.074517
 -1.652920 -2.240698 -1.285199 -0.854419
 -0.693155 -2.564915 -3.258012 -0.955517
 -0.788466 -2.397863 -1.481603 -1.481603
 -1.550595 -1.704744 -1.193925 -1.193925
 -1.265668 -1.717647 -1.265668 -1.360977
 -0.762152 -2.014880 -2.014880 -1.321758
 -0.969405 -1.575534 -1.575534 -1.575534
 -1.860747 -1.241714 -1.167607 -1.408767
 -1.185626 -2.197211 -0.810935 -1.974072
 -1.134983 -1.386294 -2.639022 -1.029624
 -1.193925 -1.417066 -1.193925 -1.887062
 -1.824542 -1.824542 -0.869043 -1.354546
 -0.782764 -2.862162 -1.609435 -1.252764
 -1.232146 -1.568613 -1.568613 -1.232146
 -1.315677 -1.516346 -1.516346 -1.228667
 -1.252765 -1.945899 -1.252765 -1.252765
 -1.658225 -2.351360 -0.847302 -1.252764
 -0.916298 -1.897107 -2.302555 -1.049828
 -1.287856 -1.980990 -1.287856 -1.170074
 -1.413693 -2.512283 -1.045972 -1.126014
 -1.098615 -1.887062 -1.193925 -1.550595
 -1.029628 -1.540440 -2.638986 -1.029628
 -1.410987 -1.074517 -1.410987 -1.767657
 -1.897113 -1.609435 -1.203974 -1.049825
 -1.067844 -1.673972 -1.856290 -1.163153
 -1.203975 -1.609435 -1.791753 -1.098616
 -1.193925 -1.299284 -2.110200 -1.193925
 -1.887062 -1.299284 -1.550595 -1.011605
 -1.358124 -1.945902 -1.252764 -1.157455
 -1.321757 -1.455286 -2.014891 -1.003306
 -1.945896 -1.658222 -1.098617 -1.098617
 -2.351360 -1.540443 -1.098615 -1.029622
 -0.980835 -3.177970 -1.386294 -1.098616
 -1.272967 -1.609434 -12.429233 -0.653935
 -0.990402 -1.475905 -1.763583 -1.475905
 -1.704745 -1.299284 -1.386294 -1.219242
 -12.821269 -12.821269 -12.821269 -0.000008
 -12.468452 -12.468452 -12.468452 -0.000012
 -12.345852 -12.345852 -12.345852 -0.000013
 -12.948020 -12.948020 -12.948020 -0.000007
 -1.386294 -1.386294 -1.386294 -1.386294
 -1.386294 -1.386294 -1.386294 -1.386294
 -1.386294 -1.386294 -1.386294 -1.386294
 -1.716535 -1.673975 -1.114361 -1.188469
 -1.526054 -1.343735 -2.442314 -0.832916
 -1.098616 -1.232146 -3.177970 -1.098616
 -1.339775 -1.791755 -1.339775 -1.172722
 -1.584118 -1.466336 -1.098615 -1.466336
 -0.980833 -1.386294 -1.519824 -1.856290
 -1.064715 -1.980990 -2.674112 -0.802353
 -1.686394 -2.197206 -1.216398 -0.897947
 -2.079432 -1.290985 -1.290985 -1.123932
 -12.676089 -12.676089 -12.676089 -0.000009
 -12.468452 -12.468452 -12.468452 -0.000012
 -12.542559 -12.542559 -12.542559 -0.000011
 -12.948020 -12.948020 -12.948020 -0.000007
 -1.386294 -1.386294 -1.386294 -1.386294
 -1.386294 -1.386294 -1.386294 -1.386294
 -1.386294 -1.386294 -1.386294 -1.386294
 -0.980830 -1.001884 -1.355523 -14.062374
 -13.081550 -13.081550 -13.081550 -0.000006
 -13.060496 -13.060496 -13.060496 -0.000006
 -12.706861 -12.706861 -12.706861 -0.000009
 -1.386294 -1.386294 -1.386294 -1.386294
 -1.386294 -1.386294 -1.386294 -1.386294
 -1.386294 -1.386294 -1.386294 -1.386294
 -1.386294 -1.386294 -1.386294 -1.386294
 -14.062374 -14.062374 -0.000002 -14.062374
 -1.386294 -1.386294 -1.386294 -1.386294
 -1.386294 -1.386294 -1.386294 -1.386294
 -14.062374 -0.000003 -14.062374 -14.062374
 -1.386294 -1.386294 -1.386294 -1.386294
 -1.386294 -1.386294 -1.386294 -1.386294
 -0.000003 -14.062374 -14.062374 -14.062374
 -1.386294 -1.386294 -1.386294 -1.386294
 -1.386294 -1.386294 -1.386294 -1.386294
 -14.062374 -14.062374 -0.000002 -14.062374
 -1.386294 -1.386294 -1.386294 -1.386294
 -1.386294 -1.386294 -1.386294 -1.386294
 -1.386294 -1.386294 -1.386294 -1.386294
 -1.386294 -1.386294 -1.386294 -1.386294
 -1.386294 -1.386294 -1.386294 -1.386294
 -0.980830 -2.018814 -1.519825 -1.296682
 -1.386294 -1.386294 -1.386294 -1.386294
 -1.232145 -2.772564 -1.568614 -0.826682
 -1.734591 -12.043577 -2.140040 -0.348322
 -0.767262 -1.722761 -2.639022 -1.252765
 -1.763583 -1.763583 -1.358124 -0.916295
 -1.098615 -1.791754 -1.386294 -1.386294
 -1.252766 -1.540440 -2.638986 -0.847310
 -0.832916 -3.135412 -2.036866 -0.938276
 -1.299284 -2.061416 -0.916293 -1.609436
