 -1.184790 0.000100 0.000100 0.000100
 -1.918758 0.000100 0.000100 0.000100
 -1.838716 0.000100 0.000100 0.000100
 -0.945774 0.000100 0.000100 0.000100
 -0.820982 -1.897117 -2.813398 -1.049823
 -1.568614 -2.484890 -2.079433 -0.539001
 -0.860204 -2.159475 -2.852606 -0.906724
 -1.899746 -1.899746 -1.442989 -0.766651
 -0.769689 -2.251286 -2.356645 -1.088142
 -1.299284 -1.838274 -3.091002 -0.648700
 -0.671173 -2.420352 -2.708026 -1.098614
 -1.743968 -2.018403 -1.528857 -0.743338
 -1.060873 -1.386294 -1.871800 -1.386294
 -1.609435 -2.302570 -2.302570 -0.510831
 -0.916294 -2.420352 -1.609436 -1.167607
 -1.791758 -1.708377 -1.559957 -0.816381
 -1.110448 -1.670061 -2.140061 -1.008666
 -1.244325 -2.131620 -2.691225 -0.643554
 -1.170073 -1.863214 -1.575535 -1.116006
 -2.263360 -1.937940 -1.272966 -0.750778
 -0.998531 -1.622682 -1.691674 -1.386294
 -1.514127 -1.832577 -1.966107 -0.733973
 -1.277661 -2.164956 -2.501422 -0.645141
 -1.540445 -1.945908 -1.475906 -0.881201
 -1.196252 -1.815287 -1.681757 -1.053151
 -1.966107 -1.714795 -2.525712 -0.510830
 -0.969403 -2.674130 -1.980996 -0.882392
 -1.999975 -1.632252 -1.456362 -0.829907
 -1.071585 -2.093229 -3.191819 -0.706943
 -1.331235 -1.890845 -1.773064 -0.879252
 -1.369487 -4.077444 -1.880309 -0.551181
 -1.521839 -2.011386 -1.490091 -0.861484
 -1.398129 -1.957741 -2.140061 -0.704984
 -1.413693 -1.413693 -2.512283 -0.838334
 -1.262243 -2.360842 -2.024375 -0.712199
 -1.845825 -2.028146 -1.497520 -0.719817
 -0.866813 -2.288188 -2.624654 -0.901904
 -1.882726 -2.442331 -2.442331 -0.394660
 -1.280935 -2.602672 -2.379534 -0.587791
 -1.884540 -2.577682 -1.191394 -0.758531
 -0.883503 -1.609437 -4.317393 -0.985285
 -1.098616 -2.602654 -1.909532 -0.810937
 -1.729236 -2.335365 -1.929905 -0.543619
 -2.098015 -1.958254 -1.222550 -0.817085
 -1.266948 -1.554629 -2.316761 -0.895386
 -1.526055 -1.749196 -3.135453 -0.570550
 -1.354546 -2.335365 -1.824546 -0.725940
 -2.432258 -1.906168 -1.359626 -0.679726
 -1.438480 -1.998090 -2.691225 -0.581034
 -1.734598 -1.852379 -2.545514 -0.530633
 -1.845823 -2.251282 -1.845823 -0.546548
 -1.939678 -1.707877 -1.673976 -0.718466
 -13.217681 -13.217681 -13.217681 -0.000005
 -13.142174 -13.142174 -13.142174 -0.000006
 -13.060496 -13.060496 -13.060496 -0.000006
 -14.369398 -14.369398 -14.369398 -0.000002
 -1.386294 -1.386294 -1.386294 -1.386294
 -1.386294 -1.386294 -1.386294 -1.386294
 -1.386294 -1.386294 -1.386294 -1.386294
 -2.152373 -2.388761 -1.383241 -0.613811
 -0.593069 -0.804377 -12.847937 -12.847937
 -0.916296 -1.003306 -1.455286 -12.611551
 -0.769135 -1.921809 -0.940985 -13.617064
 -1.538563 -1.224906 -0.710243 -14.386493
 -1.225613 -1.472472 -2.899575 -0.862708
 -1.386294 -1.956836 -2.123888 -0.715128
 -1.280934 -2.351370 -1.504077 -0.904457
 -1.386294 -1.386294 -1.386294 -1.386294
 -1.203974 -2.014899 -3.113495 -0.649664
 -1.427116 -1.609436 -2.813385 -0.693151
 -1.034076 -2.014895 -1.504076 -1.241714
 -2.247773 -2.316765 -1.490091 -0.561379
 -0.398351 -1.157454 -4.248401 -13.458841
 -0.479579 -1.945903 -1.435084 -12.948019
 -0.457838 -1.812374 -1.589233 -13.102169
 -1.327798 -1.160745 -0.863494 -14.322330
 -1.359626 -1.778335 -3.610896 -0.602765
 -1.341843 -2.079437 -2.685565 -0.606138
 -1.677645 -1.677645 -1.291984 -1.045125
 -1.386294 -1.386294 -1.386294 -1.386294
 -13.567055 -13.567055 -13.567055 -0.000004
 -13.180640 -13.180640 -13.180640 -0.000006
 -12.765700 -12.765700 -12.765700 -0.000009
 -14.291747 -14.291747 -14.291747 -0.000002
 -1.386294 -1.386294 -1.386294 -1.386294
 -1.386294 -1.386294 -1.386294 -1.386294
 -1.386294 -1.386294 -1.386294 -1.386294
 -15.000301 -15.000301 -15.000301 -0.000001
 -1.386294 -1.386294 -1.386294 -1.386294
 -1.386294 -1.386294 -1.386294 -1.386294
 -1.386294 -1.386294 -1.386294 -1.386294
 -1.983297 -3.081904 -0.684015 -1.164988
 -13.017012 -0.000007 -13.017012 -13.017012
 -11.918417 -0.000020 -11.918417 -11.918417
 -14.316288 -0.000002 -14.316288 -14.316288
 -13.835317 -0.000003 -13.835317 -13.835317
 -1.386294 -1.386294 -1.386294 -1.386294
 -0.000001 -15.000301 -15.000301 -15.000301
 -1.386294 -1.386294 -1.386294 -1.386294
 -1.386294 -1.386294 -1.386294 -1.386294
 -15.000301 -15.000301 -0.000001 -15.000301
 -1.386294 -1.386294 -1.386294 -1.386294
 -1.386294 -1.386294 -1.386294 -1.386294
 -1.386294 -1.386294 -1.386294 -1.386294
 -1.386294 -1.386294 -1.386294 -1.386294
 -1.386294 -1.386294 -1.386294 -1.386294
 -1.290151 -2.263598 -0.677973 -2.179041
 -1.386294 -1.386294 -1.386294 -1.386294
 -1.321756 -2.302578 -1.609437 -0.836250
 -1.734596 -1.734596 -1.916914 -0.693153
 -1.374318 -2.067463 -1.615480 -0.863494
 -1.819153 -2.001471 -1.126014 -0.971864
 -1.024506 -1.791757 -1.717649 -1.221215
 -1.634128 -2.327262 -1.315677 -0.823205
 -1.128467 -2.610056 -1.174986 -1.223776
 -1.475906 -1.683545 -1.445135 -1.049823
 -1.518162 0.000100 0.000100 0.000100
 -1.784790 0.000100 0.000100 0.000100
 -1.618805 0.000100 0.000100 0.000100
 -0.879674 0.000100 0.000100 0.000100
 -1.142098 -2.058384 -1.176000 -1.407800
 -0.980831 -1.386294 -2.667214 -1.185625
 -1.075357 -1.803591 -1.184556 -1.670061
 -2.291409 -1.544197 -1.269761 -0.905118
 -1.277095 -1.754017 -1.277095 -1.312187
 -1.074516 -1.841767 -2.327270 -0.910214
 -1.564985 -1.481604 -1.174121 -1.368276
 -1.799305 -1.523053 -1.523053 -0.920058
 -1.629239 -1.629239 -1.292769 -1.098613
 -0.976917 -1.552279 -2.363202 -1.146815
 -1.237875 -1.347074 -1.897117 -1.203973
 -1.588531 -1.554629 -1.736950 -0.895385
 -1.368276 -1.756040 -1.266494 -1.234745
 -1.324419 -1.904235 -1.835242 -0.854417
 -1.152681 -1.932834 -1.440361 -1.195240
 -1.745849 -1.448598 -1.868450 -0.829560
 -1.108369 -1.801514 -1.638996 -1.168994
 -1.278406 -1.373716 -1.884538 -1.150573
 -1.247033 -1.632694 -1.098613 -1.693318
 -1.673976 -1.578666 -1.386294 -1.032123
 -1.275543 -1.876315 -1.342234 -1.183170
 -1.374866 -1.575535 -1.632694 -1.064712
 -1.181134 -1.437066 -1.479626 -1.479626
 -1.689480 -1.466337 -1.648658 -0.935710
 -1.280934 -1.848916 -1.504077 -1.071214
 -1.230541 -1.655422 -1.923684 -0.992130
 -1.109309 -2.240704 -1.324419 -1.211091
 -1.559957 -1.316336 -1.631416 -1.120592
 -1.257083 -1.757856 -1.421386 -1.198243
 -1.504077 -1.996550 -1.996550 -0.680880
 -0.933290 -1.655422 -1.655422 -1.492904
 -1.827349 -1.528857 -1.325259 -1.031020
 -0.977777 -1.918757 -1.513294 -1.359143
 -0.903714 -1.661396 -2.577677 -1.111353
 -1.046788 -1.835242 -1.652922 -1.211091
 -1.589235 -1.406914 -1.623136 -1.039190
 -1.329136 -1.916921 -1.223776 -1.223776
 -1.362197 -1.516347 -1.841767 -1.005523
 -1.165753 -1.399366 -1.704746 -1.348073
 -1.806796 -1.639742 -1.371479 -0.946597
 -1.302525 -1.744356 -1.302525 -1.267434
 -1.283347 -1.327798 -1.710788 -1.283347
 -1.437066 -1.907068 -1.357024 -1.031603
 -1.960093 -1.318241 -1.490091 -1.004584
 -1.375823 -2.068966 -1.663504 -0.840307
 -1.488077 -1.893539 -1.699385 -0.819029
 -1.619387 -1.619387 -1.524078 -0.951560
 -1.722765 -1.415282 -1.574346 -0.990400
 -13.710155 -13.710155 -13.710155 -0.000003
 -13.592372 -13.592372 -13.592372 -0.000004
 -13.664692 -13.664692 -13.664692 -0.000003
 -14.363634 -14.363634 -14.363634 -0.000002
 -1.386294 -1.386294 -1.386294 -1.386294
 -1.386294 -1.386294 -1.386294 -1.386294
 -1.386294 -1.386294 -1.386294 -1.386294
 -1.918321 -1.654737 -1.299283 -0.943464
 -0.775842 -1.252764 -1.370546 -13.353481
 -0.743160 -1.148624 -1.573505 -13.617064
 -0.870355 -1.584119 -0.977985 -13.972518
 -1.289353 -0.990860 -1.040457 -14.328337
 -1.356081 -1.510231 -1.510231 -1.201930
 -1.129866 -1.776491 -2.159481 -0.935710
 -1.416147 -1.329136 -1.654557 -1.199083
 -1.386294 -1.386294 -1.386294 -1.386294
 -1.206826 -1.717650 -1.328187 -1.360977
 -1.016936 -1.710080 -2.463845 -0.987948
 -1.299283 -1.704746 -1.165753 -1.453433
 -1.581463 -1.514772 -1.770705 -0.905710
 -0.771792 -1.888750 -0.950483 -13.989468
 -0.527023 -1.474401 -1.710788 -13.629186
 -0.802348 -1.421386 -1.170072 -13.676253
 -1.157453 -1.304057 -0.881201 -14.151986
 -1.339288 -1.898903 -1.319086 -1.136765
 -1.306252 -1.999395 -1.473305 -1.009001
 -1.517870 -1.892562 -1.051782 -1.270035
 -1.386294 -1.386294 -1.386294 -1.386294
 -13.883173 -13.883173 -13.883173 -0.000003
 -13.353481 -13.353481 -13.353481 -0.000005
 -14.022528 -14.022528 -14.022528 -0.000002
 -14.122998 -14.122998 -14.122998 -0.000002
 -1.386294 -1.386294 -1.386294 -1.386294
 -1.386294 -1.386294 -1.386294 -1.386294
 -1.386294 -1.386294 -1.386294 -1.386294
 -15.271798 -15.271798 -15.271798 -0.000001
 -1.386294 -1.386294 -1.386294 -1.386294
 -1.386294 -1.386294 -1.386294 -1.386294
 -1.386294 -1.386294 -1.386294 -1.386294
 -1.550597 -1.918321 -1.360977 -0.955512
 -13.721204 -0.000003 -13.721204 -13.721204
 -13.353481 -0.000005 -13.353481 -13.353481
 -13.910825 -0.000003 -13.910825 -13.910825
 -14.316288 -0.000002 -14.316288 -14.316288
 -1.386294 -1.386294 -1.386294 -1.386294
 -0.000001 -15.271798 -15.271798 -15.271798
 -1.386294 -1.386294 -1.386294 -1.386294
 -1.386294 -1.386294 -1.386294 -1.386294
 -15.271798 -15.271798 -0.000001 -15.271798
 -1.386294 -1.386294 -1.386294 -1.386294
 -1.386294 -1.386294 -1.386294 -1.386294
 -1.386294 -1.386294 -1.386294 -1.386294
 -1.386294 -1.386294 -1.386294 -1.386294
 -1.386294 -1.386294 -1.386294 -1.386294
 -1.037577 -1.654737 -1.704748 -1.299283
 -1.386294 -1.386294 -1.386294 -1.386294
 -0.929537 -2.251288 -1.335001 -1.440361
 -1.187844 -1.921809 -2.008820 -0.880361
 -1.312187 -2.054119 -2.410789 -0.667832
 -1.360977 -2.054121 -1.466337 -0.955513
 -1.128466 -1.968214 -1.249094 -1.386294
 -1.025855 -1.485384 -2.360842 -1.137080
 -0.916292 -2.044752 -1.609437 -1.307157
 -1.432507 -1.642227 -1.546917 -1.036093
