 -1.122566 0.000100 0.000100 0.000100
 -2.134164 0.000100 0.000100 0.000100
 -1.834061 0.000100 0.000100 0.000100
 -0.925207 0.000100 0.000100 0.000100
 -0.675132 -4.007240 -2.621021 -0.916293
 -1.203976 -1.609433 -2.302555 -0.916298
 -0.810937 -1.686394 -2.602654 -1.216398
 -2.007463 -1.639742 -1.314321 -0.908858
 -0.871842 -2.397882 -1.810105 -1.116963
 -2.036866 -2.036866 -3.135412 -0.362917
 -0.619047 -3.258012 -3.258012 -0.955517
 -1.776489 -1.871798 -1.178656 -0.996335
 -1.098614 -1.852379 -1.852379 -1.041456
 -1.558141 -2.251263 -2.944360 -0.459545
 -1.131405 -3.433900 -3.433900 -0.489556
 -1.734599 -1.511457 -1.446919 -1.000634
 -0.927990 -1.563974 -1.969433 -1.363305
 -1.312187 -2.159466 -2.564915 -0.619047
 -0.955517 -2.564915 -1.871793 -0.955517
 -2.106835 -1.531476 -1.531476 -0.807560
 -1.276294 -2.374890 -1.681755 -0.816765
 -1.455286 -2.014891 -1.609435 -0.836254
 -1.134983 -2.639022 -1.722761 -0.847304
 -2.022278 -1.734599 -1.275069 -0.887305
 -1.045972 -2.224609 -2.001471 -0.902872
 -1.011607 -1.704741 -12.301401 -0.788466
 -0.998532 -2.251277 -2.251277 -0.865002
 -1.568615 -2.890352 -1.791757 -0.563097
 -0.916294 -1.714795 -2.120255 -1.203974
 -1.386294 -1.673968 -11.982954 -0.575378
 -1.435084 -2.351344 -3.044441 -0.479584
 -1.767660 -2.104129 -1.516347 -0.717842
 -0.988614 -2.151752 -3.068012 -0.765472
 -0.875475 -2.484873 -3.177970 -0.780166
 -1.272967 -2.525695 -1.609434 -0.820987
 -1.778854 -2.041215 -1.348073 -0.817447
 -0.461351 -1.343735 -2.219192 -13.038990
 -0.546556 -1.335002 -1.845814 -12.154800
 -0.624162 -2.233573 -1.029624 -12.542560
 -1.286211 -1.195240 -0.865000 -13.541079
 -1.497519 -1.440361 -2.944419 -0.719818
 -1.563974 -1.563974 -1.969433 -0.816765
 -1.347074 -1.966107 -2.525712 -0.653931
 -1.386294 -1.386294 -1.386294 -1.386294
 -0.955515 -1.871796 -2.277252 -1.024507
 -1.128468 -1.734596 -2.833175 -0.818315
 -1.540440 -1.540440 -1.252766 -1.252766
 -2.008820 -1.841767 -1.228666 -0.880361
 -1.609435 -2.302570 -2.079432 -0.553391
 -1.945899 -1.386294 -12.542560 -0.499000
 -1.446918 -2.833175 -2.140053 -0.530635
 -2.258774 -1.639742 -1.639742 -0.678335
 -12.506192 -12.506192 -12.506192 -0.000011
 -12.468452 -12.468452 -12.468452 -0.000012
 -12.301401 -12.301401 -12.301401 -0.000014
 -13.753639 -13.753639 -13.753639 -0.000003
 -1.386294 -1.386294 -1.386294 -1.386294
 -1.386294 -1.386294 -1.386294 -1.386294
 -1.386294 -1.386294 -1.386294 -1.386294
 -1.994403 -1.797693 -1.416327 -0.786094
 -12.345852 -12.345852 -12.345852 -0.000013
 -12.542559 -12.542559 -12.542559 -0.000011
 -12.923923 -12.923923 -12.923923 -0.000007
 -13.554151 -13.554151 -13.554151 -0.000004
 -1.386294 -1.386294 -1.386294 -1.386294
 -1.386294 -1.386294 -1.386294 -1.386294
 -1.386294 -1.386294 -1.386294 -1.386294
 -2.038854 -2.296682 -1.198074 -0.760452
 -1.992415 -1.481603 -12.301401 -0.451996
 -1.223779 -1.734591 -2.833137 -0.753783
 -1.366876 -2.322376 -1.734598 -0.753776
 -1.884538 -2.423528 -1.425009 -0.655878
 -0.663300 -0.931563 -2.397874 -12.706860
 -0.916298 -1.049828 -1.386294 -12.206093
 -1.170074 -1.064715 -1.064715 -12.577650
 -1.287855 -1.693318 -0.615763 -13.676253
 -1.287855 -1.575535 -4.060350 -0.693151
 -1.526055 -2.219192 -3.828550 -0.427449
 -1.776489 -2.228469 -1.871798 -0.563473
 -1.386294 -1.386294 -1.386294 -1.386294
 -12.821269 -12.821269 -12.821269 -0.000008
 -12.388411 -12.388411 -12.388411 -0.000012
 -11.695280 -11.695280 -11.695280 -0.000025
 -13.774693 -13.774693 -13.774693 -0.000003
 -1.386294 -1.386294 -1.386294 -1.386294
 -1.386294 -1.386294 -1.386294 -1.386294
 -1.386294 -1.386294 -1.386294 -1.386294
 -14.340241 -14.340241 -14.340241 -0.000002
 -1.386294 -1.386294 -1.386294 -1.386294
 -1.386294 -1.386294 -1.386294 -1.386294
 -1.386294 -1.386294 -1.386294 -1.386294
 -1.994403 -2.932665 -0.687249 -1.178655
 -12.345852 -0.000013 -12.345852 -12.345852
 -11.407610 -0.000033 -11.407610 -11.407610
 -13.652996 -0.000004 -13.652996 -13.652996
 -13.161592 -0.000006 -13.161592 -13.161592
 -1.386294 -1.386294 -1.386294 -1.386294
 -0.000002 -14.340241 -14.340241 -14.340241
 -1.386294 -1.386294 -1.386294 -1.386294
 -1.386294 -1.386294 -1.386294 -1.386294
 -14.340241 -14.340241 -0.000002 -14.340241
 -1.386294 -1.386294 -1.386294 -1.386294
 -1.386294 -1.386294 -1.386294 -1.386294
 -1.386294 -1.386294 -1.386294 -1.386294
 -1.386294 -1.386294 -1.386294 -1.386294
 -1.386294 -1.386294 -1.386294 -1.386294
 -1.301257 -1.797693 -0.853234 -1.994403
 -1.386294 -1.386294 -1.386294 -1.386294
 -2.036874 -1.631414 -1.120593 -1.056055
 -1.134983 -12.542560 -1.540443 -0.767262
 -1.098614 -1.791757 -1.711715 -1.141173
 -1.749192 -3.135412 -1.343735 -0.650597
 -0.988614 -1.563974 -1.969433 -1.276294
 -1.011607 -1.481603 -1.704741 -1.481603
 -0.855670 -1.897113 -1.491654 -1.609435
 -1.325670 -1.760985 -1.114362 -1.450832
 -1.284016 0.000100 0.000100 0.000100
 -1.571697 0.000100 0.000100 0.000100
 -1.648658 0.000100 0.000100 0.000100
 -1.129866 0.000100 0.000100 0.000100
 -0.944466 -1.974072 -1.504076 -1.386294
 -0.897947 -1.504076 -3.295752 -1.098616
 -1.427116 -1.609434 -1.427116 -1.139438
 -1.658225 -1.339775 -1.791755 -0.965084
 -0.619045 -2.054114 -2.054114 -1.584118
 -0.810937 -1.909532 -1.686394 -1.504076
 -0.788466 -1.481603 -2.397863 -1.481603
 -1.791755 -1.098615 -1.658225 -1.172722
 -0.967587 -1.514127 -1.514127 -1.714795
 -1.029624 -1.386294 -1.945899 -1.386294
 -1.049828 -2.302555 -2.302555 -0.798517
 -2.367103 -1.519824 -1.386294 -0.826684
 -1.360977 -2.054114 -1.098615 -1.265668
 -0.730895 -1.686394 -2.602654 -1.349927
 -1.427116 -1.272967 -1.139438 -1.832572
 -1.265668 -1.871796 -1.360977 -1.178657
 -1.491654 -1.386294 -1.491654 -1.203974
 -1.056058 -1.749192 -2.036866 -1.056058
 -1.299284 -1.704744 -1.704744 -1.011605
 -1.580448 -1.329137 -2.140053 -0.887308
 -0.931563 -1.887062 -2.110200 -1.098615
 -1.287856 -1.757852 -1.980990 -0.882395
 -0.788466 -2.397863 -3.090961 -0.893825
 -2.219192 -1.343735 -1.526055 -0.884206
 -1.280935 -1.280935 -1.637606 -1.386294
 -1.568613 -1.386294 -2.079425 -0.875475
 -0.998536 -2.251263 -1.335002 -1.335002
 -1.734598 -1.366876 -1.734598 -0.936096
 -0.949085 -1.642224 -1.488076 -1.642224
 -1.036096 -2.335355 -2.047681 -0.869043
 -0.693156 -2.079425 -1.568613 -1.791751
 -1.838274 -1.481604 -1.386294 -1.011604
 -0.693152 -1.098615 -1.791755 -12.948019
 -0.451996 -1.481603 -1.992415 -12.301401
 -1.216398 -1.216398 -0.897947 -12.506192
 -1.466336 -1.024507 -0.890977 -12.873912
 -1.006807 -1.648656 -1.553347 -1.466336
 -1.228667 -2.327262 -1.921806 -0.769138
 -1.213024 -1.819153 -1.531475 -1.126014
 -1.386294 -1.386294 -1.386294 -1.386294
 -1.029622 -1.435084 -1.339775 -1.945903
 -0.798517 -2.995652 -1.203976 -1.609433
 -1.609434 -1.272967 -1.139438 -1.609434
 -2.374890 -1.276294 -1.122145 -1.196252
 -1.704744 -1.193925 -1.299284 -1.417066
 -1.455286 -1.609435 -1.609435 -1.003306
 -1.717647 -1.265668 -1.717647 -1.024507
 -1.386294 -1.386294 -3.332119 -0.767262
 -12.506192 -12.506192 -12.506192 -0.000011
 -12.736712 -12.736712 -12.736712 -0.000009
 -12.345852 -12.345852 -12.345852 -0.000013
 -13.038991 -13.038991 -13.038991 -0.000007
 -1.386294 -1.386294 -1.386294 -1.386294
 -1.386294 -1.386294 -1.386294 -1.386294
 -1.386294 -1.386294 -1.386294 -1.386294
 -1.609437 -1.229949 -2.094943 -0.955513
 -12.468452 -12.468452 -12.468452 -0.000012
 -12.847937 -12.847937 -12.847937 -0.000008
 -11.982954 -11.982954 -11.982954 -0.000019
 -13.122372 -13.122372 -13.122372 -0.000006
 -1.386294 -1.386294 -1.386294 -1.386294
 -1.386294 -1.386294 -1.386294 -1.386294
 -1.386294 -1.386294 -1.386294 -1.386294
 -1.689480 -1.229949 -1.571697 -1.153963
 -1.098616 -1.098616 -1.568613 -2.079425
 -0.593069 -2.251277 -2.944399 -1.239692
 -0.810937 -2.197206 -1.504076 -1.504076
 -1.516346 -1.410987 -1.074517 -1.634128
 -1.078812 -1.347074 -0.916294 -13.122372
 -0.223154 -1.832572 -3.218792 -12.429232
 -0.730895 -1.504076 -1.216398 -12.506192
 -1.945899 -1.029624 -0.693154 -12.542560
 -1.216396 -2.890346 -1.349927 -0.944464
 -1.550595 -2.110200 -2.110200 -0.606142
 -1.363305 -1.681755 -1.458614 -1.122145
 -1.386294 -1.386294 -1.386294 -1.386294
 -12.736712 -12.736712 -12.736712 -0.000009
 -11.918417 -11.918417 -11.918417 -0.000020
 -12.542559 -12.542559 -12.542559 -0.000011
 -13.180640 -13.180640 -13.180640 -0.000006
 -1.386294 -1.386294 -1.386294 -1.386294
 -1.386294 -1.386294 -1.386294 -1.386294
 -1.386294 -1.386294 -1.386294 -1.386294
 -14.077878 -14.077878 -14.077878 -0.000002
 -1.386294 -1.386294 -1.386294 -1.386294
 -1.386294 -1.386294 -1.386294 -1.386294
 -1.386294 -1.386294 -1.386294 -1.386294
 -2.034318 -1.466337 -1.535329 -0.860202
 -12.043577 -0.000018 -12.043577 -12.043577
 -12.611551 -0.000010 -12.611551 -12.611551
 -12.542559 -0.000011 -12.542559 -12.542559
 -13.217681 -0.000005 -13.217681 -13.217681
 -1.386294 -1.386294 -1.386294 -1.386294
 -0.000002 -14.077878 -14.077878 -14.077878
 -1.386294 -1.386294 -1.386294 -1.386294
 -1.386294 -1.386294 -1.386294 -1.386294
 -14.077878 -14.077878 -0.000002 -14.077878
 -1.386294 -1.386294 -1.386294 -1.386294
 -1.386294 -1.386294 -1.386294 -1.386294
 -1.386294 -1.386294 -1.386294 -1.386294
 -1.386294 -1.386294 -1.386294 -1.386294
 -1.386294 -1.386294 -1.386294 -1.386294
 -0.975715 -1.689480 -1.466337 -1.571697
 -1.386294 -1.386294 -1.386294 -1.386294
 -1.001451 -2.282371 -1.589233 -1.119233
 -0.875475 -2.484873 -2.484873 -0.875475
 -1.003306 -1.609435 -2.014891 -1.203975
 -1.098616 -1.686394 -2.197206 -0.993257
 -1.473305 -1.473305 -1.386294 -1.232145
 -0.693158 -12.100735 -2.197197 -0.944470
 -0.865006 -2.251263 -1.845814 -1.152684
 -1.321756 -2.014895 -1.860747 -0.810934
