 -0.998071 0.000100 0.000100 0.000100
 -2.105416 0.000100 0.000100 0.000100
 -2.005332 0.000100 0.000100 0.000100
 -0.980830 0.000100 0.000100 0.000100
 -1.218572 -1.911716 -2.105871 -0.832911
 -1.845821 -1.691672 -3.637497 -0.459539
 -0.847302 -2.128221 -2.128221 -1.098615
 -1.626679 -1.871800 -1.584119 -0.810932
 -0.897943 -2.197218 -1.829497 -1.136354
 -1.016937 -2.463837 -3.156959 -0.672098
 -0.606141 -2.685553 -1.586963 -1.704745
 -1.278081 -2.456730 -1.609437 -0.830770
 -0.966189 -1.954796 -2.424796 -0.943199
 -1.386294 -1.540443 -12.542560 -0.624162
 -0.955514 -2.341793 -2.852606 -0.773193
 -1.377926 -2.071070 -1.411828 -0.972462
 -0.843972 -1.832579 -2.120259 -1.237875
 -1.339775 -1.658225 -2.351360 -0.793235
 -0.904460 -1.791755 -2.128221 -1.172722
 -1.386294 -2.018814 -1.760986 -0.808980
 -1.543686 -1.862138 -2.236829 -0.645747
 -0.826682 -2.772564 -3.871109 -0.735711
 -1.276294 -2.374890 -2.151752 -0.670162
 -1.726161 -2.062631 -1.336698 -0.838860
 -1.152681 -1.286211 -2.944419 -1.034898
 -1.072640 -1.558143 -2.028139 -1.152682
 -1.163152 -1.925285 -2.484890 -0.780162
 -1.544899 -1.678430 -1.752538 -0.851753
 -1.063522 -1.865865 -3.044502 -0.793233
 -1.163152 -1.961654 -2.549431 -0.757689
 -0.955515 -2.277252 -1.466336 -1.265668
 -2.343402 -2.748863 -1.114742 -0.669432
 -1.440361 -2.133503 -1.845824 -0.719818
 -1.128468 -1.916914 -2.833175 -0.753777
 -1.244325 -2.691225 -1.998090 -0.676344
 -1.667007 -1.871800 -1.497108 -0.835711
 -0.994624 -1.987870 -3.191819 -0.793954
 -1.049825 -1.897113 -2.302570 -0.916295
 -1.424034 -2.602672 -1.791756 -0.656783
 -1.798679 -1.841238 -1.313172 -0.899197
 -1.466337 -1.791757 -2.159478 -0.719125
 -1.563974 -1.969433 -2.374890 -0.583151
 -1.299284 -3.314143 -1.609436 -0.711500
 -1.734600 -2.204601 -1.357307 -0.785522
 -1.193923 -2.243736 -2.243736 -0.723922
 -0.944466 -2.484885 -2.484885 -0.810935
 -1.369487 -2.285768 -1.512587 -0.858664
 -2.021545 -2.021545 -1.353718 -0.740615
 -1.238375 -2.036876 -2.847793 -0.650591
 -1.185626 -3.583430 -2.484885 -0.539003
 -1.562184 -2.740821 -1.562184 -0.661402
 -2.578832 -2.337672 -1.170072 -0.659247
 -1.234746 -1.522425 -3.314143 -0.788461
 -0.847304 -1.945899 -12.542560 -0.847304
 -1.178656 -3.075748 -2.382617 -0.590872
 -1.804028 -2.391812 -1.410987 -0.693148
 -1.321756 -1.919589 -2.708035 -0.653929
 -1.916914 -1.446918 -3.526272 -0.530635
 -1.306252 -2.484890 -1.925285 -0.693151
 -2.047690 -1.907929 -1.517064 -0.686718
 -1.064713 -1.662545 -4.060350 -0.802350
 -1.263693 -2.442331 -2.730005 -0.570550
 -1.285199 -2.240698 -2.240698 -0.672098
 -1.785566 -2.308812 -1.130161 -0.891751
 -0.856474 -1.805550 -13.500805 -0.889264
 -1.098615 -2.197211 -3.583430 -0.639086
 -1.338285 -2.319104 -1.471816 -0.892001
 -1.864783 -2.122611 -0.912777 -1.127186
 -1.062246 -1.829497 -2.784996 -0.839103
 -1.098615 -2.564926 -2.970375 -0.619045
 -1.185625 -2.484895 -1.791757 -0.810933
 -1.843051 -1.791758 -1.290985 -0.916292
 -1.148624 -2.209488 -3.308079 -0.622532
 -1.435084 -1.658225 -2.128221 -0.793235
 -0.955514 -2.159475 -1.871797 -1.060874
 -1.616817 -1.868131 -1.357307 -0.942364
 -0.229189 -1.646250 -4.418746 -13.629186
 -0.488358 -1.992422 -1.386294 -12.994539
 -0.599625 -1.985909 -1.159238 -13.142174
 -1.006021 -2.007466 -0.693149 -14.108183
 -0.000002 -14.346141 -14.346141 -14.346141
 -0.000006 -13.060496 -13.060496 -13.060496
 -0.000003 -13.764221 -13.764221 -13.764221
 -1.386294 -1.386294 -1.386294 -1.386294
 -14.953345 -14.953345 -14.953345 -0.000001
 -1.386294 -1.386294 -1.386294 -1.386294
 -1.386294 -1.386294 -1.386294 -1.386294
 -1.386294 -1.386294 -1.386294 -1.386294
 -1.386294 -1.386294 -1.386294 -1.386294
 -1.386294 -1.386294 -1.386294 -1.386294
 -1.386294 -1.386294 -1.386294 -1.386294
 -14.953345 -14.953345 -0.000001 -14.953345
 -1.386294 -1.386294 -1.386294 -1.386294
 -1.386294 -1.386294 -1.386294 -1.386294
 -14.953344 -0.000001 -14.953344 -14.953344
 -1.386294 -1.386294 -1.386294 -1.386294
 -1.386294 -1.386294 -1.386294 -1.386294
 -0.000001 -14.953344 -14.953344 -14.953344
 -1.386294 -1.386294 -1.386294 -1.386294
 -1.386294 -1.386294 -1.386294 -1.386294
 -14.953345 -14.953345 -0.000001 -14.953345
 -1.386294 -1.386294 -1.386294 -1.386294
 -1.386294 -1.386294 -1.386294 -1.386294
 -1.386294 -1.386294 -1.386294 -1.386294
 -1.386294 -1.386294 -1.386294 -1.386294
 -1.386294 -1.386294 -1.386294 -1.386294
 -1.210404 -2.277266 -0.787177 -1.936340
 -1.386294 -1.386294 -1.386294 -1.386294
 -1.588160 -2.453150 -1.441557 -0.748412
 -0.980833 -2.079429 -1.856290 -1.067844
 -0.966844 -1.960093 -1.820331 -1.149165
 -1.609436 -1.727217 -1.727217 -0.810934
 -1.109309 -1.652922 -1.547562 -1.324419
 -0.744445 -2.302570 -2.079432 -1.203974
 -1.352393 -1.863214 -1.015923 -1.495493
 -1.261132 -1.696448 -1.321756 -1.321756
 -1.164987 0.000100 0.000100 0.000100
 -1.789926 0.000100 0.000100 0.000100
 -1.521662 0.000100 0.000100 0.000100
 -1.194840 0.000100 0.000100 0.000100
 -1.374598 -1.877700 -1.092748 -1.351609
 -0.984500 -1.802807 -1.677645 -1.291984
 -1.195605 -1.734600 -1.411828 -1.282616
 -1.495027 -1.609437 -1.174120 -1.321756
 -1.021652 -1.643339 -1.544899 -1.455287
 -1.186582 -1.258041 -1.914817 -1.335001
 -1.299283 -1.348073 -1.818075 -1.186805
 -1.549619 -1.487099 -1.428258 -1.133460
 -1.178656 -2.105414 -1.466337 -1.079565
 -0.870830 -1.640936 -1.815288 -1.492516
 -1.296144 -1.718999 -1.331235 -1.262242
 -1.540445 -1.453434 -1.571216 -1.066661
 -1.315677 -1.603358 -1.168041 -1.516347
 -0.788459 -1.761905 -1.650680 -1.704747
 -1.296438 -1.466337 -1.360977 -1.429969
 -1.887068 -1.299283 -1.392373 -1.116962
 -1.051782 -1.651401 -1.549619 -1.400088
 -1.370034 -1.585145 -1.585145 -1.090450
 -0.978469 -1.904236 -1.311174 -1.581463
 -1.734600 -1.357307 -1.446919 -1.105993
 -1.137079 -2.024379 -1.431318 -1.177084
 -0.907160 -2.206437 -1.918757 -1.080431
 -0.965082 -1.745238 -1.540444 -1.468986
 -1.461932 -1.616082 -1.461932 -1.085455
 -1.192800 -1.780585 -1.230540 -1.444114
 -0.976917 -1.877699 -1.552279 -1.351609
 -0.946929 -1.575536 -1.757856 -1.457753
 -1.816150 -1.585627 -1.160745 -1.141696
 -1.233954 -1.628607 -1.373716 -1.349023
 -1.088761 -1.976060 -1.724747 -1.059774
 -1.004584 -1.521839 -1.554629 -1.588531
 -1.834318 -1.673975 -1.256242 -0.999522
 -1.282225 -1.907929 -1.214784 -1.282225
 -1.200742 -1.456675 -2.236829 -1.023812
 -0.967993 -1.724317 -1.563975 -1.458615
 -1.507247 -1.451677 -1.536234 -1.111352
 -1.507247 -1.324926 -1.399033 -1.324926
 -1.146469 -1.964776 -1.900238 -0.935161
 -1.304949 -1.679641 -1.403389 -1.215337
 -1.561235 -1.686398 -1.098613 -1.303407
 -1.408767 -1.408767 -1.471287 -1.267689
 -1.136001 -1.858132 -1.800974 -1.027787
 -0.956963 -1.669156 -1.836210 -1.316336
 -1.456164 -1.659762 -1.309561 -1.181728
 -1.079921 -1.890849 -1.485385 -1.262242
 -1.035244 -1.782455 -2.033768 -1.061912
 -1.248425 -1.526056 -1.566878 -1.248425
 -1.603358 -1.544518 -1.386294 -1.092534
 -1.092304 -1.804497 -1.255933 -1.536234
 -1.069626 -1.629239 -1.629239 -1.329136
 -1.279197 -1.911716 -0.916292 -1.749198
 -1.398129 -1.524880 -1.223776 -1.422226
 -1.098613 -1.686398 -1.653608 -1.237449
 -0.967585 -1.714797 -2.207270 -1.108664
 -0.987061 -1.443818 -1.615668 -1.647416
 -1.859580 -1.277661 -1.248673 -1.277661
 -1.249844 -1.645155 -1.380463 -1.313022
 -0.780160 -1.791758 -1.843051 -1.529395
 -1.080431 -1.746907 -1.395511 -1.433251
 -1.798679 -1.313172 -1.365816 -1.170072
 -1.062895 -2.110211 -1.098613 -1.609437
 -1.020652 -1.531476 -1.377326 -1.765090
 -1.252763 -1.540444 -1.225364 -1.578185
 -1.784789 -1.667007 -0.902403 -1.436484
 -1.144223 -1.724040 -1.272056 -1.500897
 -1.217672 -1.540444 -1.694594 -1.183771
 -0.962277 -1.747795 -1.444114 -1.570865
 -1.828125 -1.499623 -1.192139 -1.163152
 -0.901254 -1.810107 -1.738649 -1.368276
 -0.892762 -1.945907 -2.089007 -1.127601
 -1.120592 -1.631416 -1.669156 -1.238375
 -1.624143 -1.661883 -1.393620 -1.007959
 -0.873274 -1.738270 -0.899943 -14.414350
 -0.942961 -1.845824 -0.792679 -13.764221
 -0.818312 -2.227072 -0.796333 -13.835317
 -1.501070 -1.327798 -0.669338 -14.322330
 -0.000002 -14.483342 -14.483342 -14.483342
 -0.000003 -13.835317 -13.835317 -13.835317
 -0.000001 -14.723771 -14.723771 -14.723771
 -1.386294 -1.386294 -1.386294 -1.386294
 -15.511127 -15.511127 -15.511127 -0.000001
 -1.386294 -1.386294 -1.386294 -1.386294
 -1.386294 -1.386294 -1.386294 -1.386294
 -1.386294 -1.386294 -1.386294 -1.386294
 -1.386294 -1.386294 -1.386294 -1.386294
 -1.386294 -1.386294 -1.386294 -1.386294
 -1.386294 -1.386294 -1.386294 -1.386294
 -15.511127 -15.511127 -0.000001 -15.511127
 -1.386294 -1.386294 -1.386294 -1.386294
 -1.386294 -1.386294 -1.386294 -1.386294
 -15.511127 -0.000001 -15.511127 -15.511127
 -1.386294 -1.386294 -1.386294 -1.386294
 -1.386294 -1.386294 -1.386294 -1.386294
 -0.000001 -15.511127 -15.511127 -15.511127
 -1.386294 -1.386294 -1.386294 -1.386294
 -1.386294 -1.386294 -1.386294 -1.386294
 -15.511127 -15.511127 -0.000001 -15.511127
 -1.386294 -1.386294 -1.386294 -1.386294
 -1.386294 -1.386294 -1.386294 -1.386294
 -1.386294 -1.386294 -1.386294 -1.386294
 -1.386294 -1.386294 -1.386294 -1.386294
 -1.386294 -1.386294 -1.386294 -1.386294
 -0.992518 -1.231882 -1.944076 -1.637346
 -1.386294 -1.386294 -1.386294 -1.386294
 -1.165133 -2.012429 -1.357024 -1.213923
 -1.137079 -1.810806 -2.235687 -0.894518
 -1.178656 -1.466337 -2.159478 -1.060873
 -1.618916 -1.718999 -1.229452 -1.108092
 -1.156882 -1.542543 -1.137079 -1.890849
 -0.973451 -2.101910 -1.555370 -1.241714
 -0.977777 -1.918757 -1.225613 -1.695614
 -1.647589 -1.542229 -1.260817 -1.170666
