 -1.476678 0.000100 0.000100 0.000100
 -1.829498 0.000100 0.000100 0.000100
 -2.315004 0.000100 0.000100 0.000100
 -0.668757 0.000100 0.000100 0.000100
 -0.838334 -2.224609 -2.917731 -0.902872
 -1.312187 -1.466336 -1.871793 -1.060876
 -1.386294 -1.673968 -2.772514 -0.693160
 -1.646250 -1.710788 -1.423108 -0.953106
 -0.927990 -1.563974 -3.068012 -1.053152
 -1.134983 -3.332119 -3.332119 -0.499000
 -0.993257 -3.295752 -2.197206 -0.730895
 -1.856294 -1.214445 -1.673974 -1.023391
 -0.693151 -1.526055 -2.442331 -1.631414
 -1.455286 -2.302565 -2.302565 -0.567992
 -1.791748 -1.504075 -1.791748 -0.810940
 -1.580449 -1.734599 -1.580449 -0.887305
 -1.211092 -1.365241 -2.463837 -1.016937
 -1.287856 -1.421385 -2.268664 -0.969405
 -1.098616 -2.079425 -2.484873 -0.780166
 -1.562184 -2.517683 -1.182697 -0.908261
 -0.988614 -1.969433 -1.969433 -1.053152
 -1.216398 -2.197206 -1.504076 -0.993257
 -0.934314 -2.639022 -2.639022 -0.767262
 -1.593932 -2.079435 -1.673974 -0.724899
 -1.098614 -1.568614 -2.772564 -0.926765
 -1.335002 -2.944360 -12.154800 -0.379503
 -1.060876 -2.159466 -2.564915 -0.773197
 -1.931517 -1.749197 -1.669155 -0.707749
 -1.203974 -1.386294 -2.079432 -1.123932
 -1.060876 -1.871793 -2.564915 -0.860208
 -0.693158 -12.100735 -2.197197 -0.944470
 -2.410789 -1.648657 -1.412270 -0.745793
 -1.126014 -1.531475 -2.512283 -0.971864
 -1.575534 -1.757852 -1.757852 -0.802353
 -1.386294 -12.542560 -1.945899 -0.499000
 -2.022278 -1.580449 -1.511457 -0.818313
 -1.329137 -1.916914 -3.526272 -0.581928
 -2.602654 -1.349927 -2.602654 -0.523257
 -1.504076 -3.295752 -2.197206 -0.462633
 -1.906166 -1.470851 -1.413693 -0.971862
 -1.540443 -1.540443 -12.542560 -0.559624
 -1.321757 -3.401111 -12.611551 -0.356684
 -1.568613 -1.568613 -1.791751 -0.875475
 -2.772574 -1.673975 -1.609437 -0.597840
 -1.232146 -1.568613 -12.388411 -0.693156
 -1.909532 -2.197206 -2.197206 -0.462633
 -1.609433 -1.609433 -2.995652 -0.597848
 -2.112959 -1.945907 -1.515127 -0.660714
 -1.466336 -2.159466 -12.468452 -0.424893
 -1.832572 -1.832572 -3.218792 -0.446297
 -0.980835 -3.177970 -3.177970 -0.613113
 -3.367267 -1.980998 -1.470176 -0.514667
 -0.788466 -1.299284 -1.299284 -12.301401
 -0.916298 -1.609433 -0.916298 -12.206093
 -1.145136 -1.011607 -1.145136 -12.301401
 -1.751752 -1.150981 -0.672947 -13.795312
 -0.965084 -3.044482 -3.737579 -0.602181
 -1.326871 -3.198631 -2.793183 -0.457838
 -1.429466 -2.470909 -1.864781 -0.651765
 -1.386294 -1.386294 -1.386294 -1.386294
 -1.263693 -1.882726 -13.038990 -0.570550
 -1.609428 -2.302525 -11.512965 -0.356701
 -1.609431 -2.707977 -1.321758 -0.762152
 -1.738269 -2.208269 -2.112959 -0.521878
 -1.446918 -2.427727 -12.736712 -0.390874
 -1.845814 -1.845814 -2.251263 -0.546556
 -2.707977 -1.321758 -0.916301 -1.321758
 -2.597374 -2.145395 -1.142098 -0.714655
 -0.998536 -2.944360 -12.154800 -0.546556
 -0.965087 -2.351344 -3.044441 -0.741946
 -1.335002 -1.845821 -2.944399 -0.641859
 -1.722765 -1.540444 -1.791757 -0.819901
 -0.916294 -2.079432 -3.688789 -0.798512
 -1.686394 -3.295752 -2.197206 -0.405474
 -0.753783 -12.043577 -2.140040 -0.887312
 -2.159478 -2.159478 -1.717649 -0.528070
 -0.998532 -2.028139 -12.847937 -0.693152
 -2.707977 -2.014880 -1.609431 -0.510841
 -1.049828 -12.206093 -1.386294 -0.916298
 -2.291405 -2.409187 -1.397594 -0.576616
 -0.661405 -0.869043 -2.740803 -12.644341
 -0.916301 -0.628623 -2.707977 -11.918417
 -0.628616 -1.455286 -1.455286 -12.611551
 -1.276294 -0.870830 -1.196252 -13.664692
 -13.337481 -13.337481 -13.337481 -0.000005
 -13.369229 -13.369229 -13.369229 -0.000005
 -12.793871 -12.793871 -12.793871 -0.000008
 -1.386294 -1.386294 -1.386294 -1.386294
 -1.386294 -1.386294 -1.386294 -1.386294
 -1.386294 -1.386294 -1.386294 -1.386294
 -1.386294 -1.386294 -1.386294 -1.386294
 -0.824917 -2.091861 -14.297939 -0.824917
 -13.473026 -0.000004 -13.473026 -13.473026
 -12.206093 -0.000015 -12.206093 -12.206093
 -1.386294 -1.386294 -1.386294 -1.386294
 -13.473026 -0.000004 -13.473026 -13.473026
 -1.386294 -1.386294 -1.386294 -1.386294
 -0.000002 -14.297939 -14.297939 -14.297939
 -1.386294 -1.386294 -1.386294 -1.386294
 -1.386294 -1.386294 -1.386294 -1.386294
 -14.297939 -14.297939 -0.000002 -14.297939
 -1.386294 -1.386294 -1.386294 -1.386294
 -1.386294 -1.386294 -1.386294 -1.386294
 -1.386294 -1.386294 -1.386294 -1.386294
 -1.386294 -1.386294 -1.386294 -1.386294
 -1.386294 -1.386294 -1.386294 -1.386294
 -0.576738 -1.686398 -14.297939 -1.374024
 -1.386294 -1.386294 -1.386294 -1.386294
 -1.215023 -2.025949 -1.945907 -0.847300
 -1.791753 -1.321757 -2.302565 -0.762146
 -1.386294 -1.386294 -1.386294 -1.386294
 -2.614936 -1.921806 -1.516346 -0.578083
 -0.990402 -1.070444 -2.456714 -1.609435
 -0.773197 -2.159466 -2.159466 -1.178658
 -0.916297 -1.609434 -1.272967 -2.120246
 -1.765782 -1.691674 -1.386294 -0.929538
 -1.333933 0.000100 0.000100 0.000100
 -1.611109 0.000100 0.000100 0.000100
 -1.512460 0.000100 0.000100 0.000100
 -1.150345 0.000100 0.000100 0.000100
 -1.165435 -1.640328 -1.342890 -1.455831
 -1.178655 -1.788420 -1.631417 -1.110387
 -1.062894 -1.609438 -1.601891 -1.374246
 -1.712691 -1.474457 -1.324925 -1.124255
 -1.151876 -1.750407 -1.407014 -1.326593
 -1.246966 -1.517455 -1.835909 -1.096953
 -1.094384 -1.606617 -1.585710 -1.347508
 -1.761838 -1.381632 -1.400412 -1.106824
 -1.105965 -1.620488 -1.466337 -1.424880
 -1.142203 -1.723082 -1.815741 -1.079833
 -1.055290 -1.748436 -1.521791 -1.348837
 -1.695221 -1.390809 -1.526281 -1.049179
 -1.144802 -1.705327 -1.310534 -1.468268
 -1.166435 -1.859582 -1.609438 -1.100253
 -1.090682 -1.663416 -1.425260 -1.452108
 -1.810980 -1.382941 -1.330755 -1.135104
 -1.102269 -1.714528 -1.464716 -1.359882
 -1.252763 -1.461308 -2.057827 -1.036703
 -1.091896 -1.667707 -1.450294 -1.421963
 -1.659724 -1.357991 -1.492187 -1.115501
 -1.090420 -1.616513 -1.604748 -1.330312
 -1.154762 -1.667239 -1.790200 -1.111171
 -1.076564 -1.751192 -1.529885 -1.312642
 -1.603740 -1.422366 -1.521950 -1.080492
 -1.171845 -1.641848 -1.370475 -1.416354
 -1.177017 -1.759498 -1.609438 -1.140460
 -1.163482 -1.660296 -1.368276 -1.414796
 -1.787334 -1.424717 -1.336554 -1.110883
 -1.139434 -1.694179 -1.371406 -1.416754
 -1.320933 -1.339625 -1.844180 -1.161505
 -1.116433 -1.604018 -1.526056 -1.370121
 -1.684991 -1.376948 -1.419710 -1.138115
 -1.289539 -1.643044 -1.458615 -1.208471
 -1.177908 -1.805303 -1.814436 -1.008616
 -1.186581 -1.601947 -1.601947 -1.231929
 -1.818171 -1.439835 -1.353657 -1.071726
 -1.272410 -1.677875 -1.314970 -1.329568
 -1.067539 -1.765528 -1.785137 -1.147984
 -1.057975 -1.751122 -1.508696 -1.354546
 -1.674320 -1.457791 -1.321498 -1.161299
 -1.095009 -1.610642 -1.598666 -1.333558
 -1.131573 -1.453339 -2.082860 -1.142211
 -0.994519 -1.632198 -1.646691 -1.419178
 -1.641075 -1.348939 -1.461734 -1.155567
 -1.194368 -1.724996 -1.349132 -1.349132
 -1.022151 -1.848829 -1.858399 -1.118295
 -1.033427 -1.679171 -1.557281 -1.398458
 -1.604748 -1.531476 -1.334766 -1.140610
 -0.961152 -1.378451 -1.006272 -16.000439
 -0.813177 -1.285613 -1.272709 -15.532907
 -0.829402 -1.402531 -1.146598 -15.736835
 -1.317148 -1.139868 -0.886149 -15.974226
 -1.104899 -1.611230 -1.521234 -1.383612
 -1.133227 -1.471209 -1.942271 -1.187503
 -1.021125 -1.609438 -1.604710 -1.431867
 -1.386294 -1.386294 -1.386294 -1.386294
 -1.093698 -1.939037 -1.316842 -1.373568
 -1.111537 -1.849579 -1.606233 -1.161547
 -0.855461 -1.898282 -1.841769 -1.322191
 -1.735879 -1.481349 -1.492649 -0.989810
 -1.134860 -1.726008 -1.256004 -1.533636
 -1.226535 -1.605508 -1.645514 -1.161577
 -1.077747 -1.779783 -1.305325 -1.514675
 -1.780660 -1.455606 -1.359861 -1.074355
 -1.180781 -1.430967 -1.566676 -1.405903
 -1.223435 -1.464072 -1.922379 -1.114037
 -1.076831 -1.501490 -1.686140 -1.381126
 -1.674387 -1.225997 -1.616864 -1.137586
 -1.004492 -1.930570 -1.628646 -1.229260
 -1.077307 -2.005525 -1.831572 -1.008577
 -1.048298 -1.777625 -1.716381 -1.201603
 -1.545562 -1.556673 -1.465945 -1.063887
 -1.307481 -2.259847 -0.998377 -1.360019
 -1.257816 -1.987067 -1.435891 -1.076677
 -1.133642 -2.160057 -1.107256 -1.459476
 -1.916718 -1.721745 -1.025746 -1.153190
 -0.828648 -1.180378 -1.361803 -15.797891
 -0.893274 -0.846482 -1.821612 -15.221608
 -0.825686 -1.124771 -1.438267 -16.125072
 -1.422055 -0.709677 -1.320586 -15.960272
 -16.241198 -16.241198 -16.241198 -0.000000
 -16.253500 -16.253500 -16.253500 -0.000000
 -15.788202 -15.788202 -15.788202 -0.000000
 -1.386294 -1.386294 -1.386294 -1.386294
 -1.386294 -1.386294 -1.386294 -1.386294
 -1.386294 -1.386294 -1.386294 -1.386294
 -1.386294 -1.386294 -1.386294 -1.386294
 -1.473822 -1.224778 -17.215040 -0.739969
 -15.741219 -0.000001 -15.741219 -15.741219
 -15.990263 -0.000000 -15.990263 -15.990263
 -1.386294 -1.386294 -1.386294 -1.386294
 -16.475071 -0.000000 -16.475071 -16.475071
 -1.386294 -1.386294 -1.386294 -1.386294
 0.000000 -17.215040 -17.215040 -17.215040
 -1.386294 -1.386294 -1.386294 -1.386294
 -1.386294 -1.386294 -1.386294 -1.386294
 -17.215040 -17.215040 -0.000000 -17.215040
 -1.386294 -1.386294 -1.386294 -1.386294
 -1.386294 -1.386294 -1.386294 -1.386294
 -1.386294 -1.386294 -1.386294 -1.386294
 -1.386294 -1.386294 -1.386294 -1.386294
 -1.386294 -1.386294 -1.386294 -1.386294
 -0.817799 -1.341567 -17.215040 -1.213478
 -1.386294 -1.386294 -1.386294 -1.386294
 -1.202965 -1.961154 -1.334699 -1.218194
 -1.335257 -1.842851 -2.130533 -0.777029
 -1.386294 -1.386294 -1.386294 -1.386294
 -1.747796 -1.709817 -1.388544 -0.927590
 -1.066163 -1.921153 -1.223512 -1.536933
 -0.984374 -1.748138 -1.878191 -1.206098
 -0.936094 -1.901655 -1.492829 -1.453350
 -1.717522 -1.448961 -1.422293 -1.065618
