 -1.193470 0.000100 0.000100 0.000100
 -2.179285 0.000100 0.000100 0.000100
 -1.787244 0.000100 0.000100 0.000100
 -0.876375 0.000100 0.000100 0.000100
 -1.432104 -1.719784 -2.818379 -0.649348
 -2.120246 -1.609434 -1.832572 -0.653935
 -1.126014 -2.001471 -2.917732 -0.720551
 -1.813736 -1.956836 -1.577349 -0.715128
 -0.995431 -1.882726 -1.882726 -1.120593
 -0.990402 -2.456714 -1.763583 -0.990402
 -0.882395 -2.268664 -1.980990 -1.064715
 -1.531476 -1.936939 -1.765090 -0.758288
 -1.193923 -1.550596 -3.091015 -0.822362
 -1.064715 -1.757852 -12.577650 -0.728245
 -0.944466 -1.791754 -2.890333 -0.944466
 -1.504077 -2.101910 -1.321756 -0.944463
 -1.114362 -2.367113 -1.673974 -0.940009
 -1.791754 -1.637606 -2.197211 -0.639086
 -1.287856 -1.575534 -2.674112 -0.802353
 -1.813736 -1.477266 -1.526056 -0.938271
 -1.078812 -2.120255 -2.525712 -0.776532
 -1.742965 -2.302570 -2.302570 -0.470010
 -1.072640 -2.538951 -2.251277 -0.747219
 -1.699385 -1.967647 -1.699385 -0.703960
 -0.897944 -1.791756 -2.602672 -1.044547
 -1.178658 -3.258012 -12.468452 -0.424893
 -1.980990 -2.674112 -1.421385 -0.594715
 -1.499623 -2.639048 -1.540444 -0.711167
 -1.244325 -1.774949 -2.691225 -0.745336
 -1.386294 -1.386294 -12.206093 -0.693157
 -1.609435 -1.763583 -1.763583 -0.782765
 -2.274928 -1.839613 -1.728388 -0.578486
 -1.203974 -1.491654 -2.995692 -0.855670
 -1.558143 -1.845821 -2.028139 -0.693152
 -1.757852 -2.268664 -2.674112 -0.422865
 -2.656748 -1.845825 -1.368903 -0.658663
 -1.704744 -3.496420 -2.397874 -0.361021
 -1.280935 -2.484885 -3.583430 -0.492483
 -1.335002 -1.845821 -1.335002 -1.152682
 -1.845825 -2.433607 -1.335001 -0.710848
 -1.586963 -1.992423 -3.091002 -0.488358
 -2.302555 -1.203976 -2.302555 -0.693157
 -1.219242 -2.397879 -2.397879 -0.648700
 -2.019335 -1.954796 -1.201028 -0.856188
 -2.277252 -1.584118 -2.054114 -0.572525
 -1.386294 -2.772551 -2.079429 -0.575371
 -1.252764 -2.351360 -2.351360 -0.646632
 -2.043070 -1.686398 -1.386294 -0.831985
 -0.865002 -1.845820 -3.637496 -0.929540
 -1.580448 -2.427727 -2.140053 -0.530635
 -1.609435 -3.688789 -1.386294 -0.644362
 -1.600305 -1.983295 -1.513294 -0.820148
 -13.180640 -13.180640 -13.180640 -0.000006
 -12.429233 -12.429233 -12.429233 -0.000012
 -12.873912 -12.873912 -12.873912 -0.000008
 -13.854735 -13.854735 -13.854735 -0.000003
 -1.386294 -1.386294 -1.386294 -1.386294
 -1.386294 -1.386294 -1.386294 -1.386294
 -1.386294 -1.386294 -1.386294 -1.386294
 -2.065956 -2.030865 -1.427871 -0.688633
 -1.134983 -3.332119 -12.542560 -0.441842
 -1.757852 -1.575534 -2.268664 -0.659253
 -1.025855 -2.583980 -3.970199 -0.603000
 -2.070469 -1.765090 -1.618487 -0.684180
 -1.142099 -1.904232 -3.850056 -0.672098
 -2.014891 -1.455286 -3.401111 -0.510833
 -1.060876 -12.468452 -1.466336 -0.860208
 -2.285773 -1.635189 -1.438480 -0.763353
 -1.491654 -3.688789 -2.995692 -0.356681
 -2.512283 -1.665004 -2.512283 -0.432871
 -1.185626 -2.484885 -2.484885 -0.639086
 -1.974078 -1.686398 -1.591088 -0.750307
 -0.998532 -2.028139 -2.944399 -0.804377
 -1.236764 -2.335355 -2.335355 -0.661405
 -1.609435 -2.014891 -2.708014 -0.510833
 -1.808287 -2.031429 -1.471816 -0.743580
 -1.945904 -1.945904 -13.102169 -0.336478
 -1.722761 -1.945899 -2.639022 -0.499000
 -1.945902 -2.169040 -1.358124 -0.722140
 -1.746907 -2.293447 -1.290151 -0.799529
 -0.325430 -1.386294 -3.583430 -12.793870
 -0.619047 -0.955517 -2.564915 -12.468452
 -0.717844 -1.410987 -1.315677 -12.923923
 -1.274177 -0.878866 -1.187166 -13.981029
 -13.742944 -13.742944 -13.742944 -0.000003
 -13.567055 -13.567055 -13.567055 -0.000004
 -13.122372 -13.122372 -13.122372 -0.000006
 -1.386294 -1.386294 -1.386294 -1.386294
 -1.386294 -1.386294 -1.386294 -1.386294
 -1.386294 -1.386294 -1.386294 -1.386294
 -1.386294 -1.386294 -1.386294 -1.386294
 -0.876375 -1.842814 -14.608505 -0.854869
 -13.732133 -0.000003 -13.732133 -13.732133
 -12.765699 -0.000009 -12.765699 -12.765699
 -1.386294 -1.386294 -1.386294 -1.386294
 -13.753639 -0.000003 -13.753639 -13.753639
 -1.386294 -1.386294 -1.386294 -1.386294
 -0.000001 -14.608505 -14.608505 -14.608505
 -1.386294 -1.386294 -1.386294 -1.386294
 -1.386294 -1.386294 -1.386294 -1.386294
 -14.608505 -14.608505 -0.000001 -14.608505
 -1.386294 -1.386294 -1.386294 -1.386294
 -1.386294 -1.386294 -1.386294 -1.386294
 -1.386294 -1.386294 -1.386294 -1.386294
 -1.386294 -1.386294 -1.386294 -1.386294
 -1.386294 -1.386294 -1.386294 -1.386294
 -0.679665 -1.569521 -14.608505 -1.255028
 -1.386294 -1.386294 -1.386294 -1.386294
 -1.317302 -2.320598 -1.828125 -0.748209
 -1.343735 -2.219192 -2.036874 -0.693152
 -1.386294 -1.386294 -1.386294 -1.386294
 -1.945905 -1.504077 -1.147404 -1.147404
 -1.159238 -1.446918 -1.852379 -1.223777
 -0.762146 -3.401111 -2.302565 -0.916296
 -1.011604 -1.704745 -1.481604 -1.481604
 -1.619908 -1.925288 -1.473305 -0.850778
 -1.246459 0.000100 0.000100 0.000100
 -1.560889 0.000100 0.000100 0.000100
 -1.614510 0.000100 0.000100 0.000100
 -1.192238 0.000100 0.000100 0.000100
 -1.140535 -1.704748 -1.488077 -1.299283
 -1.135427 -1.853890 -1.933933 -0.974159
 -1.336697 -1.657169 -1.438480 -1.173373
 -1.758969 -1.321756 -1.479385 -1.098613
 -1.111475 -1.668665 -1.483523 -1.364177
 -1.082219 -1.597117 -1.992429 -1.132229
 -1.025644 -1.914534 -1.414579 -1.382318
 -1.691676 -1.335001 -1.509354 -1.103890
 -1.089954 -1.766006 -1.700409 -1.170716
 -1.197193 -1.787685 -1.812378 -1.001449
 -1.160744 -1.710790 -1.625632 -1.173648
 -1.722190 -1.406674 -1.545259 -1.013043
 -1.089563 -1.948944 -1.481604 -1.224382
 -1.043631 -1.911718 -1.941571 -1.031361
 -1.201028 -1.756973 -1.431551 -1.246148
 -1.687399 -1.427116 -1.514128 -1.035638
 -1.278542 -1.700267 -1.392300 -1.236430
 -1.264405 -1.525131 -1.974080 -1.018570
 -1.127012 -1.496109 -1.671313 -1.331806
 -1.693157 -1.525020 -1.423238 -1.028584
 -1.138618 -2.034704 -1.392852 -1.201797
 -1.195941 -1.562185 -1.875842 -1.094589
 -1.102573 -1.704748 -1.582145 -1.270710
 -1.810401 -1.543087 -1.555509 -0.887681
 -1.395743 -1.638056 -1.310844 -1.243403
 -1.363720 -1.517870 -1.651402 -1.098613
 -1.110883 -1.744131 -1.655183 -1.187844
 -1.602003 -1.589733 -1.496642 -0.992506
 -1.216395 -1.956061 -1.445237 -1.119021
 -1.285198 -1.630944 -1.609437 -1.115780
 -0.994763 -1.890849 -1.751088 -1.185281
 -1.758886 -1.532762 -1.420285 -0.993766
 -1.262242 -1.850028 -1.513556 -1.079921
 -1.182199 -1.693024 -1.860078 -1.039099
 -1.118260 -1.657255 -1.637053 -1.245011
 -1.594512 -1.424613 -1.478102 -1.113764
 -1.302413 -1.742969 -1.373872 -1.203973
 -1.036481 -1.844402 -1.791759 -1.137833
 -1.220502 -1.605348 -1.526876 -1.248673
 -1.817870 -1.604296 -1.407128 -0.937125
 -1.376506 -1.731327 -1.313593 -1.198523
 -1.350576 -1.609437 -1.586965 -1.089563
 -1.125079 -1.659161 -1.547935 -1.300528
 -2.123661 -1.319849 -1.203125 -1.161626
 -1.221539 -1.416600 -1.784324 -1.221539
 -1.459797 -1.730671 -1.708692 -0.892944
 -1.279610 -1.490919 -1.685075 -1.167132
 -1.717257 -1.296524 -1.497195 -1.129470
 -14.869824 -14.869824 -14.869824 -0.000001
 -14.834359 -14.834359 -14.834359 -0.000001
 -14.639688 -14.639688 -14.639688 -0.000001
 -15.186692 -15.186692 -15.186692 -0.000001
 -1.386294 -1.386294 -1.386294 -1.386294
 -1.386294 -1.386294 -1.386294 -1.386294
 -1.386294 -1.386294 -1.386294 -1.386294
 -1.775037 -1.310021 -1.502392 -1.084380
 -1.277953 -1.496642 -1.614425 -1.208961
 -1.203973 -1.760987 -1.798028 -1.014731
 -1.121602 -1.965030 -1.448815 -1.206501
 -1.539614 -1.551310 -1.419250 -1.103613
 -1.361903 -1.703206 -1.303407 -1.237449
 -1.071944 -1.906169 -1.876316 -1.033230
 -1.238970 -1.840549 -1.637608 -1.029620
 -1.698325 -1.450146 -1.345885 -1.132692
 -1.307014 -1.554850 -1.509040 -1.213923
 -1.187664 -1.645971 -1.910663 -1.037724
 -1.186962 -1.734600 -1.580450 -1.163151
 -1.656940 -1.116819 -1.617200 -1.260525
 -1.017318 -1.795021 -1.632503 -1.284197
 -1.036737 -1.953027 -2.145398 -0.950560
 -1.246346 -1.666848 -1.867518 -0.996692
 -1.353859 -1.490435 -1.707499 -1.093133
 -1.236763 -2.230013 -1.236763 -1.165304
 -1.336846 -2.084059 -1.390913 -1.010450
 -1.038894 -1.871801 -1.360977 -1.444358
 -2.045208 -1.665718 -1.305104 -0.890507
 -0.803962 -1.156182 -1.436484 -14.866334
 -0.822559 -1.010158 -1.626930 -14.363634
 -0.829799 -1.146469 -1.401993 -14.981783
 -1.452476 -0.723150 -1.270155 -15.216695
 -15.294841 -15.294841 -15.294841 -0.000001
 -15.324023 -15.324023 -15.324023 -0.000001
 -14.897317 -14.897317 -14.897317 -0.000001
 -1.386294 -1.386294 -1.386294 -1.386294
 -1.386294 -1.386294 -1.386294 -1.386294
 -1.386294 -1.386294 -1.386294 -1.386294
 -1.386294 -1.386294 -1.386294 -1.386294
 -1.614510 -1.381248 -16.288683 -0.598297
 -14.674174 -0.000001 -14.674174 -14.674174
 -14.907435 -0.000001 -14.907435 -14.907435
 -1.386294 -1.386294 -1.386294 -1.386294
 -15.690386 -0.000001 -15.690386 -15.690386
 -1.386294 -1.386294 -1.386294 -1.386294
 -0.000000 -16.288683 -16.288683 -16.288683
 -1.386294 -1.386294 -1.386294 -1.386294
 -1.386294 -1.386294 -1.386294 -1.386294
 -16.288683 -16.288683 -0.000000 -16.288683
 -1.386294 -1.386294 -1.386294 -1.386294
 -1.386294 -1.386294 -1.386294 -1.386294
 -1.386294 -1.386294 -1.386294 -1.386294
 -1.386294 -1.386294 -1.386294 -1.386294
 -1.386294 -1.386294 -1.386294 -1.386294
 -0.788626 -1.418859 -16.288683 -1.192238
 -1.386294 -1.386294 -1.386294 -1.386294
 -1.130660 -2.013049 -1.437685 -1.183770
 -1.315677 -1.747459 -2.133120 -0.823201
 -1.386294 -1.386294 -1.386294 -1.386294
 -1.727221 -1.758969 -1.321756 -0.958851
 -1.070442 -1.840549 -1.475906 -1.309922
 -1.189584 -1.780948 -1.631416 -1.104062
 -1.031171 -1.681758 -1.492516 -1.458615
 -1.630640 -1.572820 -1.518162 -0.973861
