 -1.134491 0.000100 0.000100 0.000100
 -1.787363 0.000100 0.000100 0.000100
 -1.959213 0.000100 0.000100 0.000100
 -0.994134 0.000100 0.000100 0.000100
 -0.856474 -1.987870 -2.344540 -1.071585
 -1.239692 -2.028139 -2.028139 -0.804377
 -1.067844 -1.673972 -2.079429 -1.067844
 -1.435084 -1.865865 -1.791757 -0.819901
 -0.958257 -2.211011 -1.892560 -1.032364
 -1.041457 -2.427727 -2.833175 -0.693153
 -0.836254 -2.014891 -2.708014 -1.003306
 -1.408767 -2.101910 -1.321756 -1.003304
 -1.181995 -1.919589 -2.120258 -0.851754
 -0.693155 -3.258012 -12.468452 -0.773197
 -1.178657 -1.717647 -1.717647 -1.098615
 -1.757856 -1.693318 -1.470176 -0.882391
 -1.007643 -2.533683 -2.351365 -0.775842
 -1.358124 -2.169040 -12.765700 -0.464313
 -0.875473 -1.637606 -1.974072 -1.386294
 -1.488077 -1.967647 -1.397105 -0.949082
 -1.041456 -1.580449 -2.427737 -1.041456
 -1.421385 -1.421385 -2.674112 -0.802353
 -0.887308 -3.526272 -2.427727 -0.753777
 -2.166448 -2.079437 -1.473305 -0.632525
 -0.889860 -2.079434 -2.079434 -1.080915
 -1.041457 -2.833175 -1.916914 -0.818315
 -1.011605 -3.496420 -1.417066 -1.011605
 -2.246490 -2.159480 -1.178656 -0.752572
 -1.064713 -1.980996 -2.674130 -0.802350
 -0.893825 -12.301401 -2.397863 -0.693156
 -1.243195 -2.564932 -1.754016 -0.773193
 -1.914817 -1.988924 -1.558144 -0.682678
 -0.924951 -1.575535 -3.367253 -1.015923
 -0.916297 -2.120246 -3.218792 -0.820987
 -1.157455 -2.456714 -1.763583 -0.847303
 -1.918757 -1.858132 -1.433251 -0.779327
 -1.203974 -1.696447 -2.302575 -0.875471
 -1.358124 -2.169040 -2.169040 -0.664982
 -1.157455 -2.169040 -2.169040 -0.782765
 -1.866658 -1.802120 -1.207416 -0.963794
 -1.331235 -1.773064 -2.871654 -0.674459
 -1.157455 -1.945902 -2.862162 -0.722140
 -1.122145 -2.151752 -1.563974 -1.053153
 -1.999395 -1.731133 -1.473305 -0.780160
 -1.006807 -1.754016 -2.852606 -0.906724
 -1.791754 -2.484885 -2.484885 -0.405472
 -1.791754 -2.484885 -2.197211 -0.448032
 -1.862138 -2.069776 -1.590206 -0.664439
 -1.016937 -2.240698 -13.060496 -0.631276
 -1.252765 -1.540443 -2.233573 -0.934314
 -1.036096 -2.335355 -2.047681 -0.869043
 -2.023199 -2.849869 -1.132230 -0.718255
 -0.906724 -1.648656 -3.951151 -0.955514
 -1.252765 -1.435084 -2.351344 -0.965087
 -1.263693 -2.730005 -1.631414 -0.784123
 -2.117178 -1.637608 -1.848916 -0.639082
 -0.974562 -2.178523 -3.277102 -0.751420
 -1.584118 -2.277252 -2.054114 -0.572525
 -1.575534 -2.268664 -1.064715 -1.064715
 -1.527944 -2.024378 -1.485385 -0.856778
 -1.209839 -1.558143 -4.042958 -0.747218
 -1.909532 -1.504076 -1.909532 -0.730895
 -1.410987 -3.020385 -1.516346 -0.717845
 -2.322381 -2.227072 -1.159238 -0.733154
 -0.823204 -1.921806 -3.713482 -0.940987
 -0.949085 -1.824542 -2.740803 -0.949085
 -1.343735 -2.219192 -1.749196 -0.784123
 -2.206437 -2.126395 -1.290151 -0.702366
 -0.810933 -2.379534 -3.988891 -0.810933
 -1.575534 -1.757852 -12.577650 -0.476932
 -1.148625 -2.104124 -1.634128 -1.005525
 -2.149818 -1.862138 -2.149818 -0.491597
 -1.011603 -2.215564 -13.217681 -0.640041
 -1.824542 -2.335355 -2.335355 -0.438263
 -1.945896 -2.351344 -3.044441 -0.336485
 -1.742968 -2.222538 -1.651996 -0.644359
 -0.457838 -1.058609 -3.891728 -13.102169
 -0.980835 -1.232146 -1.098616 -12.388411
 -1.686394 -1.686394 -0.462632 -12.506192
 -1.666132 -1.511982 -0.526701 -14.054530
 -13.444452 -0.191059 -1.749197 -13.444452
 -13.253399 -0.258866 -1.478101 -13.253399
 -13.825465 -0.901550 -0.520778 -13.825465
 -1.386294 -1.386294 -1.386294 -1.386294
 -1.386294 -1.386294 -1.386294 -1.386294
 -14.166170 -14.166170 -14.166170 -0.000002
 -13.652996 -13.652996 -13.652996 -0.000004
 -1.386294 -1.386294 -1.386294 -1.386294
 -1.386294 -1.386294 -1.386294 -1.386294
 -1.386294 -1.386294 -1.386294 -1.386294
 -1.386294 -1.386294 -1.386294 -1.386294
 -14.635292 -14.635292 -0.000001 -14.635292
 -1.386294 -1.386294 -1.386294 -1.386294
 -1.386294 -1.386294 -1.386294 -1.386294
 -14.635292 -0.000001 -14.635292 -14.635292
 -1.386294 -1.386294 -1.386294 -1.386294
 -1.386294 -1.386294 -1.386294 -1.386294
 -0.000001 -14.635292 -14.635292 -14.635292
 -1.386294 -1.386294 -1.386294 -1.386294
 -1.386294 -1.386294 -1.386294 -1.386294
 -14.635292 -14.635292 -0.000001 -14.635292
 -1.386294 -1.386294 -1.386294 -1.386294
 -1.386294 -1.386294 -1.386294 -1.386294
 -1.386294 -1.386294 -1.386294 -1.386294
 -1.386294 -1.386294 -1.386294 -1.386294
 -1.386294 -1.386294 -1.386294 -1.386294
 -1.266067 -2.023751 -0.994134 -1.533129
 -1.386294 -1.386294 -1.386294 -1.386294
 -1.673974 -2.367113 -1.386294 -0.757689
 -1.791753 -1.609435 -1.609435 -0.836254
 -1.295323 -2.639045 -2.032917 -0.646630
 -1.694593 -3.891728 -1.119233 -0.756330
 -1.589233 -1.694593 -1.812374 -0.800781
 -0.747224 -2.944360 -2.944360 -0.865006
 -1.119233 -1.589233 -1.326871 -1.589233
 -1.481604 -1.992427 -1.368276 -0.962812
 -1.268678 0.000100 0.000100 0.000100
 -1.663505 0.000100 0.000100 0.000100
 -1.489152 0.000100 0.000100 0.000100
 -1.191519 0.000100 0.000100 0.000100
 -1.339288 -1.620190 -1.103975 -1.567547
 -1.098613 -1.791758 -1.617405 -1.198696
 -1.078810 -1.544899 -1.373049 -1.643339
 -1.724748 -1.357024 -1.017809 -1.594695
 -1.022901 -1.570865 -1.444114 -1.626435
 -1.194627 -1.554629 -2.247773 -0.966844
 -1.145133 -1.356441 -1.481604 -1.624705
 -1.994698 -1.229233 -1.326871 -1.183771
 -1.103890 -1.609437 -1.335001 -1.583462
 -1.130161 -1.615668 -1.903349 -1.111113
 -1.120119 -1.652922 -1.452252 -1.393412
 -1.895194 -1.369102 -1.489730 -0.994409
 -1.299283 -1.567547 -1.188058 -1.542229
 -1.187560 -1.616555 -1.422399 -1.365241
 -1.222407 -1.616310 -1.346021 -1.400088
 -1.725912 -1.423632 -1.125139 -1.360453
 -1.270463 -1.357474 -1.645155 -1.313022
 -1.127186 -1.400479 -1.911303 -1.266948
 -0.961815 -1.668754 -1.668754 -1.423632
 -1.555043 -1.343735 -1.615668 -1.111113
 -1.225768 -1.936008 -1.411485 -1.144422
 -1.144223 -1.724040 -2.111804 -0.961902
 -1.166435 -1.625966 -1.471816 -1.338285
 -1.924517 -1.250064 -1.506783 -1.061473
 -1.116005 -1.632694 -1.330414 -1.548137
 -1.342492 -1.314321 -1.565635 -1.342492
 -1.091340 -1.741926 -1.256420 -1.587776
 -1.564986 -1.564986 -1.116962 -1.368276
 -1.120592 -1.526056 -1.430746 -1.526056
 -1.252763 -1.445135 -1.645805 -1.252763
 -1.413693 -1.413693 -1.250064 -1.482686
 -1.871801 -1.158036 -1.466337 -1.199709
 -1.178655 -1.871801 -1.301257 -1.323236
 -1.186169 -1.982498 -1.822156 -0.928340
 -1.123931 -1.779336 -1.578666 -1.203973
 -1.834061 -1.441019 -1.492312 -0.971016
 -1.353859 -1.770018 -1.093133 -1.442806
 -0.924950 -1.980999 -1.809149 -1.198243
 -1.037988 -1.791758 -1.256242 -1.637608
 -1.880810 -1.475346 -0.918536 -1.515351
 -1.249958 -1.444114 -1.310583 -1.570865
 -1.436725 -1.508184 -1.712977 -1.019832
 -1.236234 -1.321756 -1.475906 -1.540445
 -1.676128 -1.329853 -1.642227 -1.036093
 -1.264598 -1.839960 -1.374598 -1.184555
 -0.953106 -1.816150 -1.893110 -1.199965
 -1.105393 -1.386294 -2.106838 -1.213023
 -1.643148 -1.484925 -1.348349 -1.138054
 -1.564542 -1.614552 -0.960627 -1.564542
 -1.145133 -1.747306 -1.586964 -1.193923
 -1.129150 -1.594512 -1.456362 -1.424613
 -1.533930 -1.734600 -0.948673 -1.511457
 -1.110447 -1.398129 -1.580450 -1.524880
 -1.217396 -1.427116 -2.525722 -0.957114
 -1.279049 -1.245713 -1.527945 -1.527945
 -1.843718 -1.324926 -1.324926 -1.170775
 -1.065277 -1.957272 -1.438480 -1.284330
 -1.194494 -1.868948 -1.986730 -0.902107
 -0.958525 -1.754854 -2.117757 -1.129150
 -1.791758 -1.666596 -1.455287 -0.888893
 -1.212557 -2.137503 -0.996334 -1.535330
 -1.053763 -2.126395 -1.225613 -1.433251
 -1.013620 -2.112228 -1.264934 -1.452986
 -1.516816 -1.639418 -1.002153 -1.516816
 -1.119556 -1.625103 -1.707341 -1.219639
 -1.207416 -1.355835 -2.176811 -1.108976
 -0.977884 -1.309661 -1.756973 -1.706962
 -1.602748 -1.340385 -1.569959 -1.112127
 -1.056053 -1.749199 -1.643839 -1.255182
 -0.934868 -1.958254 -2.528795 -0.950616
 -1.090029 -1.495493 -1.662547 -1.386294
 -1.403196 -1.855180 -1.498506 -0.982694
 -1.199417 -2.130973 -0.544886 -14.599414
 -1.201028 -1.431551 -0.776146 -13.937732
 -0.916292 -1.854558 -0.813108 -13.955276
 -1.746908 -1.492675 -0.509299 -14.594837
 -14.425279 -0.532806 -0.884203 -14.425279
 -13.997835 -0.418046 -1.073921 -13.997835
 -15.099219 -0.367418 -1.179348 -15.099219
 -1.386294 -1.386294 -1.386294 -1.386294
 -1.386294 -1.386294 -1.386294 -1.386294
 -15.290275 -15.290275 -15.290275 -0.000001
 -14.639688 -14.639688 -14.639688 -0.000001
 -1.386294 -1.386294 -1.386294 -1.386294
 -1.386294 -1.386294 -1.386294 -1.386294
 -1.386294 -1.386294 -1.386294 -1.386294
 -1.386294 -1.386294 -1.386294 -1.386294
 -15.710128 -15.710128 -0.000000 -15.710128
 -1.386294 -1.386294 -1.386294 -1.386294
 -1.386294 -1.386294 -1.386294 -1.386294
 -15.710128 -0.000001 -15.710128 -15.710128
 -1.386294 -1.386294 -1.386294 -1.386294
 -1.386294 -1.386294 -1.386294 -1.386294
 -0.000001 -15.710128 -15.710128 -15.710128
 -1.386294 -1.386294 -1.386294 -1.386294
 -1.386294 -1.386294 -1.386294 -1.386294
 -15.710128 -15.710128 -0.000000 -15.710128
 -1.386294 -1.386294 -1.386294 -1.386294
 -1.386294 -1.386294 -1.386294 -1.386294
 -1.386294 -1.386294 -1.386294 -1.386294
 -1.386294 -1.386294 -1.386294 -1.386294
 -1.386294 -1.386294 -1.386294 -1.386294
 -1.129149 -1.216583 -1.679505 -1.639974
 -1.386294 -1.386294 -1.386294 -1.386294
 -1.122143 -2.038432 -1.080179 -1.586448
 -1.205667 -1.817467 -2.025105 -0.901178
 -1.156721 -2.255328 -1.929907 -0.831299
 -1.640936 -1.640936 -1.333452 -1.053151
 -1.073036 -1.966852 -1.028584 -1.828702
 -0.921407 -1.812377 -1.449473 -1.589234
 -1.146079 -2.021545 -1.303708 -1.279611
 -1.364120 -2.188294 -0.988332 -1.346729
