 -1.177601 0.000100 0.000100 0.000100
 -1.971551 0.000100 0.000100 0.000100
 -1.830473 0.000100 0.000100 0.000100
 -0.935461 0.000100 0.000100 0.000100
 -1.154966 -1.651400 -2.344540 -0.923166
 -1.098615 -2.110200 -2.110200 -0.857455
 -0.998532 -3.637497 -2.251277 -0.693152
 -1.699385 -1.967647 -1.274503 -0.921683
 -1.129866 -1.466336 -2.094939 -1.129866
 -1.163153 -2.367103 -2.772551 -0.632529
 -0.717844 -2.614936 -1.921806 -1.228667
 -1.504077 -2.292529 -1.599387 -0.744974
 -1.294728 -1.805550 -1.892560 -0.889264
 -1.236764 -12.644341 -2.335355 -0.489556
 -1.098615 -2.197211 -1.504076 -1.098615
 -2.176811 -1.530188 -1.684338 -0.724565
 -1.118032 -1.871797 -2.159475 -0.906724
 -1.308334 -2.512283 -2.917732 -0.519882
 -0.855670 -2.302570 -1.742965 -1.203974
 -1.791758 -1.848916 -1.637608 -0.730889
 -0.991642 -1.929905 -2.335365 -0.949083
 -1.519824 -1.856290 -3.465648 -0.521304
 -1.185626 -1.974072 -1.974072 -0.875473
 -1.494775 -2.370237 -1.305533 -0.888641
 -1.129866 -1.689478 -1.977158 -1.038895
 -1.064715 -3.367210 -2.268664 -0.659253
 -0.940987 -3.020385 -1.516346 -1.074517
 -1.629239 -2.227072 -1.257677 -0.887305
 -1.208961 -1.806794 -2.595241 -0.770708
 -1.178658 -1.871793 -12.468452 -0.619047
 -1.347074 -3.911931 -2.120255 -0.510830
 -2.240704 -2.058384 -1.211091 -0.759107
 -1.098614 -2.140057 -2.833188 -0.712954
 -0.934314 -1.722761 -1.945899 -1.252765
 -1.024507 -2.970375 -1.360977 -1.098615
 -1.834683 -1.734600 -1.521026 -0.808833
 -1.471816 -2.031426 -1.913645 -0.709680
 -1.916914 -1.734596 -2.140053 -0.581928
 -1.815285 -2.151752 -1.969433 -0.542330
 -1.550597 -1.956059 -1.650680 -0.788459
 -0.959779 -1.770702 -2.751510 -0.959779
 -1.417066 -1.704744 -2.803323 -0.663301
 -1.335002 -2.944399 -1.335002 -0.865002
 -2.071070 -1.945908 -1.521026 -0.668251
 -1.446918 -1.734598 -3.238636 -0.599625
 -1.550595 -2.397874 -2.110200 -0.552076
 -1.315677 -2.327262 -1.410987 -0.940987
 -2.415907 -2.320598 -1.499623 -0.528846
 -1.049825 -2.079432 -2.079432 -0.916295
 -2.197206 -2.197206 -3.295752 -0.300114
 -1.767657 -2.327262 -2.104124 -0.494702
 -2.087221 -1.681758 -1.640936 -0.700931
 -1.491654 -1.897113 -3.688789 -0.510831
 -0.944466 -1.974072 -2.197211 -1.018573
 -1.791754 -1.974072 -1.791754 -0.639086
 -2.263360 -1.783790 -1.570217 -0.653928
 -1.172722 -1.791755 -12.948019 -0.646632
 -1.819153 -2.917732 -3.610829 -0.278721
 -1.413693 -1.665004 -2.224609 -0.777710
 -2.397889 -1.751267 -1.428495 -0.701448
 -1.098615 -2.277252 -12.873912 -0.572525
 -1.665004 -2.001471 -1.665004 -0.720551
 -1.329137 -2.833175 -1.916914 -0.635995
 -2.541595 -1.625310 -1.233270 -0.836855
 -1.360977 -1.871796 -3.663472 -0.572525
 -1.637606 -2.890333 -3.583430 -0.325430
 -1.945904 -1.812374 -1.252764 -0.896091
 -2.019335 -1.954796 -1.395183 -0.738405
 -1.265667 -1.466336 -12.873912 -0.719128
 -1.386294 -2.367103 -1.856290 -0.693154
 -1.481604 -1.838274 -2.397879 -0.648700
 -1.808287 -2.164960 -1.508184 -0.693149
 -1.326871 -1.945904 -3.891728 -0.559620
 -1.098615 -2.397874 -2.397874 -0.723925
 -1.280935 -2.197211 -2.484885 -0.639086
 -2.006532 -2.294212 -1.252763 -0.736074
 -2.120255 -1.832577 -3.218834 -0.385668
 -1.648654 -2.564915 -1.871793 -0.550055
 -1.516346 -3.713482 -1.005525 -0.940987
 -2.389591 -2.708041 -1.049823 -0.709956
 -0.489556 -1.036096 -3.433900 -12.644341
 -0.747224 -1.558141 -1.152684 -12.154800
 -0.646630 -1.504077 -1.370546 -13.353481
 -1.386294 -1.156721 -0.831299 -14.030625
 -13.732133 -13.732133 -13.732133 -0.000003
 -13.429854 -13.429854 -13.429854 -0.000004
 -13.554151 -13.554151 -13.554151 -0.000004
 -1.386294 -1.386294 -1.386294 -1.386294
 -1.386294 -1.386294 -1.386294 -1.386294
 -1.386294 -1.386294 -1.386294 -1.386294
 -1.386294 -1.386294 -1.386294 -1.386294
 -14.678402 -14.678402 -14.678402 -0.000001
 -1.386294 -1.386294 -1.386294 -1.386294
 -1.386294 -1.386294 -1.386294 -1.386294
 -1.386294 -1.386294 -1.386294 -1.386294
 -14.678402 -0.000001 -14.678402 -14.678402
 -1.386294 -1.386294 -1.386294 -1.386294
 -0.000001 -14.678402 -14.678402 -14.678402
 -1.386294 -1.386294 -1.386294 -1.386294
 -1.386294 -1.386294 -1.386294 -1.386294
 -14.678402 -14.678402 -0.000001 -14.678402
 -1.386294 -1.386294 -1.386294 -1.386294
 -1.386294 -1.386294 -1.386294 -1.386294
 -1.386294 -1.386294 -1.386294 -1.386294
 -1.386294 -1.386294 -1.386294 -1.386294
 -1.386294 -1.386294 -1.386294 -1.386294
 -14.678402 -14.678402 -0.000001 -14.678402
 -1.386294 -1.386294 -1.386294 -1.386294
 -1.386294 -1.386294 -1.386294 -1.386294
 -1.386294 -1.386294 -1.386294 -1.386294
 -1.460727 -1.884540 -1.730390 -0.823670
 -1.386294 -1.386294 -1.386294 -1.386294
 -0.788461 -2.908695 -1.299284 -1.522425
 -0.639086 -2.890333 -1.791754 -1.386294
 -1.098615 -1.945903 -1.540443 -1.172722
 -1.386294 -2.447159 -1.243194 -0.980831
 -1.274782 0.000100 0.000100 0.000100
 -1.602204 0.000100 0.000100 0.000100
 -1.657774 0.000100 0.000100 0.000100
 -1.113238 0.000100 0.000100 0.000100
 -1.230291 -1.901457 -1.275753 -1.275753
 -1.531476 -1.531476 -1.765090 -0.925342
 -1.157454 -1.658227 -1.358124 -1.435084
 -1.732760 -1.414307 -1.437297 -1.071363
 -1.260254 -1.719785 -1.113651 -1.565635
 -1.071945 -1.531476 -1.531476 -1.490654
 -1.121603 -1.356441 -1.550597 -1.586964
 -1.548137 -1.632694 -1.308908 -1.133704
 -0.989414 -2.054121 -1.523495 -1.265667
 -1.319603 -1.757856 -1.495493 -1.090029
 -1.112698 -1.704747 -1.299283 -1.528857
 -1.777159 -1.511457 -1.446919 -0.980830
 -1.240263 -1.457986 -1.331235 -1.542543
 -1.345473 -1.386294 -1.791757 -1.130362
 -1.091008 -1.474000 -1.879463 -1.264280
 -1.609437 -1.299283 -1.640209 -1.098613
 -1.386294 -1.778335 -1.213023 -1.259543
 -1.105993 -1.734600 -1.868131 -1.084014
 -1.299283 -1.266494 -1.266494 -1.810107
 -1.655048 -1.500897 -1.249584 -1.206099
 -1.043805 -1.911303 -1.554629 -1.242255
 -1.218572 -1.700408 -1.749198 -1.056054
 -1.211091 -1.547562 -1.422399 -1.393412
 -1.698232 -1.269238 -1.596450 -1.098613
 -1.299283 -1.741115 -1.124930 -1.481604
 -1.189585 -1.609437 -1.653889 -1.189585
 -1.248425 -1.653889 -1.081371 -1.700408
 -1.716795 -1.333804 -1.429114 -1.147702
 -1.415282 -1.683545 -1.304057 -1.203973
 -1.319603 -1.421386 -1.575536 -1.257083
 -1.028297 -1.520772 -1.551543 -1.551543
 -1.504077 -1.256242 -1.358895 -1.443453
 -1.303708 -1.461932 -1.490919 -1.303708
 -1.214445 -1.633154 -2.018814 -0.980830
 -1.091008 -1.879463 -1.656321 -1.137528
 -2.383806 -1.311174 -1.337842 -0.978469
 -1.128466 -1.734600 -1.151455 -1.693778
 -1.215337 -1.512588 -1.774951 -1.159767
 -1.508512 -1.508512 -1.360092 -1.201028
 -2.079439 -1.343735 -1.408273 -0.995429
 -1.206601 -2.010971 -1.106518 -1.442989
 -1.256837 -1.479980 -1.593308 -1.256837
 -1.113319 -1.423473 -1.336462 -1.784485
 -1.488948 -1.092534 -1.841769 -1.271225
 -1.073134 -1.546917 -1.488077 -1.517064
 -1.306830 -1.845825 -1.845825 -0.883017
 -1.170934 -1.425825 -1.815288 -1.248895
 -1.496642 -1.463852 -1.719785 -1.006020
 -1.307704 -1.431318 -1.380025 -1.431318
 -1.198243 -1.863216 -1.863216 -0.946929
 -0.830933 -1.781905 -1.724747 -1.524078
 -1.668278 -1.451214 -1.336145 -1.157453
 -1.073134 -1.907929 -1.432507 -1.305756
 -1.302212 -1.478102 -1.845825 -1.072638
 -1.019832 -1.545924 -1.545924 -1.545924
 -1.817076 -1.246533 -1.290984 -1.290984
 -1.348073 -1.669656 -1.230291 -1.348073
 -0.924591 -1.962575 -1.962575 -1.132230
 -1.021652 -1.737270 -1.609437 -1.331806
 -1.721442 -1.721442 -1.328400 -0.974229
 -1.163151 -2.302581 -1.143349 -1.313974
 -1.295781 -1.462834 -2.251286 -0.942961
 -1.155308 -1.476891 -1.442989 -1.511982
 -1.871801 -1.994403 -1.416327 -0.760452
 -1.105680 -1.960093 -1.292266 -1.372308
 -1.034075 -1.727219 -1.791757 -1.203974
 -1.193923 -1.448815 -1.327454 -1.624705
 -1.675760 -1.087974 -1.517536 -1.359908
 -1.047969 -1.602965 -1.858897 -1.230291
 -1.060873 -1.732039 -2.034318 -1.060873
 -0.897244 -1.609437 -2.228473 -1.256617
 -1.309063 -1.485993 -1.924247 -1.028162
 -1.776010 -2.197222 -1.007641 -1.037055
 -1.574035 -1.713796 -1.377326 -1.020652
 -1.609437 -1.752536 -0.985285 -1.373049
 -2.174749 -1.644123 -1.200192 -0.936378
 -1.364316 -1.065824 -0.916292 -13.710155
 -1.145133 -0.763767 -1.532897 -13.687682
 -0.933289 -1.156432 -1.230540 -14.392126
 -1.559427 -0.773191 -1.114117 -14.483342
 -14.297939 -14.297939 -14.297939 -0.000002
 -14.594837 -14.594837 -14.594837 -0.000001
 -14.352006 -14.352006 -14.352006 -0.000002
 -1.386294 -1.386294 -1.386294 -1.386294
 -1.386294 -1.386294 -1.386294 -1.386294
 -1.386294 -1.386294 -1.386294 -1.386294
 -1.386294 -1.386294 -1.386294 -1.386294
 -15.522076 -15.522076 -15.522076 -0.000001
 -1.386294 -1.386294 -1.386294 -1.386294
 -1.386294 -1.386294 -1.386294 -1.386294
 -1.386294 -1.386294 -1.386294 -1.386294
 -15.522076 -0.000001 -15.522076 -15.522076
 -1.386294 -1.386294 -1.386294 -1.386294
 -0.000001 -15.522076 -15.522076 -15.522076
 -1.386294 -1.386294 -1.386294 -1.386294
 -1.386294 -1.386294 -1.386294 -1.386294
 -15.522076 -15.522076 -0.000001 -15.522076
 -1.386294 -1.386294 -1.386294 -1.386294
 -1.386294 -1.386294 -1.386294 -1.386294
 -1.386294 -1.386294 -1.386294 -1.386294
 -1.386294 -1.386294 -1.386294 -1.386294
 -1.386294 -1.386294 -1.386294 -1.386294
 -15.522076 -15.522076 -0.000001 -15.522076
 -1.386294 -1.386294 -1.386294 -1.386294
 -1.386294 -1.386294 -1.386294 -1.386294
 -1.386294 -1.386294 -1.386294 -1.386294
 -1.370092 -2.007669 -1.929708 -0.762659
 -1.386294 -1.386294 -1.386294 -1.386294
 -0.990400 -1.722765 -1.507655 -1.475906
 -1.213024 -1.413693 -1.739113 -1.259543
 -1.290985 -1.742967 -1.548812 -1.086191
 -1.130236 -1.911489 -1.835503 -0.995200
