 -1.179876 0.000100 0.000100 0.000100
 -2.187513 0.000100 0.000100 0.000100
 -1.796649 0.000100 0.000100 0.000100
 -0.880359 0.000100 0.000100 0.000100
 -0.965083 -1.840546 -2.197217 -1.052094
 -1.749192 -1.749192 -2.442314 -0.570555
 -0.818315 -2.427727 -3.526272 -0.818315
 -1.498212 -2.245420 -1.264598 -0.946145
 -0.991642 -1.642226 -2.047687 -1.182697
 -0.955517 -2.564915 -12.468452 -0.619047
 -1.223777 -1.916914 -2.427727 -0.753777
 -1.779781 -1.710788 -1.199966 -1.051546
 -1.270463 -1.740463 -1.963604 -0.907560
 -0.887308 -1.916914 -2.427727 -1.041457
 -0.750311 -1.791754 -2.890333 -1.185626
 -1.717649 -1.584119 -1.265667 -1.098614
 -1.115143 -1.712976 -2.501422 -0.892001
 -1.308334 -1.819152 -3.610829 -0.615191
 -1.945902 -1.763583 -1.609435 -0.722140
 -1.637607 -1.504077 -1.443452 -1.057792
 -0.947384 -1.406913 -2.282371 -1.326871
 -1.265668 -1.871796 -2.277252 -0.773195
 -1.321757 -1.791753 -2.014891 -0.836254
 -1.693318 -2.068008 -1.693318 -0.681721
 -1.504076 -2.197215 -1.591087 -0.770112
 -1.580448 -2.427727 -2.833175 -0.435325
 -0.882395 -2.268664 -1.980990 -1.064715
 -1.992426 -1.704746 -1.432814 -0.813777
 -1.053153 -2.662564 -2.662564 -0.670162
 -1.252765 -1.945899 -2.639022 -0.693154
 -1.239692 -1.845821 -1.845821 -0.929540
 -1.619908 -2.079437 -1.098613 -1.067842
 -1.079922 -2.024375 -2.871654 -0.751420
 -1.139438 -1.272967 -3.218792 -1.021656
 -1.196252 -1.969433 -1.458614 -1.122145
 -1.658227 -2.351367 -1.486377 -0.717247
 -1.062896 -2.215564 -2.908695 -0.711500
 -1.722761 -1.252765 -3.332119 -0.693154
 -1.011605 -2.803323 -2.110200 -0.788463
 -2.003726 -2.409187 -1.310583 -0.681976
 -1.386294 -1.568614 -2.772564 -0.735711
 -1.098616 -2.079425 -3.177970 -0.693156
 -2.079429 -2.079429 -1.673972 -0.575371
 -2.417889 -1.781905 -1.357024 -0.723302
 -1.299284 -1.704744 -2.803323 -0.723925
 -1.580448 -2.427727 -2.140053 -0.530635
 -1.974072 -1.791754 -2.197211 -0.539003
 -1.985912 -1.629239 -1.580450 -0.774827
 -1.358124 -2.169040 -3.555259 -0.510832
 -1.763583 -1.609435 -2.456714 -0.610915
 -2.335355 -1.488076 -2.047681 -0.600781
 -1.811176 -1.754017 -1.425515 -0.860203
 -0.990402 -1.358124 -12.765700 -0.990402
 -1.504076 -1.637606 -2.197211 -0.750311
 -2.397874 -1.887062 -1.704744 -0.552076
 -1.842530 -1.907068 -1.437066 -0.786481
 -1.203974 -1.897113 -3.688789 -0.644362
 -1.791754 -1.504076 -2.197211 -0.693153
 -1.734596 -2.833175 -1.329137 -0.693153
 -2.356645 -1.988924 -1.462834 -0.622054
 -1.299284 -2.110200 -12.706861 -0.500782
 -1.421385 -1.980990 -3.367210 -0.534090
 -1.098615 -2.484885 -1.637606 -0.944466
 -2.107876 -1.964776 -1.628305 -0.612388
 -0.940987 -1.921806 -12.923923 -0.769138
 -1.312187 -2.564915 -12.468452 -0.424893
 -1.575534 -1.980990 -2.268664 -0.594715
 -2.293447 -1.695614 -1.600305 -0.665998
 -1.386294 -2.079432 -3.688789 -0.510831
 -2.367103 -1.856290 -2.772551 -0.374701
 -1.427116 -2.525695 -1.609434 -0.733977
 -1.974078 -1.546636 -1.791758 -0.730889
 -1.223777 -1.446918 -12.736712 -0.753777
 -1.252764 -2.456714 -2.456714 -0.610915
 -1.466336 -2.564915 -2.564915 -0.485517
 -1.404643 -1.992427 -1.266494 -1.089563
 -1.667704 -2.024375 -13.180640 -0.386778
 -1.252765 -1.945899 -2.639022 -0.693154
 -1.185626 -2.484885 -1.637606 -0.875473
 -1.644122 -2.867883 -1.386294 -0.693149
 -0.532809 -1.120593 -2.442331 -13.038990
 -1.845814 -0.546556 -1.335002 -12.154800
 -0.869043 -1.036096 -1.488076 -12.644341
 -1.225613 -0.884687 -1.225613 -13.901692
 -13.527834 -13.527834 -13.527834 -0.000004
 -13.617064 -13.617064 -13.617064 -0.000004
 -13.081550 -13.081550 -13.081550 -0.000006
 -1.386294 -1.386294 -1.386294 -1.386294
 -1.386294 -1.386294 -1.386294 -1.386294
 -1.386294 -1.386294 -1.386294 -1.386294
 -1.386294 -1.386294 -1.386294 -1.386294
 -0.353198 -1.212136 -14.533352 -14.533352
 -14.180157 -0.000002 -14.180157 -14.180157
 -13.321220 -0.000005 -13.321220 -13.321220
 -1.386294 -1.386294 -1.386294 -1.386294
 -1.386294 -1.386294 -1.386294 -1.386294
 -1.386294 -1.386294 -1.386294 -1.386294
 -0.000002 -14.533353 -14.533353 -14.533353
 -1.386294 -1.386294 -1.386294 -1.386294
 -1.386294 -1.386294 -1.386294 -1.386294
 -14.533352 -14.533352 -0.000001 -14.533352
 -1.386294 -1.386294 -1.386294 -1.386294
 -1.386294 -1.386294 -1.386294 -1.386294
 -1.386294 -1.386294 -1.386294 -1.386294
 -1.386294 -1.386294 -1.386294 -1.386294
 -1.386294 -1.386294 -1.386294 -1.386294
 -14.533352 -14.533352 -0.000001 -14.533352
 -1.386294 -1.386294 -1.386294 -1.386294
 -1.386294 -1.386294 -1.386294 -1.386294
 -1.386294 -1.386294 -1.386294 -1.386294
 -1.262567 -1.889022 -1.767661 -0.928562
 -1.386294 -1.386294 -1.386294 -1.386294
 -0.882392 -2.674130 -1.116006 -1.662545
 -1.131405 -2.047681 -1.131405 -1.488076
 -0.782764 -1.609435 -1.945902 -1.609435
 -1.621859 -1.996550 -1.216396 -0.993253
 -1.318472 0.000100 0.000100 0.000100
 -1.487764 0.000100 0.000100 0.000100
 -1.468532 0.000100 0.000100 0.000100
 -1.286211 0.000100 0.000100 0.000100
 -1.248673 -1.808287 -1.166435 -1.436725
 -1.302525 -1.338892 -1.862138 -1.168994
 -1.321756 -1.518466 -1.435084 -1.286665
 -1.745238 -1.198696 -1.468986 -1.225364
 -1.089803 -1.682864 -1.508512 -1.360092
 -1.185624 -1.424035 -2.284230 -1.044546
 -1.314836 -1.546636 -1.280934 -1.424035
 -1.848453 -1.082988 -1.317827 -1.442989
 -1.149906 -1.791758 -1.353505 -1.353505
 -1.116471 -2.019335 -1.549333 -1.116471
 -0.941610 -1.560647 -1.832579 -1.427116
 -1.867743 -1.444888 -1.410987 -1.005523
 -1.335001 -1.489151 -1.393842 -1.335001
 -1.184556 -1.609437 -1.670061 -1.184556
 -0.977536 -1.976060 -1.319284 -1.524078
 -1.701104 -1.624143 -1.364633 -1.007959
 -1.236763 -1.562184 -1.264934 -1.524444
 -1.011602 -1.432814 -1.838277 -1.432814
 -1.154183 -1.765090 -1.275543 -1.451433
 -1.671472 -1.363989 -1.363989 -1.201470
 -1.484734 -1.418043 -1.163151 -1.519825
 -1.171184 -1.966110 -1.714797 -0.994254
 -0.907558 -1.517322 -1.963607 -1.440361
 -2.028145 -1.403994 -1.209839 -1.125281
 -1.184873 -1.962575 -1.132230 -1.463586
 -1.217672 -1.252764 -1.876915 -1.326871
 -1.216396 -1.546636 -1.314836 -1.504077
 -1.815288 -1.492516 -1.222227 -1.146241
 -1.223776 -1.521026 -1.345136 -1.483286
 -1.048352 -1.741496 -1.630271 -1.278875
 -1.158205 -1.905417 -1.158205 -1.499953
 -1.560247 -1.223776 -1.688080 -1.168206
 -1.193923 -1.663925 -1.515506 -1.245216
 -1.163152 -1.673975 -1.925288 -1.037989
 -1.116962 -1.927889 -1.368276 -1.299283
 -1.679641 -1.187166 -1.592630 -1.187166
 -1.163151 -1.450833 -1.450833 -1.519825
 -1.186582 -1.781286 -1.781286 -1.027518
 -0.998530 -1.609437 -1.335001 -1.781286
 -1.749199 -1.213682 -1.263692 -1.400893
 -1.114361 -1.593933 -1.593933 -1.325670
 -1.197704 -1.262242 -1.773066 -1.405342
 -1.116962 -1.756040 -1.266494 -1.522426
 -1.885283 -1.134981 -1.351203 -1.317302
 -1.410200 -1.666132 -1.347680 -1.180626
 -1.154183 -1.765090 -1.765090 -1.071945
 -0.980831 -1.811176 -1.754017 -1.243194
 -1.902983 -1.517322 -1.403994 -0.952010
 -1.066352 -1.712977 -1.402824 -1.471816
 -1.223776 -1.609437 -2.044752 -0.976917
 -0.947383 -1.694594 -1.751752 -1.366092
 -1.649983 -1.256080 -1.188639 -1.520772
 -1.234279 -1.496642 -1.496642 -1.342492
 -1.139435 -1.514127 -1.771955 -1.237875
 -1.178656 -1.508896 -1.386294 -1.508896
 -1.679641 -1.081806 -1.438480 -1.438480
 -1.272966 -1.692818 -1.496109 -1.164753
 -1.007264 -1.972341 -1.854558 -1.081371
 -0.877452 -2.050167 -1.619387 -1.357024
 -1.854558 -1.412727 -1.412727 -1.031361
 -1.282395 -1.364633 -1.624143 -1.309063
 -0.980831 -1.742967 -1.609437 -1.386294
 -0.782097 -1.835242 -1.547562 -1.770704
 -1.680896 -1.287855 -1.239064 -1.393215
 -1.343735 -1.708377 -1.263692 -1.289668
 -1.277095 -1.425515 -1.811176 -1.147884
 -1.043043 -1.820745 -1.395864 -1.435084
 -1.472472 -1.136001 -1.695614 -1.324052
 -1.180626 -1.848453 -1.410200 -1.233270
 -1.190986 -1.680532 -1.791758 -1.069626
 -0.753774 -1.916920 -2.060020 -1.366876
 -1.190728 -1.461018 -1.532476 -1.394326
 -1.336284 -2.005331 -1.312187 -1.098613
 -1.646250 -1.585626 -1.374318 -1.051546
 -1.011602 -1.769284 -1.341843 -1.586964
 -2.087221 -1.122144 -1.304465 -1.276294
 -0.683670 -1.286665 -1.518466 -13.864305
 -1.258041 -0.662059 -1.609437 -13.764221
 -0.945644 -1.132230 -1.240443 -14.006134
 -1.144075 -0.762142 -1.537979 -14.115618
 -14.346141 -14.346141 -14.346141 -0.000002
 -14.403299 -14.403299 -14.403299 -0.000002
 -13.873783 -13.873783 -13.873783 -0.000003
 -1.386294 -1.386294 -1.386294 -1.386294
 -1.386294 -1.386294 -1.386294 -1.386294
 -1.386294 -1.386294 -1.386294 -1.386294
 -1.386294 -1.386294 -1.386294 -1.386294
 -0.946343 -0.491282 -15.332834 -15.332834
 -14.386493 -0.000002 -14.386493 -14.386493
 -14.841554 -0.000001 -14.841554 -14.841554
 -1.386294 -1.386294 -1.386294 -1.386294
 -1.386294 -1.386294 -1.386294 -1.386294
 -1.386294 -1.386294 -1.386294 -1.386294
 -0.000001 -15.332834 -15.332834 -15.332834
 -1.386294 -1.386294 -1.386294 -1.386294
 -1.386294 -1.386294 -1.386294 -1.386294
 -15.332834 -15.332834 -0.000001 -15.332834
 -1.386294 -1.386294 -1.386294 -1.386294
 -1.386294 -1.386294 -1.386294 -1.386294
 -1.386294 -1.386294 -1.386294 -1.386294
 -1.386294 -1.386294 -1.386294 -1.386294
 -1.386294 -1.386294 -1.386294 -1.386294
 -15.332834 -15.332834 -0.000001 -15.332834
 -1.386294 -1.386294 -1.386294 -1.386294
 -1.386294 -1.386294 -1.386294 -1.386294
 -1.386294 -1.386294 -1.386294 -1.386294
 -1.041089 -2.115159 -2.044955 -0.923996
 -1.386294 -1.386294 -1.386294 -1.386294
 -1.056053 -1.680206 -1.320204 -1.615668
 -1.368276 -1.368276 -1.234746 -1.609436
 -0.942046 -1.774949 -1.512587 -1.512587
 -1.228205 -1.831200 -1.560910 -1.087624
