 -1.038418 0.000100 0.000100 0.000100
 -2.057779 0.000100 0.000100 0.000100
 -1.924248 0.000100 0.000100 0.000100
 -0.988156 0.000100 0.000100 0.000100
 -1.140725 -1.935651 -1.935651 -0.937126
 -1.609435 -1.763583 -1.945902 -0.722140
 -0.798512 -2.079432 -2.302570 -1.123932
 -1.580450 -1.680532 -1.629239 -0.887305
 -1.399366 -1.635754 -1.945906 -0.878072
 -1.076142 -1.481604 -3.784099 -0.893821
 -1.053153 -1.681755 -3.068012 -0.870832
 -1.522426 -2.302580 -1.203973 -0.962812
 -1.112407 -1.805550 -1.805550 -1.071585
 -1.219242 -2.397879 -2.685553 -0.606141
 -0.714657 -2.058380 -2.058380 -1.365241
 -1.756040 -1.867265 -1.522426 -0.788459
 -0.785931 -1.971549 -2.983134 -1.037245
 -0.830353 -2.277252 -2.970375 -0.890977
 -1.098615 -2.014895 -2.197213 -0.862227
 -1.618487 -1.531476 -1.618487 -0.948331
 -1.321756 -1.504077 -2.708038 -0.810932
 -1.167607 -1.727217 -2.708026 -0.810934
 -1.299284 -1.887062 -1.887062 -0.857455
 -1.667706 -1.718999 -1.718999 -0.792240
 -1.069200 -2.412922 -2.412922 -0.738960
 -1.648656 -2.005327 -2.341794 -0.550051
 -1.417066 -2.397874 -2.110200 -0.606142
 -1.625966 -2.031429 -1.370034 -0.872197
 -1.341174 -1.609436 -2.564935 -0.773193
 -2.079429 -12.676089 -1.856290 -0.330250
 -1.189586 -2.730005 -1.631414 -0.832913
 -1.830673 -1.879463 -1.319849 -0.867865
 -0.934312 -1.945905 -2.639039 -0.934312
 -1.791754 -2.197211 -2.197211 -0.492483
 -1.424034 -2.043067 -2.197215 -0.656783
 -1.856296 -1.593933 -1.484734 -0.881740
 -1.066353 -1.913645 -3.012235 -0.778672
 -1.321756 -2.420352 -2.420352 -0.587792
 -1.458614 -2.151752 -1.681755 -0.765472
 -1.532476 -2.263360 -1.244795 -0.936495
 -1.252764 -1.945906 -2.862181 -0.664979
 -1.131405 -2.047681 -2.740803 -0.725943
 -1.533929 -2.833188 -1.533929 -0.673733
 -1.668526 -1.808287 -1.166435 -1.090450
 -1.450832 -1.961654 -2.212965 -0.662379
 -1.308334 -1.665004 -2.512283 -0.777710
 -1.609436 -2.908695 -1.704745 -0.573350
 -1.726161 -2.372784 -1.304949 -0.781702
 -1.209839 -1.963604 -13.253399 -0.577319
 -1.203975 -2.708014 -2.708014 -0.567992
 -1.553347 -1.754016 -1.386294 -1.006807
 -1.960834 -1.909541 -1.537978 -0.700584
 -0.889860 -2.233583 -4.025259 -0.767258
 -1.466336 -2.564926 -2.564926 -0.485514
 -1.076142 -1.992423 -2.397879 -0.839755
 -1.769779 -1.769779 -1.504077 -0.827739
 -1.203974 -1.945906 -2.862181 -0.693150
 -1.440361 -2.251277 -2.944399 -0.502098
 -1.335002 -2.944399 -1.845821 -0.641859
 -2.367118 -2.367118 -1.214445 -0.662377
 -0.367730 -1.312187 -3.258054 -13.161592
 -1.252765 -1.029624 -1.029624 -12.542560
 -0.916294 -1.514127 -0.967587 -13.122372
 -1.256242 -1.358896 -0.780160 -14.180157
 -0.965082 -1.945907 -4.653864 -0.762142
 -0.980831 -2.484895 -2.197217 -0.842681
 -1.355835 -2.009758 -1.684338 -0.861141
 -1.386294 -1.386294 -1.386294 -1.386294
 -1.386294 -1.813736 -4.521693 -0.551499
 -1.223777 -2.140053 -2.140053 -0.753777
 -1.504076 -2.602654 -2.602654 -0.462633
 -1.800057 -2.310879 -1.269430 -0.788459
 -1.081807 -1.679640 -13.287885 -0.745336
 -1.098615 -1.704743 -12.706860 -0.723925
 -1.410987 -2.327262 -2.327262 -0.578083
 -1.729883 -1.813264 -1.616555 -0.774374
 -13.400002 -13.400002 -13.400002 -0.000005
 -12.994539 -12.994539 -12.994539 -0.000007
 -12.676089 -12.676089 -12.676089 -0.000009
 -14.093145 -14.093145 -14.093145 -0.000002
 -1.386294 -1.386294 -1.386294 -1.386294
 -1.386294 -1.386294 -1.386294 -1.386294
 -1.386294 -1.386294 -1.386294 -1.386294
 -1.158781 -1.269323 -0.903598 -14.823470
 -13.664692 -13.664692 -13.664692 -0.000003
 -13.554151 -13.554151 -13.554151 -0.000004
 -13.919874 -13.919874 -13.919874 -0.000003
 -1.386294 -1.386294 -1.386294 -1.386294
 -1.386294 -1.386294 -1.386294 -1.386294
 -1.386294 -1.386294 -1.386294 -1.386294
 -1.386294 -1.386294 -1.386294 -1.386294
 -14.823470 -14.823470 -0.000001 -14.823470
 -1.386294 -1.386294 -1.386294 -1.386294
 -1.386294 -1.386294 -1.386294 -1.386294
 -14.823470 -0.000001 -14.823470 -14.823470
 -1.386294 -1.386294 -1.386294 -1.386294
 -1.386294 -1.386294 -1.386294 -1.386294
 -0.000001 -14.823470 -14.823470 -14.823470
 -1.386294 -1.386294 -1.386294 -1.386294
 -1.386294 -1.386294 -1.386294 -1.386294
 -14.823470 -14.823470 -0.000001 -14.823470
 -1.386294 -1.386294 -1.386294 -1.386294
 -1.386294 -1.386294 -1.386294 -1.386294
 -1.386294 -1.386294 -1.386294 -1.386294
 -1.386294 -1.386294 -1.386294 -1.386294
 -1.386294 -1.386294 -1.386294 -1.386294
 -1.158781 -2.245830 -0.842444 -1.899555
 -1.386294 -1.386294 -1.386294 -1.386294
 -1.276294 -2.374898 -1.746295 -0.790788
 -1.170074 -1.287856 -2.268664 -1.170074
 -1.336698 -1.880311 -1.880311 -0.838860
 -2.614936 -2.327262 -1.005525 -0.769138
 -1.069200 -2.125244 -1.565634 -1.113652
 -0.804377 -2.251277 -2.538951 -0.998532
 -1.292769 -3.238636 -0.936096 -1.223777
 -0.986496 -1.998093 -1.369487 -1.438480
 -1.420092 0.000100 0.000100 0.000100
 -1.582610 0.000100 0.000100 0.000100
 -1.484630 0.000100 0.000100 0.000100
 -1.119987 0.000100 0.000100 0.000100
 -1.290985 -1.742967 -1.049824 -1.609437
 -1.084015 -1.916918 -1.916918 -1.000634
 -1.272966 -2.014898 -1.226446 -1.226446
 -1.909540 -1.280934 -1.185624 -1.314836
 -1.271226 -2.327270 -1.315677 -1.039425
 -1.325670 -1.519825 -1.856294 -1.023391
 -1.313724 -1.642226 -1.397105 -1.236763
 -1.956836 -1.631416 -1.386294 -0.884204
 -1.024506 -2.054119 -1.958809 -0.989415
 -0.969403 -1.662545 -2.114525 -1.170073
 -0.860203 -2.159478 -2.054119 -1.098614
 -2.277262 -1.429969 -1.265667 -0.977985
 -1.027518 -1.663504 -1.663504 -1.335001
 -1.662546 -1.662546 -1.980996 -0.728242
 -1.166436 -1.808285 -1.338285 -1.338285
 -1.584119 -1.717650 -1.265667 -1.098613
 -0.921990 -2.079437 -1.432814 -1.432814
 -1.203974 -1.455287 -1.529394 -1.386294
 -0.791130 -1.678429 -1.609437 -1.832578
 -1.591088 -1.314836 -1.791758 -1.018571
 -1.290151 -1.695614 -1.359143 -1.257361
 -1.223776 -1.821609 -2.022278 -0.887305
 -1.160171 -1.371479 -1.639742 -1.432104
 -1.980998 -1.287855 -1.330414 -1.133705
 -1.327798 -1.585626 -1.240787 -1.423108
 -0.944464 -1.878767 -2.197217 -1.057792
 -1.346021 -1.457246 -1.199418 -1.582408
 -1.543686 -1.456675 -1.233532 -1.338892
 -1.076873 -1.871799 -1.143565 -1.677645
 -1.098614 -1.669155 -2.624654 -0.901904
 -1.211942 -1.386294 -1.597602 -1.386294
 -1.575535 -1.632694 -0.939549 -1.575535
 -0.991193 -1.741496 -1.396657 -1.578978
 -0.996335 -1.689478 -2.228469 -1.083346
 -1.307157 -1.446919 -1.498212 -1.307157
 -1.386294 -1.540444 -1.865865 -0.965083
 -1.277095 -2.447159 -1.118031 -1.178656
 -0.985819 -3.511501 -1.639742 -0.908858
 -1.252764 -1.840546 -1.840546 -0.924261
 -1.935651 -1.396657 -1.207416 -1.173514
 -1.087053 -1.621133 -1.509908 -1.409825
 -0.862227 -1.860747 -2.420352 -1.098614
 -1.276294 -1.363305 -1.681757 -1.276294
 -1.645155 -1.478102 -1.335001 -1.152680
 -1.247458 -1.978342 -1.142098 -1.365241
 -1.141173 -1.232144 -2.079436 -1.332227
 -1.015232 -1.669155 -1.289668 -1.749197
 -1.428854 -1.519825 -1.673975 -1.037989
 -1.150981 -1.945907 -1.183771 -1.449473
 -1.000634 -1.916918 -2.273589 -0.961413
 -0.963439 -1.765782 -1.558144 -1.440361
 -1.655422 -1.444114 -1.087440 -1.444114
 -1.329136 -1.629239 -1.098613 -1.580450
 -0.924951 -2.114525 -1.662545 -1.227231
 -0.835324 -1.474401 -1.853888 -1.710788
 -1.704746 -1.481604 -1.076141 -1.386294
 -0.911402 -1.329136 -1.098613 -13.835317
 -0.663297 -1.145134 -1.791756 -13.400002
 -0.788459 -1.299283 -1.299283 -13.687682
 -1.484274 -0.851754 -1.059393 -13.527834
 -1.417066 -1.791758 -1.076140 -1.386294
 -1.118031 -1.754017 -1.508896 -1.277095
 -1.221673 -1.720662 -1.221673 -1.462834
 -1.386294 -1.386294 -1.386294 -1.386294
 -1.211091 -1.652922 -1.547562 -1.211091
 -1.478101 -1.478101 -1.645154 -1.047321
 -1.067842 -1.791757 -1.428854 -1.386294
 -1.386294 -1.658227 -1.386294 -1.172721
 -1.418383 -1.462834 -1.462834 -1.221673
 -1.147404 -2.063687 -1.840546 -0.924261
 -1.373049 -1.427116 -1.484274 -1.272966
 -1.694594 -1.589234 -1.589234 -0.896090
 -13.592372 -13.592372 -13.592372 -0.000004
 -13.429854 -13.429854 -13.429854 -0.000004
 -13.444452 -13.444452 -13.444452 -0.000004
 -13.946543 -13.946543 -13.946543 -0.000003
 -1.386294 -1.386294 -1.386294 -1.386294
 -1.386294 -1.386294 -1.386294 -1.386294
 -1.386294 -1.386294 -1.386294 -1.386294
 -1.006328 -0.950089 -1.395399 -15.012460
 -14.006134 -14.006134 -14.006134 -0.000002
 -14.062374 -14.062374 -14.062374 -0.000002
 -13.617064 -13.617064 -13.617064 -0.000004
 -1.386294 -1.386294 -1.386294 -1.386294
 -1.386294 -1.386294 -1.386294 -1.386294
 -1.386294 -1.386294 -1.386294 -1.386294
 -1.386294 -1.386294 -1.386294 -1.386294
 -15.012460 -15.012460 -0.000001 -15.012460
 -1.386294 -1.386294 -1.386294 -1.386294
 -1.386294 -1.386294 -1.386294 -1.386294
 -15.012460 -0.000001 -15.012460 -15.012460
 -1.386294 -1.386294 -1.386294 -1.386294
 -1.386294 -1.386294 -1.386294 -1.386294
 -0.000001 -15.012460 -15.012460 -15.012460
 -1.386294 -1.386294 -1.386294 -1.386294
 -1.386294 -1.386294 -1.386294 -1.386294
 -15.012460 -15.012460 -0.000001 -15.012460
 -1.386294 -1.386294 -1.386294 -1.386294
 -1.386294 -1.386294 -1.386294 -1.386294
 -1.386294 -1.386294 -1.386294 -1.386294
 -1.386294 -1.386294 -1.386294 -1.386294
 -1.386294 -1.386294 -1.386294 -1.386294
 -0.989934 -1.324782 -1.890095 -1.553623
 -1.386294 -1.386294 -1.386294 -1.386294
 -1.285824 -1.978968 -1.174599 -1.285824
 -1.181501 -1.912384 -1.992426 -0.893820
 -1.427116 -1.714795 -1.832577 -0.867504
 -1.763586 -1.763586 -1.609436 -0.782762
 -1.146815 -1.877699 -1.041455 -1.734599
 -0.887306 -1.985909 -1.852379 -1.223777
 -1.504077 -1.232144 -1.386294 -1.443452
 -1.410987 -2.039593 -1.516347 -0.900163
