 -1.504077 0.000100 0.000100 0.000100
 -1.755391 0.000100 0.000100 0.000100
 -1.561235 0.000100 0.000100 0.000100
 -0.928714 0.000100 0.000100 0.000100
 -0.639086 -1.974072 -2.484884 -1.386294
 -1.134983 -2.233573 -3.332119 -0.624162
 -0.961415 -2.140053 -2.140053 -0.961415
 -1.673974 -1.450832 -1.519825 -1.023391
 -0.925772 -1.667704 -2.583980 -1.079922
 -1.098616 -2.602654 -2.602654 -0.656787
 -0.693156 -1.704741 -2.397863 -1.481603
 -1.696447 -2.148427 -1.149907 -0.958853
 -1.312187 -1.754016 -2.159475 -0.815753
 -1.749192 -2.036866 -12.345852 -0.362917
 -1.216398 -2.197206 -12.506192 -0.523257
 -1.609436 -1.696447 -1.609436 -0.875471
 -0.998532 -1.152682 -2.944399 -1.335002
 -1.312187 -3.258012 -2.159466 -0.550055
 -0.810940 -12.100735 -2.197197 -0.810940
 -2.302577 -1.984127 -1.246533 -0.744443
 -1.531475 -1.413693 -2.001471 -0.902872
 -0.980835 -1.568613 -2.079425 -1.232146
 -1.455286 -2.014891 -2.708014 -0.567992
 -1.429466 -2.065450 -1.864781 -0.736322
 -1.148625 -1.634128 -2.614936 -0.880363
 -1.504076 -2.197206 -2.602654 -0.523257
 -1.252765 -1.945896 -1.658222 -0.965087
 -1.987870 -1.987870 -1.199418 -0.856474
 -1.070444 -2.456714 -12.765700 -0.559622
 -1.386294 -12.388411 -3.177970 -0.344851
 -1.354546 -2.335355 -2.047681 -0.661405
 -2.484895 -1.791757 -1.504077 -0.639083
 -0.900791 -2.079429 -2.772551 -0.900791
 -1.504075 -2.197197 -2.890294 -0.492490
 -0.965087 -12.254882 -3.044441 -0.559627
 -1.871799 -2.025949 -1.802807 -0.598839
 -1.178657 -2.054114 -2.277252 -0.773195
 -1.791748 -2.197197 -2.890294 -0.405479
 -1.845814 -2.251263 -2.251263 -0.459545
 -2.257116 -1.681757 -1.815287 -0.604202
 -0.897947 -2.197206 -12.506192 -0.730895
 -1.609434 -2.120246 -3.218792 -0.446297
 -2.351344 -12.254882 -1.658222 -0.336485
 -2.090736 -1.655422 -1.353142 -0.851052
 -1.170074 -1.421385 -3.367210 -0.882395
 -2.442314 -1.526054 -2.442314 -0.496447
 -2.233573 -2.233573 -1.386294 -0.624162
 -2.797266 -2.327270 -1.362197 -0.535521
 -1.558141 -1.335002 -2.944360 -0.747224
 -1.526054 -2.442314 -1.526054 -0.737607
 -1.824542 -2.335355 -2.335355 -0.438263
 -2.186046 -1.780584 -1.655422 -0.638491
 -12.388411 -12.388411 -12.388411 -0.000012
 -12.429233 -12.429233 -12.429233 -0.000012
 -12.468452 -12.468452 -12.468452 -0.000012
 -13.676253 -13.676253 -13.676253 -0.000003
 -1.386294 -1.386294 -1.386294 -1.386294
 -1.386294 -1.386294 -1.386294 -1.386294
 -1.386294 -1.386294 -1.386294 -1.386294
 -14.297939 -14.297939 -14.297939 -0.000002
 -1.386294 -1.386294 -1.386294 -1.386294
 -1.386294 -1.386294 -1.386294 -1.386294
 -1.386294 -1.386294 -1.386294 -1.386294
 -2.602684 -1.755391 -1.424035 -0.668757
 -1.098621 -2.484840 -11.695280 -0.539016
 -1.722761 -1.540443 -2.233573 -0.693154
 -1.466336 -2.054114 -1.717647 -0.773195
 -2.020941 -1.646250 -1.423108 -0.835324
 -1.757852 -1.757852 -12.577650 -0.422865
 -1.945899 -1.945899 -12.542560 -0.336482
 -1.791753 -12.611551 -1.321757 -0.567992
 -2.371569 -2.525717 -1.098614 -0.706573
 -0.336485 -1.658222 -2.351344 -12.254882
 -1.098619 -0.628623 -2.014880 -11.918417
 -0.931563 -1.193925 -1.193925 -12.706861
 -1.441557 -1.236763 -0.748412 -13.742944
 -0.916293 -2.397882 -13.217681 -0.675132
 -1.406914 -1.812374 -2.793183 -0.633728
 -1.757855 -2.961804 -1.352393 -0.659249
 -1.386294 -1.386294 -1.386294 -1.386294
 -1.076142 -1.992423 -3.091002 -0.739672
 -1.163156 -11.982954 -2.772514 -0.470019
 -1.280936 -2.890294 -1.504075 -0.810940
 -1.945907 -1.945907 -1.098614 -0.965083
 -0.392049 -1.126014 -12.821269 -12.821269
 -0.546556 -1.558141 -1.558141 -12.154800
 -0.722140 -2.169040 -0.916295 -12.765699
 -1.084628 -1.004585 -1.218158 -13.473026
 -0.606139 -2.552034 -2.146575 -1.348073
 -0.693151 -2.730004 -1.631414 -1.430746
 -1.178657 -2.564926 -0.830353 -1.717647
 -1.386294 -1.386294 -1.386294 -1.386294
 -13.554151 -0.000004 -13.554151 -13.554151
 -11.695280 -0.000025 -11.695280 -11.695280
 -12.765699 -0.000009 -12.765699 -12.765699
 -12.847937 -0.000008 -12.847937 -12.847937
 -1.386294 -1.386294 -1.386294 -1.386294
 -0.000002 -14.297939 -14.297939 -14.297939
 -1.386294 -1.386294 -1.386294 -1.386294
 -1.386294 -1.386294 -1.386294 -1.386294
 -14.297939 -14.297939 -0.000002 -14.297939
 -1.386294 -1.386294 -1.386294 -1.386294
 -1.386294 -1.386294 -1.386294 -1.386294
 -1.386294 -1.386294 -1.386294 -1.386294
 -1.386294 -1.386294 -1.386294 -1.386294
 -1.386294 -1.386294 -1.386294 -1.386294
 -0.533721 -1.561235 -14.297939 -1.591088
 -1.386294 -1.386294 -1.386294 -1.386294
 -1.295781 -2.251286 -1.462834 -0.942961
 -1.223777 -2.140053 -1.916914 -0.818315
 -1.386294 -1.386294 -1.386294 -1.386294
 -1.887062 -1.704744 -1.193925 -1.011605
 -0.669055 -1.767657 -3.020385 -1.315677
 -0.916298 -1.897107 -1.609433 -1.386294
 -1.531475 -1.819153 -1.045972 -1.308334
 -1.856294 -1.760985 -1.519825 -0.791590
 -1.303729 0.000100 0.000100 0.000100
 -1.633687 0.000100 0.000100 0.000100
 -1.447585 0.000100 0.000100 0.000100
 -1.210203 0.000100 0.000100 0.000100
 -1.128466 -1.753293 -1.419520 -1.341559
 -1.188935 -1.522426 -2.026330 -1.062895
 -1.160890 -1.729582 -1.554378 -1.210282
 -1.774059 -1.568616 -1.306252 -1.046427
 -1.098613 -1.852383 -1.446919 -1.292768
 -1.273621 -1.746908 -1.918758 -0.918588
 -1.102621 -1.692819 -1.551169 -1.301953
 -1.661775 -1.509759 -1.692080 -0.903624
 -1.131083 -1.834180 -1.291856 -1.415470
 -1.219973 -1.585907 -1.881370 -1.056649
 -1.126012 -1.689105 -1.470852 -1.342234
 -1.771033 -1.272592 -1.445611 -1.157929
 -1.160488 -1.875140 -1.347074 -1.297063
 -1.236302 -1.678134 -2.188958 -0.889678
 -1.057019 -1.772638 -1.665007 -1.226095
 -1.877936 -1.383241 -1.446155 -1.019276
 -1.251120 -1.746735 -1.542640 -1.121908
 -1.285553 -1.508696 -1.742310 -1.117218
 -1.085709 -1.681217 -1.778855 -1.179738
 -1.783791 -1.331806 -1.678430 -0.964082
 -1.358895 -1.673976 -1.400281 -1.174324
 -1.050411 -1.642913 -1.909541 -1.175574
 -1.093907 -1.773066 -1.572396 -1.245713
 -1.716536 -1.593933 -1.277814 -1.083108
 -1.234536 -1.749199 -1.423777 -1.223107
 -1.276294 -1.815289 -1.478818 -1.107959
 -1.075623 -2.118971 -1.318853 -1.304464
 -1.829066 -1.417771 -1.394781 -1.051836
 -1.346020 -1.442647 -1.472061 -1.294727
 -1.159237 -1.734600 -1.791759 -1.069625
 -1.161713 -1.889951 -1.437966 -1.208781
 -1.896175 -1.271348 -1.400560 -1.130270
 -1.203973 -1.664497 -1.430097 -1.304056
 -1.271225 -1.394458 -1.744131 -1.214872
 -1.219846 -1.530001 -1.362947 -1.459797
 -1.706190 -1.383417 -1.394977 -1.139795
 -1.242507 -1.761300 -1.424828 -1.207415
 -1.241113 -1.783977 -1.783977 -0.980830
 -1.220715 -1.780330 -1.316025 -1.316025
 -1.794899 -1.622056 -1.322540 -0.994507
 -1.488573 -1.585423 -1.220309 -1.293513
 -1.255266 -1.660731 -1.634755 -1.108663
 -1.300528 -1.699166 -1.300528 -1.300528
 -1.696694 -1.572396 -1.405343 -1.010928
 -1.397767 -1.445020 -1.445020 -1.268089
 -1.187664 -1.823652 -1.769585 -1.012723
 -1.268512 -1.519826 -1.552086 -1.244120
 -1.877483 -1.147969 -1.423817 -1.241495
 -14.801329 -14.801329 -14.801329 -0.000001
 -14.819814 -14.819814 -14.819814 -0.000001
 -14.715673 -14.715673 -14.715673 -0.000001
 -15.039288 -15.039288 -15.039288 -0.000001
 -1.386294 -1.386294 -1.386294 -1.386294
 -1.386294 -1.386294 -1.386294 -1.386294
 -1.386294 -1.386294 -1.386294 -1.386294
 -16.237656 -16.237656 -16.237656 -0.000000
 -1.386294 -1.386294 -1.386294 -1.386294
 -1.386294 -1.386294 -1.386294 -1.386294
 -1.386294 -1.386294 -1.386294 -1.386294
 -1.567729 -1.374825 -1.392525 -1.237354
 -1.300703 -1.254893 -1.746013 -1.316451
 -1.186581 -1.478102 -2.041570 -1.088141
 -1.157453 -1.664497 -1.507655 -1.290984
 -1.527280 -1.541465 -1.383241 -1.145570
 -1.182696 -1.676129 -1.502466 -1.259236
 -0.997969 -1.712622 -1.827691 -1.237199
 -0.995959 -1.618487 -1.791759 -1.325140
 -1.639291 -1.434496 -1.363037 -1.165507
 -0.937281 -1.502595 -0.952549 -15.030424
 -0.680133 -1.229030 -1.605080 -14.644064
 -0.810931 -1.265667 -1.296438 -14.665664
 -1.126521 -1.010837 -1.164988 -15.000301
 -1.164025 -2.156576 -1.331079 -1.178109
 -1.036370 -1.939812 -1.662825 -1.164988
 -1.030790 -2.050620 -1.403994 -1.313022
 -1.386294 -1.386294 -1.386294 -1.386294
 -0.994040 -1.899747 -1.431940 -1.421011
 -1.037988 -1.673975 -1.974079 -1.141173
 -0.914420 -1.737100 -1.780585 -1.367741
 -1.483397 -1.523671 -1.483397 -1.113650
 -0.711991 -1.461018 -1.282535 -15.137267
 -0.555947 -1.207247 -2.060022 -14.528462
 -0.586926 -1.783175 -1.287854 -14.657080
 -0.951722 -0.919461 -1.536234 -14.966084
 -1.207603 -1.882731 -1.501364 -1.120591
 -1.161236 -1.939540 -1.896055 -0.934019
 -1.149504 -1.718196 -1.598052 -1.198897
 -1.386294 -1.386294 -1.386294 -1.386294
 -15.056780 -0.000001 -15.056780 -15.056780
 -14.380827 -0.000002 -14.380827 -14.380827
 -14.617514 -0.000001 -14.617514 -14.617514
 -15.155762 -0.000001 -15.155762 -15.155762
 -1.386294 -1.386294 -1.386294 -1.386294
 -0.000000 -16.237656 -16.237656 -16.237656
 -1.386294 -1.386294 -1.386294 -1.386294
 -1.386294 -1.386294 -1.386294 -1.386294
 -16.237656 -16.237656 -0.000000 -16.237656
 -1.386294 -1.386294 -1.386294 -1.386294
 -1.386294 -1.386294 -1.386294 -1.386294
 -1.386294 -1.386294 -1.386294 -1.386294
 -1.386294 -1.386294 -1.386294 -1.386294
 -1.386294 -1.386294 -1.386294 -1.386294
 -0.843166 -1.350561 -16.237656 -1.169381
 -1.386294 -1.386294 -1.386294 -1.386294
 -1.293800 -2.041013 -1.140724 -1.286309
 -1.307306 -1.805552 -1.987873 -0.848441
 -1.386294 -1.386294 -1.386294 -1.386294
 -1.553868 -1.668278 -1.272966 -1.139435
 -1.091644 -1.918321 -1.273965 -1.436484
 -0.956643 -1.880311 -1.710413 -1.264127
 -1.035782 -1.748346 -1.553038 -1.349439
 -1.612137 -1.639536 -1.461855 -0.981729
