 -1.238659 0.000100 0.000100 0.000100
 -2.034988 0.000100 0.000100 0.000100
 -1.615135 0.000100 0.000100 0.000100
 -0.965792 0.000100 0.000100 0.000100
 -1.041456 -2.322376 -1.734598 -0.987389
 -1.343735 -1.749192 -2.442314 -0.737607
 -1.157455 -2.456714 -1.763583 -0.847303
 -1.496642 -2.595241 -1.639742 -0.678335
 -0.867504 -1.832577 -2.813385 -1.021654
 -2.833137 -2.833137 -2.833137 -0.194172
 -1.321757 -2.708014 -1.791753 -0.693154
 -1.479076 -2.172217 -1.536234 -0.814102
 -0.780162 -1.791755 -2.772564 -1.163152
 -1.203976 -2.302555 -2.995652 -0.597848
 -0.693155 -3.258012 -1.648654 -1.312187
 -1.462280 -2.209488 -1.315677 -0.940985
 -0.693150 -1.791756 -2.148427 -1.529394
 -1.386294 -12.206093 -1.897107 -0.510837
 -0.869043 -2.335355 -2.335355 -0.949085
 -1.776489 -2.228469 -1.284016 -0.807094
 -1.244325 -1.679640 -2.468086 -0.819444
 -1.609433 -2.302555 -2.995652 -0.430795
 -0.869043 -2.335355 -2.335355 -0.949085
 -1.791756 -1.550596 -1.992425 -0.723922
 -1.098615 -3.113474 -2.708026 -0.587792
 -1.455286 -1.455286 -1.791753 -1.003306
 -1.098618 -12.100735 -1.791748 -0.693158
 -2.116250 -1.779781 -1.585626 -0.681173
 -1.558143 -1.845821 -3.637497 -0.502098
 -1.343735 -2.442314 -1.749192 -0.737607
 -1.252765 -1.945899 -1.386294 -1.134983
 -1.632694 -2.386459 -1.575535 -0.681721
 -1.584118 -1.360977 -2.277252 -0.830353
 -1.386294 -1.609433 -2.995652 -0.693157
 -1.791753 -2.708014 -2.302565 -0.405474
 -1.693318 -1.521469 -1.693318 -0.882391
 -1.580448 -1.580448 -2.140053 -0.753777
 -1.252764 -1.609435 -3.555259 -0.722140
 -1.791751 -2.079425 -1.568613 -0.693156
 -2.221610 -2.339391 -1.374318 -0.612181
 -1.321757 -1.609435 -2.302565 -0.836254
 -0.916297 -2.120246 -2.120246 -1.021656
 -1.642224 -2.335355 -1.824542 -0.600781
 -1.860750 -2.101910 -1.364316 -0.762142
 -1.558143 -1.845821 -2.251277 -0.641859
 -1.189587 -1.526054 -3.135412 -0.832916
 -1.916914 -2.140053 -1.446918 -0.693153
 -2.315000 -2.602678 -1.349927 -0.565811
 -1.252765 -3.332119 -2.639022 -0.499000
 -2.351344 -1.945896 -2.351344 -0.405477
 -1.223777 -2.140053 -2.140053 -0.753777
 -2.335368 -1.488077 -1.354546 -0.869040
 -12.577650 -12.577650 -12.577650 -0.000010
 -12.577650 -12.577650 -12.577650 -0.000010
 -12.676089 -12.676089 -12.676089 -0.000009
 -13.664692 -13.664692 -13.664692 -0.000003
 -1.386294 -1.386294 -1.386294 -1.386294
 -1.386294 -1.386294 -1.386294 -1.386294
 -1.386294 -1.386294 -1.386294 -1.386294
 -14.380827 -14.380827 -14.380827 -0.000002
 -1.386294 -1.386294 -1.386294 -1.386294
 -1.386294 -1.386294 -1.386294 -1.386294
 -1.386294 -1.386294 -1.386294 -1.386294
 -2.079439 -2.079439 -1.409284 -0.681849
 -1.704741 -1.481603 -12.301401 -0.526104
 -1.704741 -2.397863 -12.301401 -0.318466
 -1.969433 -2.662564 -0.927990 -0.927990
 -2.090736 -1.655422 -1.022902 -1.121342
 -1.832572 -1.021656 -12.429233 -0.733977
 -1.909532 -2.602654 -2.197206 -0.405474
 -1.589233 -2.505509 -1.326871 -0.800781
 -2.238039 -1.832578 -1.098614 -0.916293
 -12.468452 -12.468452 -12.468452 -0.000012
 -12.506192 -12.506192 -12.506192 -0.000011
 -12.923923 -12.923923 -12.923923 -0.000007
 -13.617064 -13.617064 -13.617064 -0.000004
 -1.386294 -1.386294 -1.386294 -1.386294
 -1.386294 -1.386294 -1.386294 -1.386294
 -1.386294 -1.386294 -1.386294 -1.386294
 -1.912386 -2.531422 -1.092947 -0.826680
 -0.619047 -0.860207 -3.258012 -12.468452
 -0.693161 -1.252766 -1.540440 -11.849426
 -0.745336 -1.679640 -1.081807 -13.287885
 -1.348073 -1.165753 -0.847300 -13.554151
 -0.342290 -1.289668 -4.234012 -13.444452
 -0.579823 -0.867504 -3.911931 -13.122372
 -0.577319 -1.558143 -1.478101 -13.253399
 -1.386294 -1.386294 -1.386294 -1.386294
 -0.684017 -2.293447 -2.126395 -1.290151
 -0.773193 -3.951151 -1.466336 -1.243194
 -1.098619 -11.918417 -1.609431 -0.762152
 -1.386294 -1.386294 -1.386294 -1.386294
 -13.641162 -0.000004 -13.641162 -13.641162
 -11.695280 -0.000025 -11.695280 -11.695280
 -12.542559 -0.000011 -12.542559 -12.542559
 -13.161592 -0.000006 -13.161592 -13.161592
 -1.386294 -1.386294 -1.386294 -1.386294
 -0.000002 -14.380827 -14.380827 -14.380827
 -1.386294 -1.386294 -1.386294 -1.386294
 -1.386294 -1.386294 -1.386294 -1.386294
 -14.380827 -14.380827 -0.000002 -14.380827
 -1.386294 -1.386294 -1.386294 -1.386294
 -1.386294 -1.386294 -1.386294 -1.386294
 -1.386294 -1.386294 -1.386294 -1.386294
 -1.386294 -1.386294 -1.386294 -1.386294
 -1.386294 -1.386294 -1.386294 -1.386294
 -1.363822 -2.337267 -0.595774 -2.337267
 -1.386294 -1.386294 -1.386294 -1.386294
 -1.504076 -2.197213 -1.609436 -0.762144
 -1.446918 -2.833137 -1.223779 -0.887312
 -1.173514 -1.935651 -1.316615 -1.278875
 -12.043577 -1.446918 -1.223779 -0.753783
 -0.839754 -2.174741 -1.586963 -1.386294
 -0.613113 -3.177970 -1.791751 -1.386294
 -0.862227 -2.708026 -1.321756 -1.408767
 -1.252764 -2.063687 -1.252764 -1.198697
 -1.328850 0.000100 0.000100 0.000100
 -1.606870 0.000100 0.000100 0.000100
 -1.646091 0.000100 0.000100 0.000100
 -1.073231 0.000100 0.000100 0.000100
 -1.200742 -1.744356 -1.376632 -1.302525
 -0.989415 -1.958809 -1.412270 -1.412270
 -1.272966 -1.609437 -1.484274 -1.226446
 -2.182295 -1.424613 -1.456362 -0.883017
 -1.098613 -1.519825 -1.519825 -1.473305
 -1.497519 -1.335001 -1.622682 -1.152681
 -1.006240 -1.824547 -1.893539 -1.131403
 -1.642227 -1.601405 -1.386294 -1.036093
 -1.146469 -1.628305 -1.677095 -1.207094
 -0.993253 -2.091859 -1.909539 -1.027155
 -1.450010 -1.504077 -1.686397 -1.027155
 -1.651996 -1.491655 -1.290985 -1.176574
 -1.331235 -1.890848 -1.137079 -1.331235
 -1.195240 -1.765782 -2.028143 -0.929538
 -1.049824 -1.491654 -1.673975 -1.437587
 -1.848453 -1.347680 -1.378451 -1.106518
 -1.337023 -2.030167 -1.337023 -1.068760
 -1.246533 -1.742967 -1.742967 -1.014732
 -1.143565 -1.566420 -1.332806 -1.566420
 -1.601069 -1.734600 -1.345136 -1.017924
 -1.069626 -1.916920 -1.329136 -1.406097
 -1.113652 -1.639742 -2.007463 -1.069200
 -1.057371 -2.068966 -1.558144 -1.152680
 -1.995098 -1.331806 -1.272966 -1.139435
 -1.117482 -1.537334 -1.376992 -1.581786
 -1.112407 -2.498689 -1.651400 -0.923166
 -1.291984 -2.025949 -1.620487 -0.927342
 -1.726161 -1.403389 -1.244325 -1.244325
 -1.475906 -1.609437 -1.286665 -1.219974
 -1.252764 -1.609436 -2.051265 -0.952660
 -1.165305 -1.441557 -1.354546 -1.642226
 -1.905417 -1.537694 -1.361803 -0.967150
 -1.466337 -1.677645 -1.419817 -1.076873
 -1.283347 -1.853888 -2.020941 -0.835324
 -1.313724 -1.488077 -1.893539 -1.036093
 -1.585145 -1.370034 -1.508184 -1.140460
 -1.109309 -2.058384 -1.710080 -1.016936
 -1.634129 -1.698667 -1.462280 -0.940985
 -1.308333 -1.470851 -1.531476 -1.259543
 -1.756419 -1.533276 -1.150285 -1.220902
 -1.419817 -1.871799 -1.252764 -1.143565
 -1.413693 -1.906166 -1.413693 -1.008230
 -1.306252 -1.673975 -1.130362 -1.519825
 -1.856296 -1.807506 -1.138459 -1.023390
 -1.318853 -1.363305 -1.681757 -1.235472
 -1.268512 -1.760985 -1.760985 -0.980831
 -1.709066 -1.618095 -1.534714 -0.903444
 -2.104131 -1.285824 -1.315677 -1.098613
 -13.554151 -13.554151 -13.554151 -0.000004
 -13.710155 -13.710155 -13.710155 -0.000003
 -13.652996 -13.652996 -13.652996 -0.000004
 -14.130324 -14.130324 -14.130324 -0.000002
 -1.386294 -1.386294 -1.386294 -1.386294
 -1.386294 -1.386294 -1.386294 -1.386294
 -1.386294 -1.386294 -1.386294 -1.386294
 -15.173921 -15.173921 -15.173921 -0.000001
 -1.386294 -1.386294 -1.386294 -1.386294
 -1.386294 -1.386294 -1.386294 -1.386294
 -1.386294 -1.386294 -1.386294 -1.386294
 -1.938227 -1.420285 -1.441791 -0.973147
 -1.945905 -1.317302 -1.317302 -1.134982
 -1.598855 -1.365241 -1.978342 -0.905710
 -1.477266 -1.577349 -1.302913 -1.225952
 -1.732335 -1.326871 -1.140286 -1.435084
 -1.359626 -1.413693 -1.596014 -1.213024
 -1.483668 -1.530188 -2.176811 -0.813513
 -1.139435 -1.660730 -2.407938 -0.916292
 -1.551808 -1.369487 -1.592630 -1.107124
 -13.795312 -13.795312 -13.795312 -0.000003
 -13.687682 -13.687682 -13.687682 -0.000003
 -13.287885 -13.287885 -13.287885 -0.000005
 -14.180157 -14.180157 -14.180157 -0.000002
 -1.386294 -1.386294 -1.386294 -1.386294
 -1.386294 -1.386294 -1.386294 -1.386294
 -1.386294 -1.386294 -1.386294 -1.386294
 -1.520928 -1.532762 -1.309619 -1.218647
 -0.916292 -1.398129 -1.041455 -13.652996
 -0.741940 -0.996831 -1.865865 -13.641162
 -0.683670 -1.820745 -1.098613 -13.864305
 -1.343735 -0.983733 -1.007264 -13.955276
 -0.765788 -1.472727 -1.185045 -14.266589
 -0.544114 -1.422662 -1.722765 -13.928843
 -0.510828 -1.609437 -1.609437 -13.997835
 -1.386294 -1.386294 -1.386294 -1.386294
 -1.358124 -2.051269 -1.475906 -0.952659
 -1.247033 -2.519988 -1.980998 -0.704710
 -1.025282 -2.123888 -1.688574 -1.087803
 -1.386294 -1.386294 -1.386294 -1.386294
 -13.928843 -0.000003 -13.928843 -13.928843
 -13.017012 -0.000007 -13.017012 -13.017012
 -13.554151 -0.000004 -13.554151 -13.554151
 -14.253768 -0.000002 -14.253768 -14.253768
 -1.386294 -1.386294 -1.386294 -1.386294
 -0.000001 -15.173921 -15.173921 -15.173921
 -1.386294 -1.386294 -1.386294 -1.386294
 -1.386294 -1.386294 -1.386294 -1.386294
 -15.173921 -15.173921 -0.000001 -15.173921
 -1.386294 -1.386294 -1.386294 -1.386294
 -1.386294 -1.386294 -1.386294 -1.386294
 -1.386294 -1.386294 -1.386294 -1.386294
 -1.386294 -1.386294 -1.386294 -1.386294
 -1.386294 -1.386294 -1.386294 -1.386294
 -1.058305 -1.486242 -1.758886 -1.368459
 -1.386294 -1.386294 -1.386294 -1.386294
 -1.098613 -1.960834 -1.769779 -1.034075
 -1.145133 -1.586964 -2.174746 -1.011602
 -1.496642 -2.007463 -2.258774 -0.621177
 -1.504077 -1.887067 -1.599387 -0.857452
 -1.266494 -1.756040 -0.986910 -1.756040
 -1.220503 -1.808285 -1.277661 -1.338285
 -0.762143 -2.148427 -1.609436 -1.529394
 -1.628607 -1.730389 -1.324926 -1.019544
