 -1.342998 0.000100 0.000100 0.000100
 -2.019336 0.000100 0.000100 0.000100
 -1.986546 0.000100 0.000100 0.000100
 -0.757097 0.000100 0.000100 0.000100
 -1.081807 -1.880309 -1.998090 -0.986497
 -1.609435 -2.014891 -3.401111 -0.456767
 -0.949085 -2.335355 -2.740803 -0.794936
 -1.444563 -2.098486 -1.405342 -0.925771
 -1.147404 -1.658226 -1.658226 -1.198697
 -1.757852 -1.980990 -3.367210 -0.422865
 -0.777709 -2.512283 -2.001471 -1.126014
 -1.741496 -1.866658 -1.355835 -0.885833
 -1.033017 -1.592629 -2.131620 -1.133100
 -0.961415 -2.140053 -3.526272 -0.753777
 -1.122145 -2.151752 -3.068012 -0.670162
 -1.666595 -1.727219 -1.504077 -0.888893
 -1.466336 -2.094939 -2.094939 -0.648030
 -1.531475 -2.224609 -2.001471 -0.615192
 -0.916296 -1.791753 -2.014891 -1.203975
 -1.652922 -2.058384 -1.452252 -0.805627
 -0.834801 -1.773064 -2.360842 -1.197704
 -1.575534 -1.757852 -1.757852 -0.802353
 -1.466336 -2.277252 -1.717647 -0.719128
 -1.475906 -1.658227 -1.820745 -0.869772
 -1.293922 -1.824546 -2.181216 -0.794933
 -1.335002 -2.028139 -2.028139 -0.747219
 -1.128468 -2.833175 -1.580448 -0.887308
 -2.219198 -2.324557 -1.189585 -0.715128
 -1.232145 -1.673974 -2.772564 -0.780162
 -1.648654 -2.564915 -2.564915 -0.424893
 -1.652920 -2.058380 -1.652920 -0.714658
 -2.256060 -1.881369 -1.188225 -0.825321
 -1.265668 -1.871796 -2.564926 -0.719128
 -1.704744 -1.417066 -2.397874 -0.723925
 -1.189586 -3.135453 -1.631414 -0.784123
 -1.737691 -1.737691 -1.424035 -0.897943
 -1.347074 -1.832577 -2.302573 -0.733973
 -1.763583 -1.763583 -2.456714 -0.559622
 -1.634128 -3.713482 -1.516346 -0.578083
 -2.040217 -1.897117 -1.427116 -0.733971
 -0.980833 -1.897113 -2.590244 -0.916295
 -1.203975 -1.098616 -3.401111 -1.098616
 -2.104124 -1.921806 -2.104124 -0.494702
 -1.854558 -1.972341 -1.800491 -0.617800
 -1.904232 -1.652920 -2.463837 -0.554316
 -1.691672 -1.335002 -2.944399 -0.693152
 -1.540443 -2.233573 -1.540443 -0.767262
 -2.329487 -1.894172 -1.360092 -0.702038
 -1.354546 -1.642224 -2.740803 -0.725943
 -1.466336 -1.717647 -1.871796 -0.830353
 -1.921806 -2.327262 -1.767657 -0.535524
 -1.972341 -1.854558 -1.566878 -0.701883
 -12.873912 -12.873912 -12.873912 -0.000008
 -12.765700 -12.765700 -12.765700 -0.000009
 -12.873912 -12.873912 -12.873912 -0.000008
 -13.937732 -13.937732 -13.937732 -0.000003
 -1.386294 -1.386294 -1.386294 -1.386294
 -1.386294 -1.386294 -1.386294 -1.386294
 -1.386294 -1.386294 -1.386294 -1.386294
 -14.630877 -14.630877 -14.630877 -0.000001
 -1.386294 -1.386294 -1.386294 -1.386294
 -1.386294 -1.386294 -1.386294 -1.386294
 -1.386294 -1.386294 -1.386294 -1.386294
 -2.285038 -1.865186 -1.326191 -0.738405
 -1.056058 -1.343735 -12.345852 -0.938276
 -1.609435 -1.609435 -3.555259 -0.559622
 -1.321756 -2.995706 -1.321756 -0.875471
 -1.974078 -1.591088 -1.424035 -0.875470
 -1.120593 -1.882726 -13.038990 -0.650592
 -1.440361 -1.691672 -12.847937 -0.546550
 -1.458614 -2.374890 -2.151752 -0.583151
 -2.110209 -1.599387 -1.504077 -0.788459
 -13.038991 -13.038991 -13.038991 -0.000007
 -12.847937 -12.847937 -12.847937 -0.000008
 -12.506192 -12.506192 -12.506192 -0.000011
 -13.955276 -13.955276 -13.955276 -0.000003
 -1.386294 -1.386294 -1.386294 -1.386294
 -1.386294 -1.386294 -1.386294 -1.386294
 -1.386294 -1.386294 -1.386294 -1.386294
 -2.424799 -1.954798 -1.377484 -0.658362
 -12.206093 -12.206093 -12.206093 -0.000015
 -12.676089 -12.676089 -12.676089 -0.000009
 -13.253399 -13.253399 -13.253399 -0.000005
 -13.972518 -13.972518 -13.972518 -0.000003
 -1.386294 -1.386294 -1.386294 -1.386294
 -1.386294 -1.386294 -1.386294 -1.386294
 -1.386294 -1.386294 -1.386294 -1.386294
 -1.230881 -1.261652 -0.856188 -14.630877
 -0.723922 -1.992425 -2.580203 -1.193923
 -1.325670 -2.212965 -2.079435 -0.693150
 -1.197053 -3.465707 -0.714203 -1.731133
 -1.386294 -1.386294 -1.386294 -1.386294
 -13.567055 -0.000004 -13.567055 -13.567055
 -12.154800 -0.000016 -12.154800 -12.154800
 -13.304691 -0.000005 -13.304691 -13.304691
 -13.444452 -0.000004 -13.444452 -13.444452
 -1.386294 -1.386294 -1.386294 -1.386294
 -0.000001 -14.630877 -14.630877 -14.630877
 -1.386294 -1.386294 -1.386294 -1.386294
 -1.386294 -1.386294 -1.386294 -1.386294
 -14.630877 -14.630877 -0.000001 -14.630877
 -1.386294 -1.386294 -1.386294 -1.386294
 -1.386294 -1.386294 -1.386294 -1.386294
 -1.386294 -1.386294 -1.386294 -1.386294
 -1.386294 -1.386294 -1.386294 -1.386294
 -1.386294 -1.386294 -1.386294 -1.386294
 -1.246148 -1.894173 -0.887936 -1.894173
 -1.386294 -1.386294 -1.386294 -1.386294
 -1.535329 -1.689478 -1.284016 -1.129866
 -1.734596 -1.734596 -2.140053 -0.635995
 -1.098613 -1.699385 -1.824547 -1.131403
 -1.916914 -1.916914 -1.223777 -0.887308
 -0.934312 -1.828123 -1.828123 -1.252764
 -1.123932 -2.590244 -1.897113 -0.798512
 -0.759109 -2.463837 -1.285199 -1.770702
 -1.528468 -1.779781 -1.160745 -1.199966
 -1.375365 0.000100 0.000100 0.000100
 -1.648658 0.000100 0.000100 0.000100
 -1.540445 0.000100 0.000100 0.000100
 -1.076873 0.000100 0.000100 0.000100
 -0.938273 -2.036874 -1.631414 -1.263693
 -0.782764 -1.763583 -2.456714 -1.252764
 -1.098615 -2.054114 -1.717647 -1.024507
 -1.929905 -1.562184 -1.642226 -0.794933
 -1.317302 -1.252764 -2.233583 -1.080915
 -1.003306 -2.014891 -2.708014 -0.836254
 -2.047681 -1.354546 -1.488076 -0.949085
 -2.094939 -1.038895 -1.776489 -1.038895
 -1.335002 -2.028139 -1.335002 -1.072640
 -0.936096 -2.140057 -2.140057 -0.987389
 -1.178658 -2.564915 -1.466336 -0.955517
 -2.007463 -1.432104 -1.160171 -1.160171
 -0.854419 -2.058380 -1.547561 -1.452252
 -1.064715 -2.674112 -2.268664 -0.728245
 -1.122145 -1.681755 -1.363305 -1.458614
 -1.745237 -1.504077 -1.309922 -1.098614
 -1.609436 -1.299284 -2.061416 -0.916294
 -1.455286 -2.014891 -2.014891 -0.693154
 -1.315677 -2.614936 -1.228667 -1.005525
 -1.540444 -2.233583 -1.460402 -0.806479
 -0.940987 -2.327262 -1.767657 -1.074517
 -1.134983 -2.233573 -2.233573 -0.767262
 -1.637606 -1.637606 -1.637606 -0.875473
 -1.704746 -1.399366 -1.858896 -0.878072
 -1.343735 -1.631414 -1.343735 -1.263693
 -1.704744 -1.887062 -1.887062 -0.663301
 -1.064715 -3.367210 -1.170074 -1.170074
 -1.819155 -1.359626 -1.739113 -0.902870
 -0.916294 -1.742965 -1.491654 -1.609435
 -1.128468 -2.427727 -1.916914 -0.818315
 -1.584118 -1.584118 -1.178657 -1.265668
 -1.526055 -1.595048 -1.836208 -0.866813
 -1.272967 -1.514127 -1.609436 -1.203974
 -1.519824 -2.772551 -1.673972 -0.632529
 -1.045972 -1.531475 -2.001471 -1.213024
 -1.945905 -1.435084 -1.578184 -0.885041
 -1.815285 -1.815285 -1.276294 -0.927990
 -1.280935 -1.791754 -2.197211 -0.810935
 -1.329137 -1.734596 -1.446918 -1.128468
 -1.400893 -2.442336 -1.289668 -0.938272
 -1.563974 -1.815285 -1.053153 -1.276294
 -1.609434 -2.120246 -1.609434 -0.733977
 -1.276294 -1.969433 -1.363305 -1.122145
 -1.697728 -1.429466 -1.372308 -1.127187
 -1.584118 -1.466336 -1.871796 -0.890977
 -1.011605 -1.704744 -1.704744 -1.299284
 -1.812374 -1.252764 -1.493924 -1.119234
 -2.501422 -1.471816 -1.166436 -0.975382
 -12.706861 -12.706861 -12.706861 -0.000009
 -12.971550 -12.971550 -12.971550 -0.000007
 -12.948020 -12.948020 -12.948020 -0.000007
 -13.369229 -13.369229 -13.369229 -0.000005
 -1.386294 -1.386294 -1.386294 -1.386294
 -1.386294 -1.386294 -1.386294 -1.386294
 -1.386294 -1.386294 -1.386294 -1.386294
 -14.414350 -14.414350 -14.414350 -0.000002
 -1.386294 -1.386294 -1.386294 -1.386294
 -1.386294 -1.386294 -1.386294 -1.386294
 -1.386294 -1.386294 -1.386294 -1.386294
 -1.707498 -1.620487 -1.466337 -0.941328
 -1.299284 -1.887062 -1.098615 -1.417066
 -1.280935 -2.484885 -1.637606 -0.810935
 -1.339775 -1.658225 -1.252764 -1.339775
 -2.065450 -1.084628 -1.218158 -1.429466
 -1.265668 -1.265668 -1.717647 -1.360977
 -1.203974 -1.897113 -2.302570 -0.798512
 -1.223777 -1.852379 -1.159238 -1.446918
 -1.386294 -1.466336 -1.466336 -1.243195
 -13.142174 -13.142174 -13.142174 -0.000006
 -12.821269 -12.821269 -12.821269 -0.000008
 -12.873912 -12.873912 -12.873912 -0.000008
 -13.217681 -13.217681 -13.217681 -0.000005
 -1.386294 -1.386294 -1.386294 -1.386294
 -1.386294 -1.386294 -1.386294 -1.386294
 -1.386294 -1.386294 -1.386294 -1.386294
 -1.770018 -1.620487 -1.677645 -0.809559
 -12.644341 -12.644341 -12.644341 -0.000010
 -12.793871 -12.793871 -12.793871 -0.000008
 -12.736712 -12.736712 -12.736712 -0.000009
 -13.604795 -13.604795 -13.604795 -0.000004
 -1.386294 -1.386294 -1.386294 -1.386294
 -1.386294 -1.386294 -1.386294 -1.386294
 -1.386294 -1.386294 -1.386294 -1.386294
 -1.076873 -0.834560 -1.490434 -14.414350
 -1.354546 -2.517683 -1.488076 -0.831300
 -1.536234 -2.066858 -1.884538 -0.680571
 -1.005525 -1.410987 -1.516346 -1.767657
 -1.386294 -1.386294 -1.386294 -1.386294
 -13.081550 -0.000006 -13.081550 -13.081550
 -12.429232 -0.000012 -12.429232 -12.429232
 -12.765699 -0.000009 -12.765699 -12.765699
 -13.514411 -0.000004 -13.514411 -13.514411
 -1.386294 -1.386294 -1.386294 -1.386294
 -0.000002 -14.414350 -14.414350 -14.414350
 -1.386294 -1.386294 -1.386294 -1.386294
 -1.386294 -1.386294 -1.386294 -1.386294
 -14.414350 -14.414350 -0.000002 -14.414350
 -1.386294 -1.386294 -1.386294 -1.386294
 -1.386294 -1.386294 -1.386294 -1.386294
 -1.386294 -1.386294 -1.386294 -1.386294
 -1.386294 -1.386294 -1.386294 -1.386294
 -1.386294 -1.386294 -1.386294 -1.386294
 -1.160956 -1.442806 -1.985129 -1.160956
 -1.386294 -1.386294 -1.386294 -1.386294
 -1.209839 -1.845823 -1.845823 -0.952011
 -1.363305 -1.815285 -2.662564 -0.670162
 -0.916297 -2.525695 -2.525695 -0.820987
 -1.478101 -1.478101 -2.433600 -0.784958
 -1.041456 -1.852379 -1.366876 -1.446918
 -1.036096 -2.740803 -3.433900 -0.600781
 -0.747224 -1.845814 -1.845814 -1.558141
 -1.755390 -1.398717 -1.561235 -0.993253
