 -1.024847 0.000100 0.000100 0.000100
 -1.975037 0.000100 0.000100 0.000100
 -2.010128 0.000100 0.000100 0.000100
 -0.998529 0.000100 0.000100 0.000100
 -1.427116 -1.373049 -2.371569 -0.883503
 -1.170074 -2.674112 -3.367210 -0.534090
 -1.134983 -1.386294 -1.945899 -1.252765
 -1.510591 -2.041215 -1.399366 -0.909820
 -0.925772 -1.890845 -2.360842 -1.025855
 -1.152682 -1.845821 -2.538951 -0.804377
 -1.354546 -2.047681 -2.047681 -0.725943
 -1.287855 -2.163318 -1.575535 -0.910562
 -0.996335 -1.977158 -2.228469 -0.955514
 -1.029624 -2.639022 -2.233573 -0.767262
 -0.762146 -1.609435 -1.791753 -1.791753
 -1.458615 -1.969437 -1.563975 -0.870830
 -1.000634 -1.654557 -2.140059 -1.128467
 -1.064715 -1.980990 -2.674112 -0.802353
 -0.931563 -2.110200 -2.803323 -0.857455
 -2.172217 -1.479076 -1.233954 -1.002154
 -1.047321 -1.963604 -1.740463 -1.098614
 -1.466336 -1.871796 -1.717647 -0.830353
 -0.916295 -2.862162 -1.609435 -1.070444
 -1.648657 -2.564938 -1.137834 -0.890975
 -1.015923 -2.114525 -2.114525 -0.924951
 -1.299284 -1.011607 -1.704741 -1.704741
 -1.183772 -2.282371 -1.589233 -0.947384
 -1.609437 -1.609437 -1.742967 -0.855668
 -1.421385 -1.495493 -2.114526 -0.882392
 -1.637606 -2.484885 -2.197211 -0.492483
 -1.609435 -1.945902 -2.456714 -0.559622
 -1.491654 -1.984127 -1.673975 -0.798510
 -0.938273 -2.036874 -1.882726 -1.120593
 -1.673972 -2.367103 -2.772551 -0.421221
 -1.980990 -3.367210 -1.575534 -0.476932
 -1.916920 -2.060020 -1.629239 -0.635991
 -1.458614 -1.815285 -2.374890 -0.670162
 -1.749192 -2.442314 -2.442314 -0.427455
 -1.475905 -2.456714 -1.609435 -0.722140
 -2.043070 -2.197220 -1.126784 -0.831985
 -1.791754 -1.504076 -3.583430 -0.539003
 -1.386294 -2.484873 -3.177970 -0.470014
 -1.163152 -2.261751 -1.791755 -0.875472
 -2.417889 -1.724747 -1.247825 -0.808460
 -1.791754 -2.197211 -2.197211 -0.492483
 -1.193924 -1.550595 -12.706860 -0.723925
 -1.360977 -2.054114 -1.466336 -0.955515
 -2.130209 -1.570597 -1.524078 -0.786481
 -1.558143 -1.691672 -2.538951 -0.641859
 -1.213024 -1.665004 -2.512283 -0.838334
 -1.475905 -1.945902 -1.609435 -0.847303
 -1.956059 -1.704747 -1.704747 -0.703302
 -12.923923 -12.923923 -12.923923 -0.000007
 -12.821269 -12.821269 -12.821269 -0.000008
 -12.644341 -12.644341 -12.644341 -0.000010
 -13.815515 -13.815515 -13.815515 -0.000003
 -1.386294 -1.386294 -1.386294 -1.386294
 -1.386294 -1.386294 -1.386294 -1.386294
 -1.386294 -1.386294 -1.386294 -1.386294
 -14.552676 -14.552676 -14.552676 -0.000001
 -1.386294 -1.386294 -1.386294 -1.386294
 -1.386294 -1.386294 -1.386294 -1.386294
 -1.386294 -1.386294 -1.386294 -1.386294
 -2.084236 -1.815973 -1.410509 -0.757368
 -0.693155 -2.564915 -3.258012 -0.955517
 -1.446918 -1.916914 -2.140053 -0.693153
 -1.159238 -2.833188 -2.545514 -0.599625
 -1.751752 -2.020015 -1.326871 -0.847300
 -0.993254 -2.890346 -3.988891 -0.587791
 -2.036866 -2.442314 -1.749192 -0.496447
 -1.475905 -2.862162 -1.609435 -0.664982
 -2.089800 -2.089800 -1.396657 -0.682893
 -0.765472 -0.716682 -3.068012 -12.971550
 -0.546556 -1.845814 -1.335002 -12.154800
 -0.639086 -1.504076 -1.386294 -12.793870
 -1.154183 -1.377326 -0.838331 -13.919874
 -1.223776 -2.044752 -4.442556 -0.571453
 -1.386294 -2.148427 -2.708032 -0.567988
 -0.980831 -3.060244 -1.519825 -1.023391
 -1.386294 -1.386294 -1.386294 -1.386294
 -1.268512 -2.549431 -2.772570 -0.547969
 -1.098617 -2.351344 -1.945896 -0.847306
 -1.335002 -2.944360 -1.845814 -0.641865
 -1.518466 -1.945907 -1.435084 -0.916292
 -0.473789 -1.137080 -2.871654 -13.180640
 -0.570555 -1.056058 -2.442314 -12.345852
 -0.664982 -1.358124 -1.475905 -12.765699
 -1.326871 -0.947383 -1.058608 -13.795312
 -0.738612 -2.197219 -1.934857 -1.321756
 -0.780161 -3.178026 -1.974077 -1.018571
 -1.365241 -2.751510 -0.854419 -1.365241
 -1.386294 -1.386294 -1.386294 -1.386294
 -13.687682 -0.000003 -13.687682 -13.687682
 -11.982954 -0.000019 -11.982954 -11.982954
 -12.971550 -0.000007 -12.971550 -12.971550
 -13.337481 -0.000005 -13.337481 -13.337481
 -1.386294 -1.386294 -1.386294 -1.386294
 -0.000002 -14.552676 -14.552676 -14.552676
 -1.386294 -1.386294 -1.386294 -1.386294
 -1.386294 -1.386294 -1.386294 -1.386294
 -14.552676 -14.552676 -0.000001 -14.552676
 -1.386294 -1.386294 -1.386294 -1.386294
 -1.386294 -1.386294 -1.386294 -1.386294
 -1.386294 -1.386294 -1.386294 -1.386294
 -1.386294 -1.386294 -1.386294 -1.386294
 -1.386294 -1.386294 -1.386294 -1.386294
 -14.552676 -14.552676 -0.000001 -14.552676
 -1.386294 -1.386294 -1.386294 -1.386294
 -1.386294 -1.386294 -1.386294 -1.386294
 -1.386294 -1.386294 -1.386294 -1.386294
 -1.199200 -1.815973 -1.758814 -1.011601
 -1.386294 -1.386294 -1.386294 -1.386294
 -1.098614 -1.658226 -1.435084 -1.435084
 -1.580448 -2.833175 -1.223777 -0.818315
 -1.185626 -2.484885 -1.386294 -1.018573
 -1.386294 -1.691674 -1.845824 -0.896748
 -1.394878 0.000100 0.000100 0.000100
 -1.394878 0.000100 0.000100 0.000100
 -1.504077 0.000100 0.000100 0.000100
 -1.265667 0.000100 0.000100 0.000100
 -1.015923 -2.114525 -1.495493 -1.227231
 -0.882392 -1.575535 -2.268674 -1.287855
 -1.178656 -1.754016 -1.466336 -1.243194
 -1.992425 -2.397885 -0.893820 -1.011603
 -0.881202 -1.609436 -1.609436 -1.683544
 -1.446918 -1.734596 -1.329137 -1.128468
 -1.287855 -1.757855 -1.227231 -1.352393
 -1.504077 -2.079436 -1.504077 -0.842681
 -1.143065 -1.836208 -1.238375 -1.461517
 -1.265668 -1.466336 -1.871796 -1.098615
 -1.317302 -1.945905 -1.317302 -1.134982
 -1.609436 -1.252764 -1.304057 -1.415282
 -1.182697 -1.929905 -1.082614 -1.562184
 -1.568614 -1.925285 -1.568614 -0.826682
 -1.149907 -1.529394 -1.696447 -1.261132
 -2.212965 -1.325670 -1.114362 -1.214445
 -1.011603 -1.810105 -1.609436 -1.299284
 -1.343735 -1.430746 -1.882726 -1.056055
 -1.252764 -1.370546 -1.309922 -1.658226
 -1.945906 -1.415282 -1.475906 -0.952660
 -1.049824 -1.897115 -1.529394 -1.261132
 -1.137080 -2.360842 -1.572395 -0.974562
 -1.159238 -1.446918 -1.533929 -1.446918
 -1.850597 -1.113002 -1.609436 -1.157454
 -1.466336 -1.535329 -1.466336 -1.129866
 -1.183772 -1.694593 -1.812374 -1.058609
 -1.183771 -1.589233 -1.058609 -1.945904
 -1.554629 -1.623621 -1.372308 -1.084628
 -1.261132 -1.897115 -1.321756 -1.203974
 -1.077561 -1.547561 -1.547561 -1.452252
 -1.170073 -2.450992 -1.287855 -1.116006
 -1.669155 -1.669155 -1.343735 -1.015232
 -1.114362 -1.856294 -1.856294 -1.023391
 -1.045972 -1.819153 -1.531475 -1.308334
 -1.791756 -1.791756 -1.149907 -1.049824
 -1.805550 -1.245938 -1.294728 -1.294728
 -1.134982 -2.079434 -1.386294 -1.192140
 -1.904232 -2.240698 -1.904232 -0.517948
 -1.098614 -1.645154 -1.740463 -1.209839
 -1.665006 -1.596014 -1.739113 -0.838331
 -1.575535 -2.268674 -1.015923 -1.116006
 -1.335002 -2.251277 -1.845821 -0.747219
 -1.704745 -1.992423 -1.219242 -0.950980
 -1.652922 -1.652922 -1.285199 -1.077560
 -1.386294 -1.473305 -1.386294 -1.306252
 -1.223777 -1.329137 -1.734596 -1.329137
 -1.193923 -1.624704 -1.145134 -1.704746
 -1.815287 -1.318853 -1.053151 -1.509908
 -13.235700 -13.235700 -13.235700 -0.000005
 -13.235700 -13.235700 -13.235700 -0.000005
 -13.444452 -13.444452 -13.444452 -0.000004
 -13.180640 -13.180640 -13.180640 -0.000006
 -1.386294 -1.386294 -1.386294 -1.386294
 -1.386294 -1.386294 -1.386294 -1.386294
 -1.386294 -1.386294 -1.386294 -1.386294
 -14.665663 -14.665663 -14.665663 -0.000001
 -1.386294 -1.386294 -1.386294 -1.386294
 -1.386294 -1.386294 -1.386294 -1.386294
 -1.386294 -1.386294 -1.386294 -1.386294
 -1.817734 -1.429969 -1.164862 -1.250629
 -1.335002 -1.239692 -1.335002 -1.691672
 -1.134982 -2.233583 -1.945905 -0.847301
 -1.346021 -1.582408 -1.400088 -1.245938
 -1.565634 -1.432104 -1.639742 -1.026641
 -1.166436 -1.471816 -1.471816 -1.471816
 -0.735711 -1.568614 -3.178012 -1.306252
 -0.800781 -1.945904 -1.326871 -1.945904
 -2.028143 -1.558144 -1.286211 -0.963439
 -1.008230 -1.413693 -0.936771 -13.514411
 -0.759109 -1.365241 -1.285199 -13.060496
 -0.693151 -1.427116 -1.347074 -13.122372
 -1.370546 -0.885041 -1.098614 -13.353481
 -1.280934 -1.555370 -1.203974 -1.555370
 -1.128467 -2.427737 -1.916918 -0.818313
 -0.998531 -2.028143 -1.239692 -1.558144
 -1.386294 -1.386294 -1.386294 -1.386294
 -0.851754 -2.238039 -1.484274 -1.427116
 -0.847303 -1.358124 -2.862162 -1.358124
 -1.304949 -1.438480 -1.244325 -1.592629
 -1.535329 -1.083346 -1.609436 -1.401798
 -0.630236 -1.635754 -1.299283 -13.554151
 -0.751420 -1.137080 -1.572395 -13.180640
 -0.847301 -1.001451 -1.589233 -13.102169
 -1.368276 -0.749240 -1.299284 -13.217681
 -1.570597 -1.437066 -1.524078 -1.088761
 -1.286211 -2.721281 -1.765782 -0.719818
 -1.335001 -1.740463 -1.845823 -0.907560
 -1.386294 -1.386294 -1.386294 -1.386294
 -13.253399 -0.000005 -13.253399 -13.253399
 -12.873912 -0.000008 -12.873912 -12.873912
 -12.994539 -0.000007 -12.994539 -12.994539
 -13.753639 -0.000003 -13.753639 -13.753639
 -1.386294 -1.386294 -1.386294 -1.386294
 -0.000001 -14.665664 -14.665664 -14.665664
 -1.386294 -1.386294 -1.386294 -1.386294
 -1.386294 -1.386294 -1.386294 -1.386294
 -14.665663 -14.665663 -0.000001 -14.665663
 -1.386294 -1.386294 -1.386294 -1.386294
 -1.386294 -1.386294 -1.386294 -1.386294
 -1.386294 -1.386294 -1.386294 -1.386294
 -1.386294 -1.386294 -1.386294 -1.386294
 -1.386294 -1.386294 -1.386294 -1.386294
 -14.665663 -14.665663 -0.000001 -14.665663
 -1.386294 -1.386294 -1.386294 -1.386294
 -1.386294 -1.386294 -1.386294 -1.386294
 -1.386294 -1.386294 -1.386294 -1.386294
 -1.265667 -2.159482 -1.584120 -0.922722
 -1.386294 -1.386294 -1.386294 -1.386294
 -1.145134 -1.624704 -1.887066 -1.098614
 -1.349927 -1.504076 -2.197206 -0.897947
 -1.037990 -1.473305 -1.673974 -1.473305
 -1.274503 -2.230009 -1.536867 -0.921683
