 -1.271771 0.000100 0.000100 0.000100
 -1.738793 0.000100 0.000100 0.000100
 -1.865545 0.000100 0.000100 0.000100
 -0.943865 0.000100 0.000100 0.000100
 -1.113652 -1.260254 -2.125244 -1.314321
 -1.172722 -1.658225 -3.044482 -0.793235
 -0.902872 -1.819153 -2.224609 -1.126014
 -1.760009 -1.588160 -1.441557 -0.949082
 -1.417066 -1.992425 -2.110207 -0.693150
 -1.312187 -2.564932 -2.341794 -0.583952
 -1.098615 -1.974072 -3.583430 -0.693153
 -1.609437 -1.803591 -1.223776 -1.075357
 -0.986497 -1.438480 -2.978899 -1.081807
 -1.673972 -2.079429 -2.367103 -0.521304
 -1.024507 -12.873912 -2.054114 -0.667835
 -1.513294 -2.206437 -1.359143 -0.884687
 -1.145134 -1.624704 -3.496464 -0.788460
 -0.916296 -2.014891 -3.401111 -0.836254
 -0.890977 -2.277252 -1.717647 -1.178657
 -1.699950 -1.871800 -1.699950 -0.732370
 -1.084015 -1.821609 -2.833194 -0.818313
 -1.665004 -1.665004 -3.610829 -0.519882
 -1.421385 -1.980990 -2.674112 -0.594715
 -2.014900 -1.518466 -1.609437 -0.803814
 -0.936096 -1.852379 -2.322376 -1.041456
 -1.504076 -2.708026 -2.708026 -0.439372
 -1.540443 -2.639022 -1.540443 -0.693154
 -1.749198 -1.800491 -1.609437 -0.774642
 -1.386294 -1.945905 -2.233583 -0.693151
 -0.980833 -2.772551 -1.856290 -0.900791
 -1.413693 -2.001471 -1.665004 -0.838334
 -2.251287 -2.097137 -1.335001 -0.675757
 -1.142099 -1.770702 -2.463837 -0.854419
 -1.421385 -1.980990 -2.268664 -0.659253
 -1.232145 -1.925285 -1.791755 -0.926765
 -1.854558 -1.343735 -1.566878 -0.983733
 -1.216396 -2.197215 -2.890346 -0.621692
 -1.812374 -1.694593 -2.793183 -0.524529
 -1.871796 -2.564926 -2.277252 -0.405472
 -2.089800 -1.935651 -1.207416 -0.837043
 -1.339775 -2.639034 -3.044482 -0.479579
 -1.386294 -2.772551 -2.079429 -0.575371
 -1.584118 -2.277252 -2.054114 -0.572525
 -2.533690 -2.128228 -1.370546 -0.602177
 -1.531475 -1.665004 -2.512283 -0.666485
 -1.791751 -2.079425 -12.388411 -0.344851
 -1.363305 -1.563974 -1.815285 -0.988614
 -2.072058 -2.132683 -1.573070 -0.601211
 -1.386294 -2.079432 -2.995692 -0.553391
 -1.945902 -2.862162 -1.763583 -0.464313
 -1.335002 -2.538951 -1.845821 -0.693152
 -2.003066 -2.438381 -1.658227 -0.532219
 -0.405471 -1.435084 -2.351360 -12.948019
 -1.098617 -0.847306 -1.435084 -12.254882
 -0.593069 -1.845820 -1.239692 -12.847937
 -1.493266 -1.238375 -0.722563 -14.137597
 -0.440559 -1.207812 -2.856455 -13.676253
 -0.460819 -1.535329 -1.871798 -13.384734
 -0.969402 -1.098613 -1.247033 -13.676253
 -1.386294 -1.386294 -1.386294 -1.386294
 -1.284016 -1.923093 -3.768892 -0.590870
 -1.526055 -1.749197 -2.288188 -0.678761
 -1.386294 -2.302570 -1.742965 -0.744445
 -1.386294 -1.386294 -1.386294 -1.386294
 -0.709680 -3.012235 -3.417683 -0.852780
 -1.358124 -1.609435 -1.475905 -1.157455
 -2.833137 -2.140040 -2.833137 -0.268280
 -1.745238 -2.128228 -1.402295 -0.775840
 -0.908261 -1.354546 -13.337481 -1.082614
 -1.504076 -3.295752 -2.602654 -0.405474
 -1.252764 -2.351360 -2.128221 -0.693152
 -2.117178 -2.197220 -1.314836 -0.693149
 -1.134982 -2.079434 -4.025259 -0.624158
 -1.193925 -2.397874 -2.397874 -0.663301
 -1.386294 -1.974072 -1.974072 -0.750311
 -2.338298 -2.097137 -1.478102 -0.593066
 -0.926765 -2.484890 -13.081550 -0.652330
 -1.421385 -1.980990 -2.268664 -0.659253
 -1.358124 -2.456714 -1.945902 -0.664982
 -2.205126 -2.898266 -1.410200 -0.526701
 -1.183772 -1.812374 -2.793183 -0.756330
 -0.492490 -2.890294 -12.100735 -1.098618
 -0.830353 -2.277252 -2.054114 -1.098615
 -2.325395 -2.117757 -1.424613 -0.613685
 -0.441837 -1.029622 -13.235699 -13.235699
 -0.422865 -1.170074 -3.367209 -12.577650
 -0.553391 -1.491654 -1.609435 -12.899230
 -1.558144 -0.974999 -0.886052 -13.946543
 -0.581924 -2.545523 -2.140062 -1.406097
 -0.928715 -2.448529 -1.504077 -1.216396
 -0.806479 -2.926713 -0.847301 -2.639039
 -1.386294 -1.386294 -1.386294 -1.386294
 -13.946543 -0.000003 -13.946543 -13.946543
 -12.100734 -0.000017 -12.100734 -12.100734
 -13.199332 -0.000006 -13.199332 -13.199332
 -13.180640 -0.000006 -13.180640 -13.180640
 -1.386294 -1.386294 -1.386294 -1.386294
 -0.000001 -14.686806 -14.686806 -14.686806
 -1.386294 -1.386294 -1.386294 -1.386294
 -1.386294 -1.386294 -1.386294 -1.386294
 -14.686806 -14.686806 -0.000001 -14.686806
 -1.386294 -1.386294 -1.386294 -1.386294
 -1.386294 -1.386294 -1.386294 -1.386294
 -1.386294 -1.386294 -1.386294 -1.386294
 -1.386294 -1.386294 -1.386294 -1.386294
 -1.386294 -1.386294 -1.386294 -1.386294
 -0.556484 -1.564440 -14.686806 -1.525220
 -1.386294 -1.386294 -1.386294 -1.386294
 -1.661883 -2.617389 -1.518783 -0.657303
 -1.609436 -1.609436 -2.525712 -0.653931
 -1.386294 -1.386294 -1.386294 -1.386294
 -1.466336 -1.754016 -1.553347 -0.955514
 -1.163152 -1.791755 -1.925285 -0.980832
 -1.170074 -2.674112 -1.170074 -1.170074
 -1.167607 -1.860747 -1.321756 -1.321756
 -1.394878 -1.871800 -1.265667 -1.151257
 -1.266048 0.000100 0.000100 0.000100
 -1.620488 0.000100 0.000100 0.000100
 -1.464937 0.000100 0.000100 0.000100
 -1.240769 0.000100 0.000100 0.000100
 -1.214344 -1.738557 -1.218212 -1.462904
 -1.103526 -1.814901 -1.674703 -1.145444
 -1.038893 -1.812962 -1.381179 -1.462305
 -1.742331 -1.424264 -1.235770 -1.225565
 -1.129683 -1.701503 -1.405990 -1.388975
 -1.203024 -1.530053 -1.763114 -1.165775
 -1.062743 -1.568042 -1.643665 -1.375276
 -1.704748 -1.384276 -1.381056 -1.150863
 -1.105392 -1.743398 -1.361089 -1.437114
 -1.078662 -1.724077 -1.812631 -1.144485
 -1.044571 -1.683357 -1.554466 -1.381882
 -1.798712 -1.472257 -1.383988 -1.037037
 -1.216257 -1.722101 -1.221263 -1.469177
 -1.134361 -1.742810 -1.586841 -1.208069
 -1.037312 -1.741329 -1.445483 -1.449557
 -1.703451 -1.432197 -1.305482 -1.177266
 -1.134512 -1.682573 -1.403693 -1.399024
 -1.112544 -1.554003 -1.904712 -1.167922
 -1.031381 -1.575257 -1.597776 -1.451643
 -1.671425 -1.379460 -1.427049 -1.138527
 -1.136031 -1.652156 -1.413572 -1.410587
 -1.066879 -1.741172 -1.834472 -1.136605
 -1.061096 -1.692251 -1.566606 -1.342981
 -1.650928 -1.453781 -1.370399 -1.138067
 -1.207013 -1.691000 -1.290819 -1.420761
 -1.145365 -1.685095 -1.748656 -1.131783
 -1.053800 -1.688547 -1.403507 -1.510191
 -1.670582 -1.429133 -1.265117 -1.237393
 -1.138337 -1.726362 -1.378308 -1.387440
 -1.165304 -1.519519 -1.747588 -1.220233
 -1.079872 -1.553427 -1.555461 -1.436547
 -1.707780 -1.336294 -1.434681 -1.146575
 -1.195730 -1.680771 -1.384040 -1.344299
 -1.031009 -1.714468 -1.818910 -1.200342
 -1.062003 -1.659076 -1.555243 -1.375218
 -1.720802 -1.430925 -1.347346 -1.133016
 -1.149280 -1.705677 -1.294096 -1.481307
 -1.176908 -1.797694 -1.603538 -1.124220
 -1.119890 -1.723341 -1.375823 -1.416408
 -1.676377 -1.480318 -1.262848 -1.195552
 -1.068330 -1.643445 -1.465441 -1.460461
 -1.095793 -1.579402 -1.795720 -1.225471
 -0.967650 -1.525889 -1.648742 -1.559193
 -1.665291 -1.358917 -1.420989 -1.163309
 -1.070441 -1.712092 -1.392586 -1.477432
 -0.908947 -1.816133 -1.901223 -1.255223
 -0.964826 -1.727157 -1.549143 -1.475206
 -1.677573 -1.466475 -1.330702 -1.145251
 -0.918124 -1.522732 -0.960720 -17.217707
 -0.714455 -1.358757 -1.372150 -16.680565
 -0.786144 -1.547225 -1.103935 -16.846611
 -1.360528 -1.125060 -0.870262 -17.014999
 -0.847390 -1.362079 -1.154104 -17.407604
 -0.765255 -1.186905 -1.471329 -16.969528
 -0.784897 -1.306159 -1.298377 -17.314440
 -1.386294 -1.386294 -1.386294 -1.386294
 -1.104405 -1.872163 -1.308309 -1.408439
 -1.018116 -1.788224 -1.781190 -1.193923
 -0.938184 -1.834420 -1.609825 -1.390169
 -1.386294 -1.386294 -1.386294 -1.386294
 -1.108031 -1.821530 -1.194043 -1.584649
 -1.089178 -1.688296 -1.532577 -1.336763
 -0.942254 -1.694166 -1.516240 -1.575214
 -1.632332 -1.400385 -1.345176 -1.212237
 -1.086835 -1.576873 -1.566806 -1.396802
 -1.120106 -1.457608 -1.970841 -1.198578
 -1.046033 -1.462193 -1.610685 -1.526970
 -1.663656 -1.256604 -1.605836 -1.123271
 -1.005143 -1.782220 -1.485089 -1.430198
 -0.940699 -1.792670 -1.955510 -1.198528
 -1.046446 -1.589348 -1.672850 -1.358499
 -1.538975 -1.567413 -1.439426 -1.079541
 -1.131304 -1.858598 -1.210668 -1.498351
 -1.095134 -1.966445 -1.396802 -1.279541
 -0.960221 -1.922168 -1.334788 -1.571717
 -1.708923 -1.588819 -1.168011 -1.191426
 -0.993252 -1.800512 -1.468761 -1.451559
 -1.067068 -1.421573 -1.916269 -1.318654
 -0.891303 -1.601164 -1.699475 -1.582611
 -1.629198 -1.340974 -1.456321 -1.173670
 -0.625341 -1.507478 -1.412832 -17.247238
 -0.513194 -1.484752 -1.743766 -16.797651
 -0.582618 -1.511775 -1.509380 -16.755201
 -1.042171 -0.984132 -1.296277 -16.961817
 -1.298576 -1.677946 -1.331780 -1.286211
 -1.208671 -2.110523 -1.769673 -0.891982
 -1.259056 -1.705445 -1.356988 -1.283912
 -1.386294 -1.386294 -1.386294 -1.386294
 -17.080889 0.000000 -17.080889 -17.080889
 -16.565342 -0.000000 -16.565342 -16.565342
 -16.911089 0.000000 -16.911089 -16.911089
 -17.179007 0.000000 -17.179007 -17.179007
 -1.386294 -1.386294 -1.386294 -1.386294
 0.000000 -18.346172 -18.346172 -18.346172
 -1.386294 -1.386294 -1.386294 -1.386294
 -1.386294 -1.386294 -1.386294 -1.386294
 -18.346172 -18.346172 0.000000 -18.346172
 -1.386294 -1.386294 -1.386294 -1.386294
 -1.386294 -1.386294 -1.386294 -1.386294
 -1.386294 -1.386294 -1.386294 -1.386294
 -1.386294 -1.386294 -1.386294 -1.386294
 -1.386294 -1.386294 -1.386294 -1.386294
 -0.812709 -1.245624 -18.346172 -1.314590
 -1.386294 -1.386294 -1.386294 -1.386294
 -1.186640 -2.075080 -1.149931 -1.376147
 -1.234768 -1.724790 -1.955314 -0.943232
 -1.386294 -1.386294 -1.386294 -1.386294
 -1.649541 -1.681358 -1.353543 -1.012203
 -1.173792 -1.842780 -1.113849 -1.588957
 -1.093819 -1.735059 -1.593775 -1.253450
 -0.929708 -1.817011 -1.413311 -1.612021
 -1.726928 -1.446333 -1.446333 -1.046097
