 -1.148874 0.000100 0.000100 0.000100
 -1.916922 0.000100 0.000100 0.000100
 -1.873437 0.000100 0.000100 0.000100
 -0.961412 0.000100 0.000100 0.000100
 -1.173514 -2.377479 -2.089800 -0.746072
 -1.321756 -1.860747 -2.014895 -0.810934
 -1.077561 -1.652920 -2.240698 -1.016937
 -1.394878 -2.054121 -1.429969 -0.955513
 -1.031922 -1.632694 -2.674137 -0.969402
 -1.203974 -2.302570 -3.688789 -0.553391
 -0.840786 -2.140057 -2.140057 -1.098614
 -1.355523 -2.018814 -1.484734 -0.960211
 -1.366092 -1.366092 -2.187067 -0.974051
 -1.299284 -1.992423 -1.838274 -0.839755
 -1.029622 -2.351360 -1.791755 -0.965084
 -1.625966 -1.970805 -1.668526 -0.743580
 -1.335001 -1.622682 -2.384814 -0.804375
 -1.466336 -1.871797 -2.341794 -0.655411
 -1.037990 -2.261751 -1.791755 -0.980832
 -1.823010 -1.776491 -1.466337 -0.824484
 -0.881202 -2.051265 -1.945906 -1.157454
 -1.272967 -2.813385 -1.832577 -0.693151
 -1.272967 -2.302573 -1.966107 -0.733973
 -1.580450 -1.916921 -1.545359 -0.835119
 -1.184556 -1.803591 -2.245420 -0.859134
 -1.126014 -3.610829 -1.531475 -0.838334
 -0.897944 -2.043067 -2.197215 -1.044547
 -1.732039 -1.871800 -1.312187 -0.916292
 -0.984855 -1.779781 -2.809387 -0.922335
 -1.098615 -1.658225 -2.128221 -1.029622
 -1.170073 -2.114525 -1.757855 -0.924951
 -1.921810 -1.921810 -1.148623 -0.940984
 -1.175574 -1.829497 -2.315000 -0.839103
 -1.077561 -2.463837 -3.156959 -0.631276
 -1.512587 -2.131620 -2.131620 -0.611805
 -1.601069 -2.006532 -1.446919 -0.847299
 -0.830350 -1.958809 -2.747256 -1.024506
 -1.386294 -1.609435 -2.590244 -0.744445
 -1.860747 -2.197213 -1.860747 -0.548571
 -1.667007 -1.918320 -1.379326 -0.885308
 -1.060873 -1.958809 -2.747256 -0.801363
 -1.321756 -1.860747 -3.113474 -0.628613
 -1.446918 -3.238636 -2.140057 -0.497843
 -1.791758 -1.938361 -1.624705 -0.708416
 -1.294728 -1.725508 -3.191819 -0.679544
 -1.360977 -2.054114 -2.054114 -0.719128
 -1.466336 -2.564926 -3.663472 -0.405472
 -2.098984 -2.210208 -1.488077 -0.612610
 -1.227231 -1.495493 -2.674130 -0.882392
 -0.929540 -2.251277 -2.944399 -0.804377
 -1.481604 -1.992423 -1.704745 -0.788462
 -1.933932 -1.933932 -1.528468 -0.705270
 -0.361017 -1.417066 -2.803341 -13.400002
 -0.554316 -1.365241 -1.770702 -13.060496
 -0.776532 -2.525712 -0.776532 -13.122372
 -1.225175 -1.561647 -0.700166 -14.173188
 -0.438619 -1.213682 -2.847803 -14.137597
 -0.661402 -1.182697 -1.729236 -13.337481
 -0.879251 -1.773066 -0.879251 -13.873783
 -1.386294 -1.386294 -1.386294 -1.386294
 -1.062895 -1.671957 -3.496490 -0.829280
 -1.523495 -1.648657 -2.159478 -0.745793
 -1.147404 -4.143041 -1.945905 -0.646630
 -1.386294 -1.386294 -1.386294 -1.386294
 -1.046788 -2.145395 -3.444653 -0.693149
 -1.142099 -1.652920 -1.770702 -1.142099
 -0.832916 -3.135412 -2.442314 -0.832916
 -1.864783 -1.736950 -1.659989 -0.736321
 -1.123931 -2.079437 -13.592372 -0.597840
 -1.343735 -1.882726 -2.442331 -0.693152
 -1.609435 -1.386294 -1.897113 -0.916295
 -2.169050 -1.645805 -1.645805 -0.693149
 -0.949083 -2.181216 -13.337481 -0.693150
 -1.216396 -1.791756 -3.295794 -0.693151
 -1.665004 -3.610829 -1.819153 -0.475430
 -1.564702 -2.257846 -1.629240 -0.712951
 -0.935462 -3.270807 -13.579793 -0.562788
 -1.417066 -1.550595 -2.110200 -0.857455
 -0.929540 -2.028139 -2.944399 -0.865002
 -2.005331 -2.410794 -1.243194 -0.719124
 -1.139435 -2.708035 -2.708035 -0.603919
 -1.421385 -1.757852 -1.575534 -0.969405
 -0.987389 -2.833188 -1.629238 -0.987389
 -2.072838 -2.126905 -1.490919 -0.635255
 -0.383963 -1.238375 -3.540915 -13.444452
 -0.438263 -1.131405 -3.433900 -12.644341
 -0.480977 -1.609436 -1.704745 -13.217681
 -1.256080 -1.353718 -0.783175 -14.227623
 -0.550974 -2.404859 -2.890362 -1.280934
 -0.826681 -4.381932 -1.386294 -1.203974
 -0.940985 -3.308079 -0.910214 -1.767660
 -1.386294 -1.386294 -1.386294 -1.386294
 -14.220979 -0.000002 -14.220979 -14.220979
 -12.043577 -0.000018 -12.043577 -12.043577
 -13.321220 -0.000005 -13.321220 -13.321220
 -13.567055 -0.000004 -13.567055 -13.567055
 -1.386294 -1.386294 -1.386294 -1.386294
 -0.000001 -14.933927 -14.933927 -14.933927
 -1.386294 -1.386294 -1.386294 -1.386294
 -1.386294 -1.386294 -1.386294 -1.386294
 -14.933927 -14.933927 -0.000001 -14.933927
 -1.386294 -1.386294 -1.386294 -1.386294
 -1.386294 -1.386294 -1.386294 -1.386294
 -1.386294 -1.386294 -1.386294 -1.386294
 -1.386294 -1.386294 -1.386294 -1.386294
 -1.386294 -1.386294 -1.386294 -1.386294
 -14.933927 -14.933927 -0.000001 -14.933927
 -1.386294 -1.386294 -1.386294 -1.386294
 -1.386294 -1.386294 -1.386294 -1.386294
 -1.386294 -1.386294 -1.386294 -1.386294
 -1.518892 -1.772341 -1.716251 -0.840784
 -1.386294 -1.386294 -1.386294 -1.386294
 -0.946598 -2.125244 -1.371479 -1.432104
 -1.466336 -1.386294 -2.005327 -0.955514
 -0.675132 -2.908695 -1.810105 -1.299284
 -1.515506 -1.992428 -1.098613 -1.169230
 -1.249517 0.000100 0.000100 0.000100
 -1.598987 0.000100 0.000100 0.000100
 -1.441307 0.000100 0.000100 0.000100
 -1.292304 0.000100 0.000100 0.000100
 -1.360453 -1.668754 -1.163500 -1.416412
 -1.165133 -1.738735 -1.923877 -1.004203
 -0.994310 -1.740254 -1.405505 -1.563975
 -2.031432 -1.440564 -1.290819 -1.029984
 -1.118031 -1.742969 -1.409642 -1.371027
 -1.134980 -1.427967 -1.680802 -1.376142
 -1.082895 -1.619388 -1.524078 -1.404277
 -1.741497 -1.336033 -1.260525 -1.278874
 -1.060677 -1.779532 -1.402238 -1.431226
 -1.098613 -1.725510 -1.923335 -1.071584
 -1.051327 -1.620020 -1.418383 -1.558144
 -1.642872 -1.460551 -1.271309 -1.224162
 -1.207812 -1.675620 -1.287854 -1.435084
 -1.116819 -1.656940 -1.802122 -1.148821
 -1.083639 -1.770436 -1.394952 -1.412497
 -1.723510 -1.633898 -1.244434 -1.083852
 -1.084478 -1.726331 -1.288077 -1.569328
 -1.021054 -1.791759 -1.670398 -1.255455
 -1.100606 -1.574209 -1.431108 -1.509070
 -1.660450 -1.329333 -1.356546 -1.245683
 -1.157149 -1.904954 -1.263692 -1.369710
 -1.079519 -1.633829 -1.808770 -1.199965
 -1.163968 -1.651110 -1.550014 -1.259932
 -1.763924 -1.402555 -1.362389 -1.118980
 -1.271455 -1.863022 -1.187068 -1.349927
 -1.119556 -2.127195 -1.444978 -1.143653
 -1.171735 -1.659832 -1.386294 -1.386294
 -1.744453 -1.432320 -1.212080 -1.241580
 -1.231337 -1.574281 -1.446448 -1.326002
 -1.093088 -1.761743 -1.745743 -1.143946
 -1.089612 -1.605828 -1.527866 -1.402703
 -1.711994 -1.299885 -1.397184 -1.205177
 -1.155352 -1.586570 -1.375675 -1.479472
 -1.175205 -1.729239 -1.678595 -1.117218
 -1.029170 -1.691355 -1.523363 -1.425245
 -1.689630 -1.404378 -1.340752 -1.176865
 -1.163500 -1.716156 -1.263289 -1.491073
 -1.174406 -1.624144 -1.649145 -1.198312
 -1.209712 -1.701534 -1.416798 -1.284373
 -1.754221 -1.373625 -1.297463 -1.202153
 -1.185624 -1.609438 -1.357095 -1.439539
 -1.105993 -1.478667 -1.836879 -1.266335
 -1.040793 -1.435084 -1.540445 -1.637609
 -1.650488 -1.525325 -1.274011 -1.168651
 -1.064882 -1.868377 -1.364241 -1.405343
 -0.999179 -1.667934 -1.810108 -1.274590
 -1.006239 -1.851577 -1.441557 -1.423538
 -1.703770 -1.408056 -1.361172 -1.148773
 -0.929962 -1.571816 -0.921898 -15.649692
 -0.723246 -1.383602 -1.331235 -15.126543
 -0.788458 -1.581688 -1.079319 -15.345906
 -1.364316 -1.155771 -0.844832 -15.501910
 -0.903470 -1.482379 -1.000374 -15.863204
 -0.833729 -1.186369 -1.346128 -15.400657
 -0.855027 -1.203068 -1.292962 -15.811571
 -1.386294 -1.386294 -1.386294 -1.386294
 -1.235043 -1.755477 -1.289793 -1.343139
 -1.004302 -1.687498 -1.825282 -1.246373
 -1.157305 -1.607810 -1.471235 -1.363749
 -1.386294 -1.386294 -1.386294 -1.386294
 -1.158452 -1.861649 -1.114436 -1.596957
 -1.305627 -1.767661 -1.444888 -1.131673
 -0.832909 -1.736777 -1.642590 -1.631417
 -1.533589 -1.533589 -1.308708 -1.209617
 -1.164127 -1.569592 -1.494369 -1.365376
 -1.126943 -1.498506 -1.929289 -1.180053
 -1.083603 -1.418958 -1.543600 -1.579640
 -1.545151 -1.356560 -1.490091 -1.191310
 -1.231903 -1.517660 -1.387982 -1.429367
 -0.975099 -1.534714 -2.132550 -1.242045
 -0.904315 -1.453567 -2.020944 -1.474401
 -1.513610 -1.415170 -1.488077 -1.167334
 -1.175890 -1.863922 -1.155585 -1.507247
 -1.045124 -1.843631 -1.525177 -1.300016
 -1.057048 -1.712737 -1.337125 -1.562797
 -1.618827 -1.687147 -1.182400 -1.170279
 -1.060497 -1.861718 -1.434747 -1.346554
 -1.032592 -1.463374 -1.868838 -1.354175
 -1.026416 -1.714600 -1.366876 -1.576131
 -1.901714 -1.364914 -1.283688 -1.144852
 -0.683230 -1.629573 -1.207301 -15.610599
 -0.582316 -1.340001 -1.717295 -15.204303
 -0.783022 -1.284715 -1.323329 -15.377857
 -1.176730 -0.924028 -1.221466 -15.462245
 -1.379694 -1.638555 -1.490919 -1.111946
 -1.260817 -2.286669 -1.875373 -0.772893
 -1.239691 -1.681523 -1.549255 -1.164656
 -1.386294 -1.386294 -1.386294 -1.386294
 -15.503760 -0.000001 -15.503760 -15.503760
 -15.015476 -0.000001 -15.015476 -15.015476
 -15.209278 -0.000001 -15.209278 -15.209278
 -15.793751 -0.000001 -15.793751 -15.793751
 -1.386294 -1.386294 -1.386294 -1.386294
 -0.000000 -16.810743 -16.810743 -16.810743
 -1.386294 -1.386294 -1.386294 -1.386294
 -1.386294 -1.386294 -1.386294 -1.386294
 -16.810743 -16.810743 -0.000000 -16.810743
 -1.386294 -1.386294 -1.386294 -1.386294
 -1.386294 -1.386294 -1.386294 -1.386294
 -1.386294 -1.386294 -1.386294 -1.386294
 -1.386294 -1.386294 -1.386294 -1.386294
 -1.386294 -1.386294 -1.386294 -1.386294
 -16.810743 -16.810743 -0.000000 -16.810743
 -1.386294 -1.386294 -1.386294 -1.386294
 -1.386294 -1.386294 -1.386294 -1.386294
 -1.386294 -1.386294 -1.386294 -1.386294
 -1.143633 -1.841501 -1.783291 -1.036547
 -1.386294 -1.386294 -1.386294 -1.386294
 -1.072275 -1.934981 -1.231023 -1.508010
 -1.292994 -1.698458 -1.584514 -1.086073
 -1.021321 -1.568616 -1.846819 -1.295323
 -1.197880 -1.743574 -1.643874 -1.108535
