 -1.146815 0.000100 0.000100 0.000100
 -1.701810 0.000100 0.000100 0.000100
 -1.734600 0.000100 0.000100 0.000100
 -1.128466 0.000100 0.000100 0.000100
 -1.216396 -1.424034 -2.890346 -0.897944
 -1.236764 -12.644341 -2.335355 -0.489556
 -1.098616 -1.791753 -2.708014 -0.836254
 -1.522426 -1.609436 -1.368276 -1.116963
 -1.365241 -1.904232 -1.770702 -0.854419
 -1.575534 -1.757852 -2.268664 -0.659253
 -1.145136 -1.992415 -1.299284 -1.299284
 -1.878767 -1.568615 -1.504077 -0.875471
 -1.280935 -1.974072 -1.504076 -1.018573
 -1.003306 -3.401111 -2.708014 -0.628616
 -1.098615 -2.803323 -2.110200 -0.723925
 -2.470909 -1.490090 -1.372308 -0.828695
 -0.998532 -1.440361 -12.847937 -0.929540
 -1.568613 -3.177970 -1.791751 -0.539006
 -0.980833 -1.519824 -2.367103 -1.163153
 -1.765782 -1.845824 -1.558144 -0.775388
 -1.219242 -2.397879 -2.397879 -0.648700
 -1.170074 -2.268664 -2.268664 -0.728245
 -1.189587 -2.442314 -1.526054 -0.938276
 -1.819155 -1.596014 -1.213024 -1.085191
 -1.005525 -1.921806 -3.713482 -0.769138
 -1.791751 -1.098616 -3.177970 -0.780166
 -1.128468 -2.427727 -1.916914 -0.818315
 -1.960090 -1.960090 -1.266948 -0.828695
 -1.049825 -1.897113 -2.995692 -0.798512
 -1.349927 -1.909532 -1.909532 -0.810937
 -1.504076 -2.602654 -2.197206 -0.523257
 -1.497519 -1.691674 -1.497519 -0.998531
 -1.299284 -1.704745 -2.685553 -0.739672
 -0.860208 -12.468452 -2.564915 -0.693155
 -1.466336 -1.871793 -1.466336 -0.955517
 -1.665006 -2.106835 -1.126012 -1.008230
 -1.122145 -1.815285 -3.068012 -0.765472
 -1.658222 -1.435084 -2.351344 -0.741946
 -1.763583 -2.456714 -2.169040 -0.464313
 -2.316761 -2.065450 -1.623621 -0.549111
 -1.036096 -1.488076 -2.740803 -1.036096
 -1.568613 -3.177970 -2.484873 -0.405476
 -1.481603 -3.090961 -1.992415 -0.526104
 -1.642226 -1.642226 -1.642226 -0.869040
 -1.178657 -2.054114 -2.970375 -0.667835
 -1.349927 -1.909532 -1.909532 -0.810937
 -1.427116 -3.218792 -1.427116 -0.733977
 -2.172217 -2.066858 -1.536234 -0.608250
 -0.194164 -2.140053 -2.833175 -12.736712
 -0.916298 -1.386294 -1.049828 -12.206093
 -0.659253 -1.757852 -1.170074 -12.577650
 -1.330414 -1.287855 -0.777031 -13.676253
 -0.412248 -1.259543 -2.917751 -13.514411
 -0.418717 -1.558143 -2.028139 -12.847937
 -0.969403 -1.575535 -0.882392 -13.270790
 -1.386294 -1.386294 -1.386294 -1.386294
 -13.774693 -13.774693 -13.774693 -0.000003
 -12.923923 -12.923923 -12.923923 -0.000007
 -12.706861 -12.706861 -12.706861 -0.000009
 -1.386294 -1.386294 -1.386294 -1.386294
 -1.386294 -1.386294 -1.386294 -1.386294
 -1.386294 -1.386294 -1.386294 -1.386294
 -1.386294 -1.386294 -1.386294 -1.386294
 -1.768502 -2.140064 -1.285651 -0.831734
 -1.287856 -1.575534 -2.674112 -0.802353
 -1.609433 -2.995652 -2.995652 -0.356688
 -1.365241 -2.463837 -1.452252 -0.854419
 -1.739113 -1.470851 -1.470851 -1.008230
 -1.126014 -2.001471 -3.610829 -0.666484
 -1.540443 -1.540443 -12.542560 -0.559624
 -1.036096 -1.824542 -2.740803 -0.869043
 -1.665006 -2.106835 -1.470851 -0.777707
 -0.765472 -2.662564 -3.761109 -0.816765
 -1.272967 -12.429233 -2.525695 -0.446297
 -1.386294 -1.609433 -1.897107 -0.916298
 -1.841767 -1.573505 -1.516347 -0.880361
 -0.973452 -2.014895 -3.806571 -0.762144
 -1.568613 -1.791751 -12.388411 -0.470014
 -1.386294 -2.079425 -3.177970 -0.539006
 -2.146575 -2.397886 -1.299283 -0.654929
 -1.126014 -2.917732 -3.610829 -0.519882
 -1.609433 -2.995652 -1.609433 -0.597848
 -1.189587 -1.749192 -2.442314 -0.832916
 -1.860750 -2.420360 -1.408767 -0.671171
 -0.475430 -1.045972 -3.610829 -12.821269
 -0.628623 -1.098619 -2.014880 -11.918417
 -0.371572 -1.980990 -1.757852 -12.577650
 -1.397594 -0.992130 -0.962277 -13.698981
 -0.706943 -2.498689 -2.681007 -1.032364
 -0.916293 -4.007240 -1.116963 -1.368276
 -0.847302 -2.639033 -1.339775 -1.435084
 -1.386294 -1.386294 -1.386294 -1.386294
 -13.541079 -0.000004 -13.541079 -13.541079
 -11.512965 -0.000030 -11.512965 -11.512965
 -12.736712 -0.000009 -12.736712 -12.736712
 -13.122372 -0.000006 -13.122372 -13.122372
 -1.386294 -1.386294 -1.386294 -1.386294
 -0.000002 -14.346141 -14.346141 -14.346141
 -1.386294 -1.386294 -1.386294 -1.386294
 -1.386294 -1.386294 -1.386294 -1.386294
 -14.346141 -14.346141 -0.000002 -14.346141
 -1.386294 -1.386294 -1.386294 -1.386294
 -1.386294 -1.386294 -1.386294 -1.386294
 -1.386294 -1.386294 -1.386294 -1.386294
 -1.386294 -1.386294 -1.386294 -1.386294
 -1.386294 -1.386294 -1.386294 -1.386294
 -14.346141 -14.346141 -0.000002 -14.346141
 -1.386294 -1.386294 -1.386294 -1.386294
 -1.386294 -1.386294 -1.386294 -1.386294
 -1.386294 -1.386294 -1.386294 -1.386294
 -1.398129 -2.363206 -1.446919 -0.859133
 -1.386294 -1.386294 -1.386294 -1.386294
 -1.172722 -1.791755 -1.540443 -1.172722
 -0.826689 -2.079417 -1.386294 -1.673968
 -0.798512 -2.590244 -1.609435 -1.290985
 -1.443452 -1.568615 -1.386294 -1.185625
 -1.261714 0.000100 0.000100 0.000100
 -1.691959 0.000100 0.000100 0.000100
 -1.420537 0.000100 0.000100 0.000100
 -1.234126 0.000100 0.000100 0.000100
 -1.201645 -1.630639 -1.407496 -1.351927
 -1.006240 -1.642226 -1.824547 -1.274503
 -1.066352 -1.668526 -1.307514 -1.625966
 -1.945908 -1.276861 -1.326871 -1.161792
 -1.304057 -1.574346 -1.445135 -1.252763
 -1.564985 -1.609437 -1.810107 -0.850334
 -1.042822 -1.545924 -1.808287 -1.307514
 -1.945908 -1.363989 -1.176778 -1.226788
 -1.050985 -1.867743 -1.444888 -1.346449
 -0.925342 -2.001477 -1.765090 -1.213023
 -1.054938 -1.460402 -1.583004 -1.540444
 -1.572396 -1.262242 -1.513556 -1.240263
 -1.405342 -1.513556 -1.262242 -1.380025
 -1.157454 -1.881369 -1.518466 -1.157454
 -1.079921 -1.572396 -1.296144 -1.718999
 -1.647177 -1.471287 -1.191703 -1.294357
 -1.026640 -1.639742 -1.371479 -1.639742
 -1.386294 -1.425515 -1.936338 -1.006806
 -1.056054 -1.708377 -1.836210 -1.166054
 -2.026596 -1.425825 -1.304465 -1.031172
 -1.245595 -1.500486 -1.437966 -1.379126
 -1.176322 -1.628305 -1.782455 -1.117482
 -1.296144 -1.444563 -1.773066 -1.137079
 -1.811561 -1.366876 -1.292768 -1.180291
 -1.317827 -1.799663 -1.378451 -1.155308
 -1.227230 -1.809149 -1.709066 -1.015922
 -1.213023 -1.413693 -1.574035 -1.377326
 -1.972755 -1.520772 -1.233091 -1.046989
 -1.220503 -1.712977 -1.307514 -1.370034
 -0.916292 -1.609437 -2.207270 -1.237875
 -1.353505 -1.696448 -1.232144 -1.321756
 -1.835652 -1.265109 -1.243603 -1.309561
 -1.252763 -1.594512 -1.489151 -1.252763
 -1.299283 -1.756040 -1.609437 -1.036920
 -1.252763 -1.891841 -1.578185 -1.029620
 -1.654557 -1.545359 -1.151455 -1.275069
 -1.017388 -1.776491 -1.466337 -1.433547
 -1.547562 -1.598855 -1.547562 -0.987948
 -0.788459 -1.660295 -1.800057 -1.660295
 -1.491655 -1.491655 -1.337504 -1.246533
 -1.301395 -1.507247 -1.507247 -1.255933
 -1.108664 -1.514127 -1.771955 -1.272966
 -1.221992 -1.583004 -1.422662 -1.351203
 -1.960834 -1.408767 -1.408767 -0.993253
 -1.114362 -1.386294 -0.863048 -14.062374
 -0.920727 -1.116471 -1.293401 -13.937732
 -0.748209 -1.499623 -1.192139 -13.928843
 -1.195240 -1.173733 -0.946344 -14.234223
 -0.921682 -1.333927 -1.082613 -14.436090
 -0.672095 -1.311174 -1.514772 -14.159103
 -0.905118 -1.156432 -1.269761 -14.392126
 -1.386294 -1.386294 -1.386294 -1.386294
 -14.594837 -14.594837 -14.594837 -0.000001
 -14.173188 -14.173188 -14.173188 -0.000002
 -14.180157 -14.180157 -14.180157 -0.000002
 -1.386294 -1.386294 -1.386294 -1.386294
 -1.386294 -1.386294 -1.386294 -1.386294
 -1.386294 -1.386294 -1.386294 -1.386294
 -1.386294 -1.386294 -1.386294 -1.386294
 -1.842531 -1.551729 -1.168313 -1.143154
 -1.337504 -1.609437 -1.386294 -1.246533
 -1.176322 -1.453953 -1.628305 -1.340624
 -1.206099 -1.655048 -1.249584 -1.500897
 -1.680206 -1.584896 -1.231257 -1.149579
 -1.091008 -1.617100 -1.441210 -1.474000
 -0.815751 -1.936338 -1.936338 -1.312187
 -1.489151 -1.523053 -1.335001 -1.226788
 -1.393620 -1.701104 -1.587776 -1.007959
 -1.323381 -1.373391 -1.373391 -1.481604
 -1.027518 -1.914817 -1.914817 -1.057371
 -1.136001 -1.472472 -1.600305 -1.395511
 -1.326871 -1.694595 -1.326871 -1.252763
 -0.926410 -2.170730 -1.197284 -1.671741
 -1.157454 -1.658227 -1.763587 -1.127601
 -0.952010 -1.600703 -1.691675 -1.478102
 -1.701104 -1.784485 -1.158781 -1.091340
 -1.003868 -1.945908 -1.320204 -1.497885
 -1.327798 -1.474401 -1.853888 -1.051546
 -0.892945 -1.799663 -1.548350 -1.548350
 -1.806796 -1.234279 -1.565635 -1.091178
 -0.809320 -1.546917 -1.073134 -14.253768
 -0.818312 -1.014056 -1.629239 -13.835317
 -0.817711 -1.275543 -1.275543 -13.919874
 -1.309063 -0.809108 -1.256420 -14.130324
 -1.220780 -1.687399 -1.634755 -1.123931
 -1.303407 -2.043072 -1.909541 -0.797138
 -1.156183 -1.595548 -1.667007 -1.225175
 -1.386294 -1.386294 -1.386294 -1.386294
 -14.207556 -0.000002 -14.207556 -14.207556
 -13.676253 -0.000003 -13.676253 -13.676253
 -13.710155 -0.000003 -13.710155 -13.710155
 -14.403299 -0.000002 -14.403299 -14.403299
 -1.386294 -1.386294 -1.386294 -1.386294
 -0.000001 -15.434899 -15.434899 -15.434899
 -1.386294 -1.386294 -1.386294 -1.386294
 -1.386294 -1.386294 -1.386294 -1.386294
 -15.434899 -15.434899 -0.000001 -15.434899
 -1.386294 -1.386294 -1.386294 -1.386294
 -1.386294 -1.386294 -1.386294 -1.386294
 -1.386294 -1.386294 -1.386294 -1.386294
 -1.386294 -1.386294 -1.386294 -1.386294
 -1.386294 -1.386294 -1.386294 -1.386294
 -15.434899 -15.434899 -0.000001 -15.434899
 -1.386294 -1.386294 -1.386294 -1.386294
 -1.386294 -1.386294 -1.386294 -1.386294
 -1.386294 -1.386294 -1.386294 -1.386294
 -1.174703 -2.019865 -1.670681 -0.993450
 -1.386294 -1.386294 -1.386294 -1.386294
 -1.178656 -1.914360 -1.079565 -1.584120
 -1.069200 -1.639742 -2.007463 -1.113652
 -0.769689 -1.781286 -1.720662 -1.663504
 -1.402467 -2.095612 -1.517536 -0.887304
