 -1.351927 0.000100 0.000100 0.000100
 -1.724166 0.000100 0.000100 0.000100
 -1.784790 0.000100 0.000100 0.000100
 -0.928604 0.000100 0.000100 0.000100
 -1.308333 -1.470851 -2.001475 -1.008230
 -1.098614 -2.545514 -3.931733 -0.564534
 -1.037990 -1.673974 -2.261751 -1.037990
 -1.954796 -1.731654 -1.230881 -0.943199
 -0.990401 -2.051265 -2.639043 -0.847300
 -1.347074 -2.525712 -2.813385 -0.510830
 -1.119233 -2.100052 -2.282371 -0.800781
 -1.626679 -1.626679 -1.817733 -0.810932
 -1.137834 -2.159478 -1.871799 -0.890975
 -1.658225 -1.945903 -2.639034 -0.518799
 -0.980833 -2.367103 -2.367103 -0.826684
 -1.496642 -1.853316 -1.639742 -0.854790
 -1.021653 -1.832578 -2.525717 -0.916293
 -1.466336 -2.054114 -2.564926 -0.572525
 -1.145134 -1.586963 -2.174741 -1.011604
 -1.484734 -1.807506 -1.593933 -0.900788
 -1.191395 -1.971549 -1.971549 -0.872942
 -1.365241 -1.770702 -1.904232 -0.854419
 -1.386294 -1.742965 -1.897113 -0.855670
 -1.609437 -1.791758 -1.609437 -0.836249
 -1.358124 -1.358124 -2.862181 -0.847300
 -1.263693 -2.219192 -2.036874 -0.737603
 -0.980832 -3.178012 -2.079433 -0.780162
 -1.859580 -1.585145 -1.668526 -0.796689
 -2.022278 -1.386294 -2.610056 -0.608593
 -1.714795 -1.832577 -2.120255 -0.616190
 -1.466336 -2.277252 -1.717647 -0.719128
 -2.087221 -1.915371 -1.304465 -0.782276
 -0.927990 -2.662564 -1.563974 -1.122145
 -1.673974 -2.261751 -2.261751 -0.503910
 -1.405342 -2.583980 -2.360842 -0.536309
 -2.653235 -1.864783 -1.372308 -0.651763
 -1.493924 -1.812374 -13.102169 -0.490628
 -1.446918 -1.916914 -12.736712 -0.481845
 -1.927886 -2.061416 -1.810105 -0.573350
 -2.106838 -2.358150 -1.531476 -0.566397
 -1.034076 -2.014895 -3.113474 -0.762144
 -1.580448 -2.140053 -12.736712 -0.390874
 -1.410987 -2.104124 -2.104124 -0.669055
 -1.976492 -1.933932 -1.474401 -0.717540
 -1.080915 -2.079434 -2.639039 -0.767258
 -1.871796 -2.564926 -2.277252 -0.405472
 -2.197213 -2.197213 -1.860747 -0.474463
 -2.039165 -2.039165 -1.616310 -0.614160
 -1.326871 -2.505509 -13.102169 -0.426089
 -1.734596 -2.427727 -2.140053 -0.481845
 -2.174741 -3.784099 -1.481604 -0.451991
 -2.235687 -2.024379 -1.431318 -0.650065
 -0.494702 -1.074517 -3.020385 -12.923923
 -0.659253 -1.287856 -1.575534 -12.577650
 -0.773193 -1.754016 -1.006807 -13.161592
 -1.208047 -0.972733 -1.129575 -14.310209
 -13.937732 -13.937732 -13.937732 -0.000003
 -13.742944 -13.742944 -13.742944 -0.000003
 -13.592372 -13.592372 -13.592372 -0.000004
 -1.386294 -1.386294 -1.386294 -1.386294
 -1.386294 -1.386294 -1.386294 -1.386294
 -1.386294 -1.386294 -1.386294 -1.386294
 -1.386294 -1.386294 -1.386294 -1.386294
 -2.100642 -1.967111 -1.393312 -0.714350
 -1.475905 -2.862162 -12.765700 -0.336480
 -1.609435 -2.590244 -2.302570 -0.470010
 -1.218158 -2.470909 -1.864781 -0.766175
 -2.456730 -1.945908 -1.415282 -0.637579
 -1.252764 -2.282371 -3.198631 -0.559620
 -1.488076 -1.488076 -2.740803 -0.725943
 -1.326871 -3.198631 -1.812374 -0.633728
 -2.491291 -1.965201 -1.295046 -0.686799
 -1.142099 -2.058380 -3.850056 -0.631276
 -1.791754 -2.197211 -2.890333 -0.405472
 -1.368276 -2.908695 -2.621021 -0.480977
 -2.001478 -2.001478 -1.333651 -0.763107
 -0.829282 -2.215564 -4.007240 -0.829282
 -1.417066 -1.887062 -2.803323 -0.606142
 -1.189586 -2.730005 -1.526055 -0.884206
 -1.845825 -2.625979 -1.310309 -0.693148
 -0.990401 -2.051265 -2.862181 -0.814511
 -1.609434 -3.218792 -2.525695 -0.385673
 -1.098614 -2.379534 -1.791756 -0.897944
 -2.280919 -2.086765 -1.975540 -0.454075
 -0.336476 -1.504077 -2.756822 -13.353481
 -0.632529 -0.900791 -2.772551 -12.676088
 -0.435325 -2.427727 -1.329136 -12.736712
 -1.590509 -0.978709 -0.866592 -14.266589
 -0.449527 -2.674139 -2.355689 -1.618095
 -1.054650 -2.696865 -1.492904 -1.022902
 -1.258955 -3.701257 -0.705572 -1.621859
 -1.386294 -1.386294 -1.386294 -1.386294
 -14.062374 -0.000003 -14.062374 -14.062374
 -11.982954 -0.000019 -11.982954 -11.982954
 -13.473026 -0.000004 -13.473026 -13.473026
 -13.473026 -0.000004 -13.473026 -13.473026
 -1.386294 -1.386294 -1.386294 -1.386294
 -0.000001 -14.866334 -14.866334 -14.866334
 -1.386294 -1.386294 -1.386294 -1.386294
 -1.386294 -1.386294 -1.386294 -1.386294
 -14.866334 -14.866334 -0.000001 -14.866334
 -1.386294 -1.386294 -1.386294 -1.386294
 -1.386294 -1.386294 -1.386294 -1.386294
 -1.386294 -1.386294 -1.386294 -1.386294
 -1.386294 -1.386294 -1.386294 -1.386294
 -1.386294 -1.386294 -1.386294 -1.386294
 -0.544005 -1.648658 -14.866334 -1.481604
 -1.386294 -1.386294 -1.386294 -1.386294
 -1.528468 -2.472926 -1.646251 -0.681172
 -1.368276 -1.927886 -2.215564 -0.711500
 -1.386294 -1.386294 -1.386294 -1.386294
 -1.776489 -1.977158 -1.284016 -0.878553
 -0.778672 -1.808285 -2.031426 -1.402823
 -1.354546 -1.488076 -2.740803 -0.794936
 -0.767258 -2.926713 -1.192140 -1.722764
 -1.430746 -1.791758 -1.343735 -1.098613
 -1.316873 0.000100 0.000100 0.000100
 -1.581850 0.000100 0.000100 0.000100
 -1.482220 0.000100 0.000100 0.000100
 -1.206307 0.000100 0.000100 0.000100
 -1.205366 -1.705792 -1.355459 -1.343387
 -1.248012 -1.702031 -1.747840 -1.031526
 -1.022747 -1.688865 -1.457753 -1.501003
 -1.810628 -1.449961 -1.295241 -1.114628
 -1.198805 -1.668121 -1.534590 -1.223154
 -1.250650 -1.658581 -1.827657 -1.014780
 -1.143966 -1.684534 -1.571654 -1.244050
 -1.809151 -1.352393 -1.534714 -1.015921
 -1.191261 -1.743883 -1.379918 -1.310360
 -1.150894 -1.624293 -1.905195 -1.085297
 -1.068719 -1.741984 -1.588959 -1.282867
 -1.631989 -1.470347 -1.364241 -1.142441
 -1.225581 -1.632754 -1.292625 -1.441921
 -1.184337 -1.707585 -1.692081 -1.112878
 -1.146394 -1.777983 -1.402824 -1.319237
 -1.631005 -1.340956 -1.453434 -1.174720
 -1.185624 -1.767368 -1.402892 -1.280934
 -1.225401 -1.542703 -1.923166 -1.060121
 -1.136940 -1.593120 -1.622448 -1.278352
 -1.738888 -1.407243 -1.423503 -1.082941
 -1.155100 -1.707342 -1.404068 -1.354675
 -1.188434 -1.723035 -1.785070 -1.052703
 -1.118573 -1.634789 -1.563097 -1.313882
 -1.619433 -1.519567 -1.395377 -1.092303
 -1.281736 -1.674645 -1.311042 -1.326023
 -1.182243 -1.736035 -1.727937 -1.080159
 -1.121514 -1.708529 -1.431318 -1.370074
 -1.685108 -1.404917 -1.386294 -1.141974
 -1.108121 -1.739520 -1.554209 -1.262803
 -1.316561 -1.719439 -1.915812 -0.902498
 -1.133160 -1.620032 -1.562545 -1.307513
 -1.774762 -1.395864 -1.463484 -1.045749
 -1.183354 -1.719439 -1.398873 -1.317857
 -1.179000 -1.582225 -1.765890 -1.152450
 -1.140635 -1.701324 -1.444179 -1.339400
 -1.691061 -1.387156 -1.276294 -1.248895
 -1.283843 -1.723597 -1.310410 -1.291361
 -1.131402 -1.614829 -1.752228 -1.187091
 -1.100949 -1.769831 -1.406330 -1.378160
 -1.681264 -1.349361 -1.368630 -1.203973
 -1.070441 -1.584248 -1.624862 -1.366092
 -1.233715 -1.670320 -1.965328 -0.966284
 -1.012478 -1.616472 -1.689675 -1.372373
 -1.682253 -1.361867 -1.446424 -1.131798
 -1.308237 -1.897438 -1.210681 -1.266709
 -1.208765 -1.752137 -1.605534 -1.117034
 -1.153645 -1.903410 -1.301698 -1.334133
 -1.755058 -1.600135 -1.302091 -1.040520
 -0.930046 -1.317666 -1.085583 -16.029264
 -0.798690 -1.218861 -1.368393 -15.622159
 -0.862224 -1.286665 -1.198696 -16.061525
 -1.356016 -0.888208 -1.105872 -16.218845
 -16.394970 -16.394970 -16.394970 -0.000000
 -16.250002 -16.250002 -16.250002 -0.000000
 -16.226950 -16.226950 -16.226950 -0.000000
 -1.386294 -1.386294 -1.386294 -1.386294
 -1.386294 -1.386294 -1.386294 -1.386294
 -1.386294 -1.386294 -1.386294 -1.386294
 -1.386294 -1.386294 -1.386294 -1.386294
 -1.689481 -1.482220 -1.357347 -1.105912
 -1.344745 -1.572259 -1.468359 -1.198935
 -1.210563 -1.630596 -1.675620 -1.142672
 -1.175400 -1.926534 -1.182467 -1.430746
 -1.691314 -1.426835 -1.270674 -1.220737
 -1.099705 -1.531749 -1.708028 -1.310628
 -1.124146 -1.665608 -1.916922 -1.081945
 -1.098612 -1.479863 -1.680534 -1.375460
 -1.735900 -1.247422 -1.483359 -1.172346
 -1.172570 -1.947865 -1.271990 -1.318344
 -1.098612 -1.605860 -2.066385 -1.080850
 -1.089763 -1.735589 -1.769780 -1.148737
 -1.594156 -1.486428 -1.440682 -1.096689
 -1.172869 -1.884944 -1.172869 -1.473130
 -1.061871 -1.889167 -1.487008 -1.283932
 -0.945220 -1.789110 -1.405037 -1.614757
 -1.736987 -1.467231 -1.350310 -1.095935
 -0.974128 -1.771787 -1.600829 -1.383417
 -1.146468 -1.453953 -1.953728 -1.181385
 -0.880981 -1.752376 -1.687456 -1.481604
 -1.740255 -1.375779 -1.414163 -1.112450
 -0.622136 -1.596534 -1.344746 -16.262196
 -0.557563 -1.372689 -1.748857 -15.803386
 -0.596036 -1.654340 -1.355609 -15.769957
 -0.988993 -0.962037 -1.402688 -16.101967
 -1.475488 -1.692553 -1.322035 -1.137275
 -1.172224 -2.230014 -1.741434 -0.897649
 -1.250418 -1.672413 -1.516478 -1.183066
 -1.386294 -1.386294 -1.386294 -1.386294
 -16.058346 -0.000000 -16.058346 -16.058346
 -15.590464 -0.000001 -15.590464 -15.590464
 -15.929354 -0.000000 -15.929354 -15.929354
 -16.312840 -0.000000 -16.312840 -16.312840
 -1.386294 -1.386294 -1.386294 -1.386294
 0.000000 -17.392061 -17.392061 -17.392061
 -1.386294 -1.386294 -1.386294 -1.386294
 -1.386294 -1.386294 -1.386294 -1.386294
 -17.392061 -17.392061 -0.000000 -17.392061
 -1.386294 -1.386294 -1.386294 -1.386294
 -1.386294 -1.386294 -1.386294 -1.386294
 -1.386294 -1.386294 -1.386294 -1.386294
 -1.386294 -1.386294 -1.386294 -1.386294
 -1.386294 -1.386294 -1.386294 -1.386294
 -0.851315 -1.330536 -17.392061 -1.175025
 -1.386294 -1.386294 -1.386294 -1.386294
 -1.175547 -1.997686 -1.221158 -1.343953
 -1.177862 -1.833905 -1.874451 -0.970652
 -1.386294 -1.386294 -1.386294 -1.386294
 -1.581745 -1.754422 -1.309602 -1.045690
 -1.189584 -1.772730 -1.163353 -1.544836
 -1.055825 -1.830761 -1.589599 -1.245504
 -0.945262 -1.845827 -1.365241 -1.618437
 -1.671648 -1.541028 -1.447575 -1.014008
