 -1.264739 0.000100 0.000100 0.000100
 -2.020017 0.000100 0.000100 0.000100
 -1.791759 0.000100 0.000100 0.000100
 -0.871396 0.000100 0.000100 0.000100
 -0.984855 -1.646250 -3.320200 -0.922335
 -1.466336 -3.663472 -1.871796 -0.528073
 -1.119233 -2.282371 -2.505509 -0.713770
 -1.410987 -1.921810 -1.816450 -0.804853
 -0.957841 -1.458615 -2.257116 -1.276294
 -1.386294 -1.742965 -2.302570 -0.744445
 -0.931563 -2.110200 -1.887062 -1.098615
 -1.537978 -1.860751 -1.573070 -0.862225
 -1.008666 -1.670061 -3.056337 -0.916292
 -1.243195 -2.564932 -3.258054 -0.517261
 -1.056055 -3.135453 -1.882726 -0.784123
 -1.665007 -1.713796 -1.618487 -0.838331
 -0.863495 -2.020941 -2.116250 -1.123005
 -1.172722 -2.128221 -3.737579 -0.602181
 -1.358124 -12.765700 -1.945902 -0.510832
 -1.719785 -1.719785 -1.678963 -0.786967
 -1.098614 -1.829497 -2.197218 -0.928715
 -1.609435 -1.742965 -2.302570 -0.644362
 -1.516346 -1.634128 -1.516346 -1.005525
 -1.624705 -1.791758 -1.747306 -0.771929
 -1.415282 -1.358124 -3.149855 -0.782762
 -1.272967 -2.302573 -2.120255 -0.693151
 -1.504076 -2.197213 -1.609436 -0.762144
 -1.724317 -1.681758 -1.640936 -0.816762
 -1.593932 -1.450832 -3.465692 -0.632526
 -1.648656 -1.553347 -1.754016 -0.860204
 -1.363305 -1.969433 -1.681755 -0.870832
 -1.609437 -2.132683 -1.471287 -0.794402
 -1.166436 -2.319104 -2.724561 -0.645141
 -1.568614 -1.673974 -2.484890 -0.652330
 -1.832577 -2.120255 -1.966107 -0.544732
 -1.960834 -1.960834 -1.378914 -0.762141
 -1.386294 -1.540444 -1.945905 -0.934312
 -1.203974 -2.302570 -2.995692 -0.597843
 -1.326871 -2.505509 -1.589233 -0.800781
 -2.059505 -1.745849 -1.671741 -0.673214
 -1.287855 -2.268674 -2.961804 -0.563939
 -1.631414 -1.430746 -2.730005 -0.693152
 -1.568614 -2.484890 -2.079433 -0.539001
 -2.653235 -1.864783 -1.429466 -0.625095
 -0.715624 -0.973452 -2.014895 -13.017012
 -0.583151 -1.458614 -1.563974 -12.971550
 -0.884206 -1.343735 -1.120593 -13.038990
 -1.437588 -1.337504 -0.693148 -14.285517
 -1.079382 -2.236829 -3.025275 -0.683487
 -1.349927 -2.602678 -3.008135 -0.482429
 -1.299283 -2.503248 -1.756040 -0.749238
 -1.386294 -1.386294 -1.386294 -1.386294
 -13.664692 -13.664692 -13.664692 -0.000003
 -12.468452 -12.468452 -12.468452 -0.000012
 -12.542559 -12.542559 -12.542559 -0.000011
 -14.247295 -14.247295 -14.247295 -0.000002
 -1.386294 -1.386294 -1.386294 -1.386294
 -1.386294 -1.386294 -1.386294 -1.386294
 -1.386294 -1.386294 -1.386294 -1.386294
 -1.264739 -1.393120 -0.756327 -14.893922
 -1.374318 -1.933930 -4.418746 -0.527023
 -2.093229 -2.498689 -2.681007 -0.320171
 -1.526056 -2.730021 -1.400893 -0.752868
 -1.386294 -1.386294 -1.386294 -1.386294
 -0.660361 -2.302575 -13.304691 -0.958853
 -1.504076 -1.909532 -3.295752 -0.523257
 -1.491654 -2.590244 -1.742965 -0.644362
 -1.785788 -2.227619 -1.480407 -0.699154
 -1.085191 -2.106835 -4.303970 -0.640506
 -2.047681 -1.824542 -2.740803 -0.438263
 -1.120593 -2.442331 -1.749196 -0.884206
 -1.871800 -2.072470 -1.561647 -0.672387
 -0.857453 -1.887066 -3.496464 -0.931560
 -1.018573 -1.791754 -2.484885 -0.944466
 -1.228667 -2.614936 -2.327262 -0.622535
 -1.839224 -1.972755 -1.685074 -0.660572
 -1.011603 -2.734353 -13.554151 -0.559619
 -1.203974 -12.899230 -1.897113 -0.597843
 -1.308334 -1.819153 -2.001471 -0.838334
 -2.108426 -2.108426 -1.252763 -0.751989
 -0.946598 -2.258774 -3.106053 -0.770708
 -1.134983 -1.722761 -2.639022 -0.847304
 -0.936096 -1.852379 -2.140057 -1.098614
 -1.861716 -2.358150 -1.190550 -0.807559
 -0.424886 -1.098614 -4.356614 -13.567055
 -0.635995 -0.961415 -2.427727 -12.736712
 -0.441837 -2.233583 -1.386294 -13.235699
 -1.198696 -1.402295 -0.793232 -14.046625
 -0.645358 -2.254791 -2.190253 -1.351927
 -0.998531 -3.637541 -1.239692 -1.152681
 -0.916293 -2.931174 -0.985285 -1.752536
 -1.386294 -1.386294 -1.386294 -1.386294
 -14.100693 -0.000002 -14.100693 -14.100693
 -12.254882 -0.000014 -12.254882 -12.254882
 -13.400002 -0.000005 -13.400002 -13.400002
 -13.514411 -0.000004 -13.514411 -13.514411
 -1.386294 -1.386294 -1.386294 -1.386294
 -0.000001 -14.893922 -14.893922 -14.893922
 -1.386294 -1.386294 -1.386294 -1.386294
 -1.386294 -1.386294 -1.386294 -1.386294
 -14.893922 -14.893922 -0.000001 -14.893922
 -1.386294 -1.386294 -1.386294 -1.386294
 -1.386294 -1.386294 -1.386294 -1.386294
 -1.386294 -1.386294 -1.386294 -1.386294
 -1.386294 -1.386294 -1.386294 -1.386294
 -1.386294 -1.386294 -1.386294 -1.386294
 -1.264739 -2.464701 -0.633725 -2.282380
 -1.386294 -1.386294 -1.386294 -1.386294
 -1.933930 -2.020941 -1.474401 -0.705271
 -1.609434 -1.609434 -2.120246 -0.733977
 -1.098613 -2.277264 -1.830979 -0.906722
 -2.708014 -2.014891 -1.791753 -0.456767
 -1.429466 -1.777771 -1.266948 -1.171638
 -0.750311 -1.974072 -3.583430 -1.018573
 -1.006807 -2.341793 -1.386294 -1.243194
 -1.537978 -1.909541 -1.349927 -0.973450
 -1.225825 0.000100 0.000100 0.000100
 -1.589167 0.000100 0.000100 0.000100
 -1.585828 0.000100 0.000100 0.000100
 -1.211968 0.000100 0.000100 0.000100
 -1.207856 -1.801105 -1.358770 -1.276294
 -1.281603 -1.778470 -1.648658 -1.018313
 -1.134240 -1.781809 -1.469676 -1.272966
 -1.991665 -1.306958 -1.377162 -1.077057
 -1.347597 -1.709521 -1.243284 -1.306566
 -1.069723 -1.635640 -1.841239 -1.192544
 -1.066009 -1.622491 -1.505519 -1.442605
 -1.632503 -1.431832 -1.336522 -1.194248
 -1.142839 -1.652374 -1.470052 -1.348691
 -1.123803 -1.656985 -1.719786 -1.186982
 -1.058019 -1.675883 -1.602320 -1.330725
 -1.709650 -1.364528 -1.403557 -1.146181
 -1.144625 -1.819355 -1.350265 -1.345709
 -1.187712 -1.668527 -1.880859 -1.038181
 -1.151894 -1.840078 -1.492354 -1.202925
 -1.826936 -1.469520 -1.419005 -1.002111
 -1.209466 -1.642860 -1.293401 -1.452942
 -1.149328 -1.584120 -1.687498 -1.227445
 -1.100133 -1.540445 -1.526360 -1.445780
 -1.870733 -1.295369 -1.209335 -1.295369
 -1.111650 -1.672251 -1.444978 -1.396711
 -1.148158 -1.498053 -1.910298 -1.167390
 -1.138590 -1.488656 -1.537746 -1.430500
 -1.722766 -1.349927 -1.480547 -1.094652
 -1.294907 -1.647224 -1.353350 -1.290549
 -1.177893 -1.785680 -1.707037 -1.070060
 -1.244613 -1.594815 -1.517257 -1.238947
 -1.913783 -1.310633 -1.380267 -1.104677
 -1.230382 -1.671693 -1.244566 -1.461775
 -1.158630 -1.582301 -1.681556 -1.222482
 -1.028734 -1.627322 -1.534065 -1.467815
 -1.727635 -1.328400 -1.295611 -1.259963
 -1.083906 -1.686399 -1.476678 -1.393729
 -1.178655 -1.413345 -1.871802 -1.220328
 -0.979440 -1.657880 -1.629101 -1.436198
 -1.718587 -1.370710 -1.468084 -1.089492
 -1.275249 -1.842033 -1.329770 -1.211987
 -1.307704 -1.830225 -1.710266 -0.945810
 -1.171183 -1.752538 -1.537117 -1.198433
 -1.701693 -1.599694 -1.397371 -0.998529
 -1.043007 -1.413250 -0.905709 -15.833077
 -0.783373 -1.190986 -1.430390 -15.444752
 -0.887936 -1.210880 -1.235944 -15.729488
 -1.508633 -0.926443 -0.960169 -16.108046
 -1.240787 -1.470025 -1.585627 -1.286976
 -1.360869 -1.713369 -1.768428 -0.934700
 -1.116740 -1.525258 -1.689397 -1.307634
 -1.386294 -1.386294 -1.386294 -1.386294
 -15.961442 -15.961442 -15.961442 -0.000000
 -15.631964 -15.631964 -15.631964 -0.000000
 -15.516617 -15.516617 -15.516617 -0.000001
 -16.025980 -16.025980 -16.025980 -0.000000
 -1.386294 -1.386294 -1.386294 -1.386294
 -1.386294 -1.386294 -1.386294 -1.386294
 -1.386294 -1.386294 -1.386294 -1.386294
 -1.337667 -0.946609 -1.051286 -17.193098
 -1.403344 -1.468941 -1.668357 -1.092131
 -1.222018 -1.543087 -1.742844 -1.150045
 -1.175730 -1.772416 -1.296682 -1.394138
 -1.386294 -1.386294 -1.386294 -1.386294
 -1.172720 -1.929380 -1.376816 -1.228070
 -1.193923 -1.833002 -1.633289 -1.073673
 -1.033473 -1.861439 -1.657027 -1.210404
 -1.695615 -1.414203 -1.438071 -1.090617
 -1.235277 -1.496805 -1.485994 -1.350448
 -1.302457 -1.397767 -2.138166 -1.013028
 -1.053762 -1.527280 -1.720933 -1.365113
 -1.721044 -1.156278 -1.412497 -1.335863
 -1.177689 -1.684339 -1.591557 -1.194567
 -1.026416 -1.511457 -2.012232 -1.246765
 -0.992745 -1.561534 -1.766695 -1.391383
 -1.499181 -1.544133 -1.538402 -1.054214
 -1.127665 -2.049070 -1.258285 -1.334781
 -1.255237 -1.942620 -1.548716 -1.024034
 -1.007396 -1.885946 -1.420583 -1.420583
 -1.921245 -1.497854 -1.287996 -1.038055
 -1.056527 -1.775458 -1.248348 -1.629873
 -1.102770 -1.468414 -1.723596 -1.349630
 -0.976010 -1.563097 -1.556828 -1.595049
 -1.558423 -1.315373 -1.235650 -1.467451
 -0.645928 -1.561171 -1.324507 -16.023785
 -0.583147 -1.287467 -1.796421 -15.679591
 -0.796391 -1.280389 -1.305204 -15.808850
 -1.140020 -0.853558 -1.369279 -15.673370
 -1.322120 -1.687419 -1.501168 -1.122195
 -1.272459 -2.197224 -1.872985 -0.787276
 -1.293673 -1.661397 -1.562726 -1.119935
 -1.386294 -1.386294 -1.386294 -1.386294
 -15.892449 -0.000000 -15.892449 -15.892449
 -15.390358 -0.000001 -15.390358 -15.390358
 -15.581953 -0.000001 -15.581953 -15.581953
 -16.180132 -0.000000 -16.180132 -16.180132
 -1.386294 -1.386294 -1.386294 -1.386294
 0.000000 -17.193098 -17.193098 -17.193098
 -1.386294 -1.386294 -1.386294 -1.386294
 -1.386294 -1.386294 -1.386294 -1.386294
 -17.193098 -17.193098 -0.000000 -17.193098
 -1.386294 -1.386294 -1.386294 -1.386294
 -1.386294 -1.386294 -1.386294 -1.386294
 -1.386294 -1.386294 -1.386294 -1.386294
 -1.386294 -1.386294 -1.386294 -1.386294
 -1.386294 -1.386294 -1.386294 -1.386294
 -1.053241 -1.447516 -1.738591 -1.425979
 -1.386294 -1.386294 -1.386294 -1.386294
 -1.121374 -2.285125 -1.229073 -1.273525
 -1.241937 -1.644892 -2.258574 -0.882752
 -1.316913 -1.981486 -2.010060 -0.776107
 -1.580045 -1.546143 -1.481604 -1.039326
 -1.161925 -1.783207 -1.226725 -1.488252
 -1.267057 -1.809381 -1.708028 -0.985206
 -0.883501 -1.908293 -1.584745 -1.455287
 -1.587911 -1.466022 -1.679986 -0.971726
