 -1.012918 0.000100 0.000100 0.000100
 -1.750516 0.000100 0.000100 0.000100
 -2.155979 0.000100 0.000100 0.000100
 -1.057370 0.000100 0.000100 0.000100
 -1.056054 -2.036876 -2.624654 -0.800122
 -1.098615 -2.803323 -2.397874 -0.663301
 -0.788466 -3.090961 -2.397863 -0.893825
 -1.417066 -1.624704 -1.417066 -1.145134
 -0.932822 -2.164956 -2.031426 -1.019833
 -1.021656 -1.832572 -2.525695 -0.916297
 -0.955517 -1.871793 -1.871793 -1.178658
 -1.791757 -1.791757 -1.466337 -0.830350
 -1.460402 -2.079434 -1.627455 -0.806479
 -1.252765 -1.945899 -3.332119 -0.624162
 -0.980833 -2.772551 -1.519824 -1.067844
 -1.665006 -1.596014 -1.308333 -1.085191
 -1.547561 -2.058380 -2.240698 -0.592056
 -1.540443 -1.722761 -1.945899 -0.767262
 -0.955515 -2.277252 -1.871796 -1.024507
 -1.622682 -1.558144 -1.386294 -1.072638
 -1.120593 -2.036874 -1.526055 -1.120593
 -1.131405 -1.642224 -2.740803 -0.869043
 -1.329137 -1.734596 -1.446918 -1.128468
 -1.730388 -2.066858 -1.233954 -0.903714
 -0.926765 -2.484890 -3.178012 -0.735711
 -1.252765 -2.639022 -12.542560 -0.441842
 -0.870832 -3.068012 -2.662564 -0.765472
 -1.623621 -1.864781 -1.777771 -0.736322
 -1.369487 -1.880309 -2.468086 -0.676344
 -0.747224 -1.845814 -1.845814 -1.558141
 -2.140040 -2.140040 -1.223779 -0.753783
 -1.914817 -2.762105 -1.375823 -0.622054
 -1.290985 -1.897113 -2.590244 -0.693152
 -1.897107 -1.609433 -2.302555 -0.597848
 -1.308334 -2.512283 -2.001471 -0.666485
 -2.335368 -1.967647 -1.274503 -0.725939
 -1.550595 -1.704744 -2.110200 -0.723925
 -1.466336 -2.159466 -2.159466 -0.619047
 -1.974072 -1.637606 -1.504076 -0.810935
 -1.609437 -2.068966 -1.335001 -0.890317
 -1.413693 -2.224609 -2.224609 -0.615192
 -1.540443 -2.639022 -3.332119 -0.387775
 -1.491654 -2.079432 -2.302570 -0.597843
 -2.044752 -1.734599 -1.351609 -0.831735
 -1.358124 -1.763583 -2.862162 -0.664982
 -1.648654 -2.159466 -2.159466 -0.550055
 -1.036096 -1.824542 -2.740803 -0.869043
 -1.366092 -1.945907 -1.289131 -1.119233
 -13.122372 -13.122372 -13.122372 -0.000006
 -12.542559 -12.542559 -12.542559 -0.000011
 -12.736712 -12.736712 -12.736712 -0.000009
 -13.567055 -13.567055 -13.567055 -0.000004
 -1.386294 -1.386294 -1.386294 -1.386294
 -1.386294 -1.386294 -1.386294 -1.386294
 -1.386294 -1.386294 -1.386294 -1.386294
 -1.258040 -1.203973 -0.877577 -14.457367
 -13.199332 -13.199332 -13.199332 -0.000006
 -13.253399 -13.253399 -13.253399 -0.000005
 -13.579793 -13.579793 -13.579793 -0.000004
 -1.386294 -1.386294 -1.386294 -1.386294
 -1.386294 -1.386294 -1.386294 -1.386294
 -1.386294 -1.386294 -1.386294 -1.386294
 -1.386294 -1.386294 -1.386294 -1.386294
 -1.951186 -2.068968 -1.355204 -0.747215
 -1.349927 -1.686394 -3.295752 -0.656787
 -3.177970 -1.386294 -2.079425 -0.539006
 -1.001451 -3.198631 -1.406913 -1.058609
 -1.727219 -2.302578 -1.364316 -0.762142
 -1.658225 -1.658225 -3.737579 -0.518799
 -2.397863 -1.992415 -1.299284 -0.693156
 -1.265668 -1.717647 -2.564926 -0.773195
 -1.757856 -1.521469 -1.247033 -1.133705
 -1.386294 -1.974072 -3.583430 -0.539003
 -1.531475 -2.224609 -2.224609 -0.566402
 -1.358124 -2.169040 -1.945902 -0.722140
 -2.008820 -2.209488 -1.462280 -0.645522
 -0.971864 -2.512283 -3.610829 -0.666484
 -3.090961 -1.992415 -1.704741 -0.451996
 -1.575534 -12.577650 -1.287856 -0.659253
 -1.580450 -1.791758 -1.629239 -0.840785
 -0.847302 -1.791755 -3.737579 -0.965084
 -2.036866 -1.526054 -2.442314 -0.570555
 -2.110200 -2.397874 -2.110200 -0.405473
 -1.688574 -2.123888 -1.343735 -0.832911
 -0.405471 -1.172722 -3.737579 -12.948019
 -0.424893 -1.060876 -12.468452 -12.468452
 -0.600781 -1.488075 -1.488075 -12.644341
 -1.375365 -0.873275 -1.109663 -13.721204
 -0.453670 -2.245420 -2.650880 -1.670061
 -1.160171 -2.818379 -1.639742 -0.837399
 -1.152682 -2.028139 -0.998532 -1.691672
 -1.386294 -1.386294 -1.386294 -1.386294
 -13.676253 -0.000003 -13.676253 -13.676253
 -12.100734 -0.000017 -12.100734 -12.100734
 -12.706860 -0.000009 -12.706860 -12.706860
 -13.161592 -0.000006 -13.161592 -13.161592
 -1.386294 -1.386294 -1.386294 -1.386294
 -0.000002 -14.457367 -14.457367 -14.457367
 -1.386294 -1.386294 -1.386294 -1.386294
 -1.386294 -1.386294 -1.386294 -1.386294
 -14.457367 -14.457367 -0.000002 -14.457367
 -1.386294 -1.386294 -1.386294 -1.386294
 -1.386294 -1.386294 -1.386294 -1.386294
 -1.386294 -1.386294 -1.386294 -1.386294
 -1.386294 -1.386294 -1.386294 -1.386294
 -1.386294 -1.386294 -1.386294 -1.386294
 -14.457367 -14.457367 -0.000002 -14.457367
 -1.386294 -1.386294 -1.386294 -1.386294
 -1.386294 -1.386294 -1.386294 -1.386294
 -1.386294 -1.386294 -1.386294 -1.386294
 -1.335001 -1.691675 -1.485824 -1.119890
 -1.386294 -1.386294 -1.386294 -1.386294
 -1.078812 -1.714795 -1.427116 -1.427116
 -0.990402 -1.945902 -1.945902 -1.070444
 -0.542330 -3.068012 -2.374890 -1.276294
 -1.642226 -2.517683 -0.949083 -1.082614
 -1.325670 0.000100 0.000100 0.000100
 -1.543923 0.000100 0.000100 0.000100
 -1.287204 0.000100 0.000100 0.000100
 -1.407348 0.000100 0.000100 0.000100
 -1.446918 -1.852379 -1.159238 -1.223777
 -1.410987 -1.767657 -1.767657 -0.880363
 -1.025855 -1.572395 -1.262243 -1.890845
 -1.770702 -1.652920 -0.959779 -1.365241
 -1.183772 -2.282371 -1.252764 -1.183772
 -1.252764 -1.358124 -1.609435 -1.358124
 -1.540444 -1.386294 -1.540444 -1.134982
 -1.553347 -1.754016 -1.553347 -0.906724
 -1.925285 -2.261751 -1.232145 -0.780162
 -1.213024 -1.531475 -2.001471 -1.045972
 -1.386294 -1.481604 -1.299284 -1.386294
 -1.658226 -1.098614 -1.504077 -1.370546
 -1.410987 -1.516346 -1.410987 -1.228667
 -1.076142 -1.481604 -1.586963 -1.481604
 -1.241714 -1.321756 -1.504076 -1.504076
 -1.419084 -1.562184 -1.182697 -1.419084
 -1.485384 -2.024375 -1.485384 -0.879252
 -1.386294 -1.704745 -1.586963 -1.011604
 -1.163152 -1.568614 -1.098614 -1.925285
 -1.904232 -1.770702 -1.211092 -0.959779
 -1.241714 -2.014895 -1.321756 -1.167607
 -1.098615 -1.193925 -2.110200 -1.417066
 -1.292769 -1.446918 -1.852379 -1.098614
 -2.063687 -1.504077 -1.435084 -0.885041
 -1.120593 -1.430746 -1.343735 -1.749196
 -1.339775 -1.540443 -1.339775 -1.339775
 -1.360977 -1.466336 -1.265668 -1.466336
 -2.094939 -1.341174 -1.038895 -1.341174
 -1.299284 -1.299284 -1.219242 -1.838274
 -1.631414 -1.526055 -1.749196 -0.884206
 -1.047321 -1.645154 -1.478101 -1.478101
 -1.609436 -1.408767 -1.609436 -1.034076
 -1.203974 -1.427116 -1.714795 -1.272967
 -1.219242 -1.704745 -2.685553 -0.788462
 -1.053153 -2.374890 -1.363305 -1.196252
 -2.061416 -1.174121 -1.704745 -0.962813
 -1.514127 -1.966107 -1.514127 -0.867504
 -1.410987 -1.634128 -1.921806 -0.880363
 -0.931563 -1.704744 -1.887062 -1.299284
 -1.275069 -1.916918 -1.386294 -1.128467
 -1.197704 -1.890845 -2.024375 -0.879252
 -1.824542 -2.047681 -1.642224 -0.661405
 -1.360977 -1.360977 -1.466336 -1.360977
 -1.461517 -1.461517 -1.749197 -1.015232
 -13.060496 -13.060496 -13.060496 -0.000006
 -12.847937 -12.847937 -12.847937 -0.000008
 -12.736712 -12.736712 -12.736712 -0.000009
 -13.500805 -13.500805 -13.500805 -0.000004
 -1.386294 -1.386294 -1.386294 -1.386294
 -1.386294 -1.386294 -1.386294 -1.386294
 -1.386294 -1.386294 -1.386294 -1.386294
 -1.179958 -0.994816 -1.130362 -14.467838
 -13.287885 -13.287885 -13.287885 -0.000005
 -13.473026 -13.473026 -13.473026 -0.000004
 -13.337481 -13.337481 -13.337481 -0.000005
 -1.386294 -1.386294 -1.386294 -1.386294
 -1.386294 -1.386294 -1.386294 -1.386294
 -1.386294 -1.386294 -1.386294 -1.386294
 -1.386294 -1.386294 -1.386294 -1.386294
 -1.925289 -1.306252 -1.473306 -1.037988
 -1.134983 -2.639022 -0.847304 -1.722761
 -1.648656 -1.466336 -1.553347 -1.006807
 -1.386294 -1.586963 -1.299284 -1.299284
 -1.821609 -1.446919 -0.961413 -1.511457
 -1.410987 -1.634128 -1.516346 -1.074517
 -1.584118 -1.871796 -1.466336 -0.890977
 -1.913645 -1.220503 -1.220503 -1.338285
 -1.629238 -1.292769 -1.223777 -1.446918
 -1.213024 -1.308334 -1.213024 -2.001471
 -1.263693 -1.526055 -2.442331 -0.884206
 -1.366876 -1.098614 -1.292769 -1.985909
 -1.495493 -1.352393 -1.662546 -1.116006
 -1.272967 -1.609436 -1.272967 -1.427116
 -1.243195 -2.005327 -1.553347 -1.006807
 -1.386294 -1.290985 -1.742965 -1.203974
 -1.832577 -1.514127 -1.078812 -1.272967
 -1.211092 -1.452252 -1.285199 -1.652920
 -1.265668 -1.178657 -2.277252 -1.178657
 -1.326871 -2.100052 -1.058609 -1.326871
 -1.845823 -1.270463 -1.845823 -0.907560
 -0.592056 -1.452252 -1.547561 -13.060496
 -0.973452 -0.973452 -1.408767 -13.017012
 -0.670162 -1.458614 -1.363305 -12.971550
 -1.152681 -0.784958 -1.478101 -13.253399
 -1.160745 -1.528468 -1.853888 -1.160745
 -1.673974 -1.760985 -1.450832 -0.900789
 -1.034076 -1.860747 -2.197213 -0.973452
 -1.386294 -1.386294 -1.386294 -1.386294
 -13.199332 -0.000006 -13.199332 -13.199332
 -12.793870 -0.000008 -12.793870 -12.793870
 -12.706860 -0.000009 -12.706860 -12.706860
 -13.444452 -0.000004 -13.444452 -13.444452
 -1.386294 -1.386294 -1.386294 -1.386294
 -0.000002 -14.467838 -14.467838 -14.467838
 -1.386294 -1.386294 -1.386294 -1.386294
 -1.386294 -1.386294 -1.386294 -1.386294
 -14.467838 -14.467838 -0.000002 -14.467838
 -1.386294 -1.386294 -1.386294 -1.386294
 -1.386294 -1.386294 -1.386294 -1.386294
 -1.386294 -1.386294 -1.386294 -1.386294
 -1.386294 -1.386294 -1.386294 -1.386294
 -1.386294 -1.386294 -1.386294 -1.386294
 -14.467838 -14.467838 -0.000002 -14.467838
 -1.386294 -1.386294 -1.386294 -1.386294
 -1.386294 -1.386294 -1.386294 -1.386294
 -1.386294 -1.386294 -1.386294 -1.386294
 -1.345472 -1.856297 -1.673976 -0.926763
 -1.386294 -1.386294 -1.386294 -1.386294
 -1.203974 -1.966107 -1.139436 -1.427116
 -1.098616 -2.302565 -1.609435 -1.003306
 -0.750311 -1.974072 -2.484884 -1.185626
 -0.998531 -2.251285 -2.028143 -0.929538
