 -1.392025 0.000100 0.000100 0.000100
 -1.868948 0.000100 0.000100 0.000100
 -1.567474 0.000100 0.000100 0.000100
 -0.945279 0.000100 0.000100 0.000100
 -1.133705 -1.521469 -2.386459 -1.000174
 -1.349927 -2.602672 -2.890346 -0.492481
 -1.199418 -2.681007 -1.987870 -0.706943
 -1.916921 -1.734600 -1.275069 -0.923672
 -1.134981 -2.128227 -2.128227 -0.819901
 -1.118032 -1.871797 -2.341793 -0.860204
 -1.304949 -2.978899 -1.592629 -0.745336
 -1.642227 -1.785327 -1.609437 -0.823919
 -1.455287 -1.555370 -2.101910 -0.836250
 -1.211092 -2.240698 -2.058380 -0.759109
 -1.575535 -1.980996 -1.863214 -0.693151
 -1.711220 -1.952381 -1.432507 -0.823919
 -0.985285 -1.832578 -2.708035 -0.916293
 -1.216396 -2.379534 -2.197215 -0.693151
 -1.370546 -2.197217 -1.745237 -0.775842
 -1.971551 -1.884540 -1.451677 -0.745108
 -1.573505 -1.921809 -2.327270 -0.600059
 -1.568614 -2.079433 -2.484890 -0.539001
 -1.187167 -1.679640 -1.880309 -1.033017
 -1.526056 -1.714108 -1.584896 -0.922522
 -0.980831 -1.897117 -2.436107 -0.948041
 -1.287855 -2.674130 -2.674130 -0.534086
 -1.098614 -2.890346 -1.791756 -0.810933
 -1.596859 -1.843718 -1.596859 -0.828490
 -1.197053 -1.791757 -3.178033 -0.714203
 -1.481604 -2.174741 -1.838274 -0.693152
 -1.312187 -2.564932 -1.648656 -0.773193
 -1.766757 -1.927099 -1.536234 -0.758531
 -1.123931 -1.817075 -2.436107 -0.855668
 -1.163152 -2.772564 -1.791755 -0.780162
 -1.704745 -2.621021 -1.442383 -0.675132
 -1.982498 -2.122259 -1.205971 -0.813930
 -1.168572 -1.665006 -2.358146 -0.902870
 -1.203974 -1.897113 -2.995692 -0.693152
 -1.412270 -2.564938 -1.717649 -0.693150
 -1.843718 -1.695298 -1.170775 -1.055263
 -1.661396 -1.536234 -2.066858 -0.758532
 -1.704745 -2.215564 -1.704745 -0.640041
 -1.232144 -2.484895 -1.443452 -0.944464
 -1.750936 -2.330752 -1.232144 -0.826680
 -13.473026 -13.473026 -13.473026 -0.000004
 -12.971550 -12.971550 -12.971550 -0.000007
 -13.579793 -13.579793 -13.579793 -0.000004
 -14.266589 -14.266589 -14.266589 -0.000002
 -1.386294 -1.386294 -1.386294 -1.386294
 -1.386294 -1.386294 -1.386294 -1.386294
 -1.386294 -1.386294 -1.386294 -1.386294
 -1.850599 -1.730798 -1.527200 -0.801688
 -13.217681 -13.217681 -13.217681 -0.000005
 -13.337481 -13.337481 -13.337481 -0.000005
 -13.541079 -13.541079 -13.541079 -0.000004
 -14.266589 -14.266589 -14.266589 -0.000002
 -1.386294 -1.386294 -1.386294 -1.386294
 -1.386294 -1.386294 -1.386294 -1.386294
 -1.386294 -1.386294 -1.386294 -1.386294
 -1.380596 -1.427116 -0.676150 -15.068274
 -1.386294 -1.481604 -4.477242 -0.670677
 -1.791757 -1.722765 -2.639045 -0.538999
 -1.420583 -2.348567 -1.570865 -0.787335
 -1.386294 -1.386294 -1.386294 -1.386294
 -1.073612 -2.066858 -3.676256 -0.680571
 -1.243195 -2.159475 -2.564932 -0.655411
 -1.219242 -3.784099 -1.586963 -0.739672
 -2.120261 -1.986730 -1.314638 -0.745946
 -1.239692 -1.765782 -13.541079 -0.617164
 -1.634128 -1.634128 -3.713482 -0.535524
 -1.354546 -3.028495 -1.642226 -0.693150
 -2.006167 -1.883566 -1.615302 -0.664328
 -1.238375 -1.931517 -13.444452 -0.570548
 -0.967587 -1.832577 -3.218834 -0.867504
 -1.365241 -2.463837 -3.156959 -0.482857
 -1.780948 -1.882730 -1.526056 -0.772285
 -1.228666 -2.327270 -4.406624 -0.514902
 -1.347074 -1.832577 -2.302573 -0.733973
 -1.219242 -3.091002 -1.481604 -0.839755
 -2.163320 -2.214613 -1.247033 -0.716405
 -1.070443 -2.639043 -4.248401 -0.559619
 -0.838334 -2.001471 -2.512283 -1.045972
 -1.054162 -2.803341 -1.550596 -0.970781
 -1.774951 -2.180415 -1.414950 -0.745334
 -0.525269 -1.066865 -2.740828 -13.742944
 -0.581928 -1.041457 -2.427727 -12.736712
 -0.349678 -2.319104 -1.625965 -13.321220
 -1.450010 -0.993253 -0.928714 -14.297939
 -0.673979 -2.270833 -2.153050 -1.305756
 -1.116962 -2.908708 -1.609437 -0.871840
 -0.976917 -2.496732 -0.976917 -1.803591
 -1.386294 -1.386294 -1.386294 -1.386294
 -14.200776 -0.000002 -14.200776 -14.200776
 -12.577650 -0.000010 -12.577650 -12.577650
 -13.487012 -0.000004 -13.487012 -13.487012
 -13.835317 -0.000003 -13.835317 -13.835317
 -1.386294 -1.386294 -1.386294 -1.386294
 -0.000001 -15.068274 -15.068274 -15.068274
 -1.386294 -1.386294 -1.386294 -1.386294
 -1.386294 -1.386294 -1.386294 -1.386294
 -15.068274 -15.068274 -0.000001 -15.068274
 -1.386294 -1.386294 -1.386294 -1.386294
 -1.386294 -1.386294 -1.386294 -1.386294
 -1.386294 -1.386294 -1.386294 -1.386294
 -1.386294 -1.386294 -1.386294 -1.386294
 -1.386294 -1.386294 -1.386294 -1.386294
 -1.223204 -2.423944 -0.653927 -2.331571
 -1.386294 -1.386294 -1.386294 -1.386294
 -1.376632 -2.069776 -1.415853 -0.971169
 -1.131405 -1.354546 -3.433900 -0.949085
 -1.291984 -1.802808 -1.908168 -0.886519
 -2.833175 -1.734596 -0.887308 -1.041457
 -1.076141 -1.586964 -1.769284 -1.258461
 -0.998531 -1.558143 -1.740463 -1.403994
 -0.985819 -1.902103 -1.432104 -1.432104
 -1.213682 -2.442342 -1.316336 -1.056054
 -1.326416 0.000100 0.000100 0.000100
 -1.578641 0.000100 0.000100 0.000100
 -1.477387 0.000100 0.000100 0.000100
 -1.203691 0.000100 0.000100 0.000100
 -1.216794 -1.590510 -1.418660 -1.354944
 -1.292476 -1.783595 -1.941819 -0.882048
 -1.179582 -1.909541 -1.628130 -1.055128
 -1.777773 -1.515409 -1.287150 -1.092995
 -1.344285 -1.670681 -1.357024 -1.225097
 -1.232785 -1.557024 -1.880810 -1.063367
 -1.198897 -1.598052 -1.542993 -1.264280
 -1.820002 -1.251498 -1.536234 -1.088537
 -1.170846 -1.830840 -1.532348 -1.159673
 -1.109786 -1.727220 -1.686398 -1.179582
 -1.202656 -1.544405 -1.563097 -1.284894
 -1.617513 -1.421769 -1.577773 -1.038777
 -1.239137 -1.942865 -1.475525 -1.083484
 -1.195605 -1.688080 -1.888751 -1.017924
 -1.119490 -1.682275 -1.704747 -1.184873
 -1.664246 -1.461018 -1.416067 -1.090644
 -1.205025 -1.664557 -1.454837 -1.281565
 -1.173066 -1.769585 -1.880810 -1.000453
 -1.228666 -1.593308 -1.744131 -1.110883
 -1.958584 -1.541285 -1.451337 -0.890186
 -1.199417 -1.599216 -1.533619 -1.270035
 -1.056590 -1.579837 -2.118832 -1.120306
 -1.031261 -1.625967 -1.471816 -1.526876
 -1.583215 -1.559958 -1.537229 -0.995428
 -1.413042 -1.919859 -1.321023 -1.069709
 -1.428495 -1.878019 -1.751267 -0.834978
 -1.081806 -1.679642 -1.551808 -1.336697
 -1.620487 -1.593089 -1.527706 -0.962680
 -1.202836 -1.537038 -1.417493 -1.417493
 -1.279959 -1.585340 -1.826501 -1.032551
 -1.149504 -1.598052 -1.542993 -1.319849
 -1.798876 -1.442202 -1.311174 -1.112898
 -1.340385 -1.619556 -1.434414 -1.197284
 -1.248895 -1.563975 -1.839387 -1.064324
 -1.379022 -1.721307 -1.350448 -1.170477
 -1.877483 -1.355609 -1.271348 -1.175120
 -1.150863 -1.684945 -1.442384 -1.340105
 -1.313882 -1.819817 -1.772189 -0.918270
 -1.187560 -1.953027 -1.298102 -1.272459
 -1.564869 -1.490762 -1.367702 -1.167988
 -14.975533 -14.975533 -14.975533 -0.000001
 -14.585621 -14.585621 -14.585621 -0.000001
 -14.845132 -14.845132 -14.845132 -0.000001
 -15.118424 -15.118424 -15.118424 -0.000001
 -1.386294 -1.386294 -1.386294 -1.386294
 -1.386294 -1.386294 -1.386294 -1.386294
 -1.386294 -1.386294 -1.386294 -1.386294
 -1.686737 -1.217876 -1.620488 -1.135638
 -14.599414 -14.599414 -14.599414 -0.000001
 -15.068274 -15.068274 -15.068274 -0.000001
 -14.665663 -14.665663 -14.665663 -0.000001
 -15.150513 -15.150513 -15.150513 -0.000001
 -1.386294 -1.386294 -1.386294 -1.386294
 -1.386294 -1.386294 -1.386294 -1.386294
 -1.386294 -1.386294 -1.386294 -1.386294
 -1.339237 -0.964342 -1.030804 -16.286150
 -1.342123 -1.546917 -1.317732 -1.354546
 -1.191487 -1.729440 -1.821007 -1.030063
 -1.300073 -1.602354 -1.274321 -1.400614
 -1.386294 -1.386294 -1.386294 -1.386294
 -1.126011 -1.681008 -1.633755 -1.223175
 -1.111685 -2.146579 -1.681217 -0.999767
 -1.038418 -1.828938 -1.605795 -1.256419
 -1.716410 -1.289668 -1.354908 -1.248425
 -1.193340 -1.648075 -1.589235 -1.203002
 -1.224653 -1.422012 -1.963608 -1.125281
 -1.029620 -1.578185 -1.745239 -1.339774
 -1.742969 -1.141172 -1.609438 -1.185624
 -1.098613 -1.909542 -1.424035 -1.280934
 -0.990132 -1.602517 -2.295663 -1.119666
 -1.107829 -1.670922 -1.800975 -1.150389
 -1.423817 -1.646960 -1.535735 -1.046187
 -1.148209 -1.948601 -1.255455 -1.365017
 -1.136532 -1.733051 -1.844276 -1.066573
 -1.019624 -1.987873 -1.363720 -1.400088
 -1.628180 -1.757857 -1.240897 -1.072433
 -1.075356 -1.937124 -1.472237 -1.254235
 -1.218414 -1.441557 -1.791758 -1.200395
 -1.038181 -1.677260 -1.545924 -1.402824
 -1.519826 -1.409284 -1.386294 -1.248511
 -0.622658 -1.456090 -1.468211 -15.085272
 -0.420408 -1.456498 -2.205733 -14.674173
 -0.551065 -1.598052 -1.507901 -14.778687
 -1.132619 -0.868805 -1.353406 -15.006399
 -1.295972 -1.767188 -1.496642 -1.103600
 -1.263458 -1.989394 -1.967415 -0.819325
 -1.221388 -1.914534 -1.382318 -1.181648
 -1.386294 -1.386294 -1.386294 -1.386294
 -15.015476 -0.000001 -15.015476 -15.015476
 -14.430698 -0.000002 -14.430698 -14.430698
 -14.707510 -0.000001 -14.707510 -14.707510
 -15.255346 -0.000001 -15.255346 -15.255346
 -1.386294 -1.386294 -1.386294 -1.386294
 -0.000000 -16.286150 -16.286150 -16.286150
 -1.386294 -1.386294 -1.386294 -1.386294
 -1.386294 -1.386294 -1.386294 -1.386294
 -16.286150 -16.286150 -0.000000 -16.286150
 -1.386294 -1.386294 -1.386294 -1.386294
 -1.386294 -1.386294 -1.386294 -1.386294
 -1.386294 -1.386294 -1.386294 -1.386294
 -1.386294 -1.386294 -1.386294 -1.386294
 -1.386294 -1.386294 -1.386294 -1.386294
 -1.030804 -1.546380 -1.738271 -1.368699
 -1.386294 -1.386294 -1.386294 -1.386294
 -1.125025 -2.093760 -1.200818 -1.381566
 -1.355042 -1.974080 -1.974080 -0.767256
 -1.118031 -2.293013 -1.782189 -0.906722
 -1.612765 -2.043547 -1.288270 -0.927987
 -1.126264 -2.014902 -1.203973 -1.417066
 -0.965082 -1.899388 -1.854937 -1.161792
 -0.980830 -2.108428 -1.415282 -1.344330
 -1.647720 -1.490091 -1.511144 -1.017487
