 -1.427116 0.000100 0.000100 0.000100
 -2.014902 0.000100 0.000100 0.000100
 -1.811962 0.000100 0.000100 0.000100
 -0.769309 0.000100 0.000100 0.000100
 -1.141173 -1.974077 -2.197217 -0.842681
 -0.980833 -1.897113 -2.995692 -0.855670
 -0.947384 -2.100052 -1.945904 -1.058609
 -1.437966 -2.295412 -1.296888 -0.945491
 -1.065824 -1.860750 -2.101910 -0.973451
 -1.098615 -2.484884 -3.583430 -0.587793
 -1.116963 -2.908695 -2.215564 -0.675132
 -1.688080 -2.071070 -1.446919 -0.790141
 -1.283347 -2.020941 -1.933930 -0.807925
 -1.252764 -2.456714 -1.945902 -0.722140
 -0.784123 -2.730004 -2.219192 -0.995431
 -2.204601 -2.347701 -1.416147 -0.595168
 -1.238375 -1.669155 -2.847793 -0.768373
 -0.836254 -2.302565 -3.401111 -0.836254
 -1.174121 -2.621021 -1.810105 -0.788461
 -1.687769 -2.093232 -1.428258 -0.793953
 -1.047970 -2.552034 -1.858896 -0.878072
 -0.929540 -1.845821 -2.944399 -0.929540
 -0.947384 -3.198631 -2.100052 -0.800781
 -2.079439 -1.868131 -1.478667 -0.707964
 -1.137834 -1.791757 -2.564938 -0.830350
 -1.475905 -2.862162 -2.169040 -0.510832
 -1.041456 -2.833188 -1.985909 -0.796335
 -1.654557 -1.916921 -1.545359 -0.801782
 -1.348073 -2.264357 -2.397886 -0.606139
 -1.558143 -2.028139 -2.538951 -0.546550
 -1.189586 -3.135453 -1.430746 -0.884206
 -1.938740 -1.938740 -1.173274 -0.909123
 -1.182697 -1.642226 -1.562184 -1.236763
 -1.358124 -2.456714 -1.157455 -1.070444
 -1.673974 -2.549431 -1.593932 -0.632526
 -2.101258 -1.938740 -1.379126 -0.729783
 -1.740463 -1.558143 -2.656739 -0.609068
 -1.386294 -2.079432 -1.897113 -0.744445
 -1.386294 -2.330747 -1.232144 -1.018571
 -2.102605 -1.930756 -1.113998 -0.904907
 -0.944464 -1.791756 -3.295794 -0.897944
 -1.276294 -3.068012 -1.276294 -0.927990
 -1.470851 -2.001475 -2.224616 -0.640506
 -2.374901 -1.768769 -1.146241 -0.870830
 -1.236763 -1.929905 -2.740821 -0.693150
 -1.969433 -1.563974 -2.662564 -0.542330
 -1.840546 -2.063687 -1.945905 -0.559619
 -2.397890 -2.049586 -1.417066 -0.620124
 -13.038991 -13.038991 -13.038991 -0.000007
 -12.971550 -12.971550 -12.971550 -0.000007
 -13.081550 -13.081550 -13.081550 -0.000006
 -14.304093 -14.304093 -14.304093 -0.000002
 -1.386294 -1.386294 -1.386294 -1.386294
 -1.386294 -1.386294 -1.386294 -1.386294
 -1.386294 -1.386294 -1.386294 -1.386294
 -2.371576 -2.238045 -1.149906 -0.727049
 -0.336481 -1.386294 -3.332119 -12.542559
 -0.826684 -1.268513 -1.268513 -12.676089
 -0.864999 -1.509354 -1.027518 -13.764221
 -1.480226 -1.215534 -0.742629 -14.187077
 -1.494775 -2.107876 -3.063375 -0.498444
 -1.548812 -2.302577 -2.590255 -0.490209
 -1.636344 -2.329487 -1.636344 -0.666947
 -1.386294 -1.386294 -1.386294 -1.386294
 -1.007643 -2.533683 -13.353481 -0.587790
 -1.673972 -3.465648 -2.367103 -0.374701
 -1.417066 -12.706861 -1.887062 -0.500782
 -1.815289 -1.851656 -1.621133 -0.728655
 -1.178656 -1.977158 -13.384734 -0.590872
 -2.110200 -2.397874 -1.887062 -0.451993
 -1.435084 -2.351360 -1.945903 -0.646632
 -2.130732 -1.779336 -1.337504 -0.798509
 -1.197704 -1.667704 -13.180640 -0.674459
 -1.196252 -2.151752 -2.662564 -0.670162
 -1.890845 -2.583980 -1.405342 -0.638091
 -1.839224 -1.798403 -1.379694 -0.858398
 -1.277661 -2.164956 -4.110780 -0.527359
 -1.011604 -3.784099 -3.091002 -0.565319
 -1.686396 -1.424034 -1.909537 -0.853493
 -2.176168 -1.953025 -1.056940 -0.923409
 -1.369487 -1.774949 -2.978899 -0.643554
 -2.104124 -1.921806 -2.614936 -0.417741
 -1.609436 -2.484893 -1.609436 -0.660361
 -1.897118 -1.609437 -1.358124 -0.934310
 -13.180640 -13.180640 -13.180640 -0.000006
 -13.102169 -13.102169 -13.102169 -0.000006
 -13.199332 -13.199332 -13.199332 -0.000006
 -14.180157 -14.180157 -14.180157 -0.000002
 -1.386294 -1.386294 -1.386294 -1.386294
 -1.386294 -1.386294 -1.386294 -1.386294
 -1.386294 -1.386294 -1.386294 -1.386294
 -1.469676 -2.708047 -1.040344 -1.049822
 -13.444452 -13.444452 -13.444452 -0.000004
 -12.206093 -12.206093 -12.206093 -0.000015
 -13.873783 -13.873783 -13.873783 -0.000003
 -13.864305 -13.864305 -13.864305 -0.000003
 -1.386294 -1.386294 -1.386294 -1.386294
 -1.386294 -1.386294 -1.386294 -1.386294
 -1.386294 -1.386294 -1.386294 -1.386294
 -0.000001 -14.914124 -14.914124 -14.914124
 -14.914124 -14.914124 -0.000001 -14.914124
 -1.386294 -1.386294 -1.386294 -1.386294
 -1.386294 -1.386294 -1.386294 -1.386294
 -1.386294 -1.386294 -1.386294 -1.386294
 -1.386294 -1.386294 -1.386294 -1.386294
 -1.386294 -1.386294 -1.386294 -1.386294
 -14.914124 -14.914124 -0.000001 -14.914124
 -1.386294 -1.386294 -1.386294 -1.386294
 -1.386294 -1.386294 -1.386294 -1.386294
 -1.386294 -1.386294 -1.386294 -1.386294
 -1.373049 -2.014902 -1.576648 -0.899762
 -1.386294 -1.386294 -1.386294 -1.386294
 -1.111859 -1.691674 -1.386294 -1.440361
 -1.123932 -2.590244 -1.290985 -1.123932
 -0.908261 -2.740821 -2.047687 -0.908261
 -1.436725 -2.606789 -1.066352 -1.066352
 -1.311447 0.000100 0.000100 0.000100
 -1.828702 0.000100 0.000100 0.000100
 -1.721730 0.000100 0.000100 0.000100
 -0.938558 0.000100 0.000100 0.000100
 -1.147884 -1.811176 -1.466337 -1.243194
 -0.949083 -2.335365 -1.929905 -0.991642
 -1.015232 -1.669155 -1.526055 -1.461517
 -2.072838 -1.685074 -1.256080 -0.906407
 -1.149385 -1.976060 -1.479626 -1.149385
 -1.386294 -1.519825 -1.856294 -0.980831
 -1.419817 -1.620487 -1.419817 -1.143565
 -1.535329 -1.571697 -1.689480 -0.935710
 -1.326871 -1.945907 -1.449473 -1.029621
 -1.294728 -2.093229 -2.344540 -0.679544
 -1.111353 -2.172217 -1.661396 -1.002154
 -1.821611 -1.511457 -1.545359 -0.905323
 -1.247458 -1.652922 -1.407800 -1.285199
 -1.036094 -1.642226 -1.824546 -1.236763
 -1.213024 -1.819155 -1.531476 -1.126012
 -1.682559 -1.682559 -1.584120 -0.860202
 -1.347074 -2.120259 -1.309334 -1.049823
 -1.318241 -1.623621 -2.470909 -0.796946
 -1.258955 -1.561235 -1.450010 -1.303407
 -1.806796 -1.602002 -1.678963 -0.803497
 -1.241714 -1.727219 -1.364316 -1.280934
 -0.952660 -2.051265 -2.456725 -0.916293
 -1.165753 -2.041215 -1.348073 -1.208312
 -1.708108 -1.477586 -1.671741 -0.909603
 -1.118031 -2.246490 -1.243194 -1.277095
 -1.056054 -2.154658 -2.036876 -0.901904
 -0.942610 -1.704746 -1.635754 -1.453433
 -1.777159 -1.616817 -1.511457 -0.887304
 -1.020652 -2.512298 -2.001477 -0.859384
 -1.321756 -1.529394 -1.529394 -1.203974
 -1.172721 -1.945907 -1.540444 -1.098614
 -1.697142 -1.441210 -1.739702 -0.904907
 -1.262242 -2.265538 -1.405342 -0.999879
 -1.466336 -2.564935 -1.977158 -0.590872
 -1.015232 -1.749197 -1.669155 -1.289668
 -1.939082 -1.892562 -1.428258 -0.764100
 -1.143565 -2.431410 -1.291984 -1.143565
 -1.347074 -1.966107 -1.514127 -0.967587
 -0.892482 -2.339391 -1.585626 -1.240787
 -1.621860 -1.532248 -1.349927 -1.117305
 -1.737691 -1.737691 -1.791758 -0.730889
 -1.064713 -1.863214 -1.980996 -1.015923
 -1.186582 -1.609437 -1.609437 -1.221673
 -1.937940 -1.650259 -1.570217 -0.785264
 -13.664692 -13.664692 -13.664692 -0.000003
 -13.473026 -13.473026 -13.473026 -0.000004
 -13.473026 -13.473026 -13.473026 -0.000004
 -14.272938 -14.272938 -14.272938 -0.000002
 -1.386294 -1.386294 -1.386294 -1.386294
 -1.386294 -1.386294 -1.386294 -1.386294
 -1.386294 -1.386294 -1.386294 -1.386294
 -1.679171 -1.721730 -1.360718 -0.972231
 -1.185625 -0.980831 -1.141173 -13.487012
 -0.623192 -1.238375 -1.749197 -13.444452
 -0.663296 -1.822529 -1.129385 -13.805464
 -1.320045 -1.051782 -0.958256 -14.193950
 -1.290375 -2.059505 -1.569959 -0.943504
 -1.047320 -2.171245 -1.791758 -0.998530
 -1.315677 -1.767660 -1.378197 -1.174599
 -1.386294 -1.386294 -1.386294 -1.386294
 -1.517322 -1.902983 -1.335001 -0.998530
 -1.331235 -1.667704 -1.890845 -0.925772
 -1.062246 -1.996550 -1.258955 -1.450010
 -1.836210 -1.400893 -1.493266 -0.995429
 -1.269761 -1.780584 -1.544197 -1.087440
 -1.443452 -1.568615 -2.197217 -0.810933
 -1.225952 -2.036878 -1.430746 -1.087803
 -1.894615 -1.632252 -1.393842 -0.901366
 -1.192800 -2.090736 -1.598264 -0.992130
 -0.961413 -2.427737 -1.916918 -0.961413
 -1.148624 -1.767660 -1.841767 -1.039425
 -1.854937 -1.379515 -1.493925 -1.001449
 -1.366876 -1.916920 -1.292769 -1.128466
 -1.174986 -1.734599 -1.511457 -1.223776
 -1.413693 -1.739113 -1.308333 -1.168572
 -1.736950 -2.011386 -1.318241 -0.861484
 -1.132515 -1.666595 -1.408767 -1.408767
 -1.369487 -1.512587 -1.679640 -1.081807
 -1.247825 -1.781905 -1.396245 -1.213924
 -1.734600 -1.301737 -1.580450 -1.062508
 -13.785055 -13.785055 -13.785055 -0.000003
 -13.641162 -13.641162 -13.641162 -0.000004
 -13.664692 -13.664692 -13.664692 -0.000003
 -13.989468 -13.989468 -13.989468 -0.000003
 -1.386294 -1.386294 -1.386294 -1.386294
 -1.386294 -1.386294 -1.386294 -1.386294
 -1.386294 -1.386294 -1.386294 -1.386294
 -1.707342 -1.612032 -1.625104 -0.862088
 -13.458841 -13.458841 -13.458841 -0.000004
 -13.554151 -13.554151 -13.554151 -0.000004
 -13.541079 -13.541079 -13.541079 -0.000004
 -14.304093 -14.304093 -14.304093 -0.000002
 -1.386294 -1.386294 -1.386294 -1.386294
 -1.386294 -1.386294 -1.386294 -1.386294
 -1.386294 -1.386294 -1.386294 -1.386294
 -0.000001 -15.166179 -15.166179 -15.166179
 -15.166179 -15.166179 -0.000001 -15.166179
 -1.386294 -1.386294 -1.386294 -1.386294
 -1.386294 -1.386294 -1.386294 -1.386294
 -1.386294 -1.386294 -1.386294 -1.386294
 -1.386294 -1.386294 -1.386294 -1.386294
 -1.386294 -1.386294 -1.386294 -1.386294
 -15.166179 -15.166179 -0.000001 -15.166179
 -1.386294 -1.386294 -1.386294 -1.386294
 -1.386294 -1.386294 -1.386294 -1.386294
 -1.386294 -1.386294 -1.386294 -1.386294
 -1.000011 -2.218166 -1.561388 -1.160047
 -1.386294 -1.386294 -1.386294 -1.386294
 -1.004584 -2.316765 -1.490091 -1.171638
 -1.339775 -1.945903 -1.540443 -0.965084
 -1.349927 -2.784996 -2.091859 -0.587789
 -1.851350 -1.851350 -1.660295 -0.701448
