 -1.219973 0.000100 0.000100 0.000100
 -1.945909 0.000100 0.000100 0.000100
 -1.840549 0.000100 0.000100 0.000100
 -0.908386 0.000100 0.000100 0.000100
 -1.441557 -2.335368 -2.230009 -0.581358
 -1.609436 -2.708026 -3.806571 -0.340932
 -1.139436 -2.120255 -2.302573 -0.776532
 -1.476891 -2.279233 -1.317827 -0.912363
 -0.998531 -1.932834 -2.721281 -0.865000
 -1.036096 -2.740803 -12.644341 -0.543623
 -0.867504 -1.714795 -3.911931 -0.967587
 -1.661397 -1.971551 -1.324926 -0.903713
 -0.944463 -2.420360 -2.302578 -0.862225
 -1.011604 -1.838274 -3.091002 -0.839754
 -1.037990 -1.925285 -1.673974 -1.163152
 -1.393842 -2.117757 -1.671472 -0.812813
 -1.213924 -1.570597 -2.535670 -0.877452
 -1.072640 -2.251277 -2.944399 -0.693152
 -1.098615 -2.014895 -2.197213 -0.862227
 -1.507901 -1.656321 -1.319849 -1.137528
 -1.207812 -1.693318 -2.386459 -0.854992
 -1.386294 -1.460402 -2.639040 -0.806479
 -0.916294 -2.525712 -2.302573 -0.867504
 -1.402824 -2.031429 -1.508184 -0.912202
 -1.167606 -1.934857 -1.860750 -0.944463
 -0.947384 -3.198631 -2.100052 -0.800781
 -1.481604 -2.685553 -1.704745 -0.648700
 -1.550597 -2.174748 -1.327454 -0.893819
 -1.041455 -2.140061 -2.650880 -0.779092
 -1.098615 -2.397874 -3.496420 -0.606142
 -1.052094 -2.197217 -1.945905 -0.924261
 -1.902106 -1.902106 -1.184268 -0.927549
 -1.086637 -1.779781 -2.221610 -0.953106
 -1.123932 -2.590244 -3.688789 -0.553391
 -1.152681 -2.944412 -1.478101 -0.907560
 -1.814231 -2.132683 -1.216396 -0.862225
 -1.303407 -1.755390 -2.315000 -0.783533
 -1.974072 -1.974072 -2.197211 -0.492483
 -1.198697 -2.756822 -1.945905 -0.709151
 -1.769779 -1.769779 -1.349927 -0.916292
 -0.976012 -2.288188 -2.442336 -0.832912
 -1.263693 -1.749196 -1.749196 -0.995431
 -1.460402 -2.415901 -2.233583 -0.559620
 -1.602517 -2.197221 -1.208614 -0.944463
 -1.450010 -1.686397 -2.602678 -0.680880
 -1.280935 -2.197211 -2.484885 -0.639086
 -1.578184 -2.351365 -1.745237 -0.646631
 -2.197221 -2.507373 -1.121086 -0.730889
 -0.516695 -1.403994 -1.845823 -13.253399
 -0.810935 -0.810935 -2.197211 -12.793870
 -0.826681 -1.856294 -0.900789 -13.369229
 -1.191395 -1.628607 -0.693149 -14.272938
 -1.617405 -2.063690 -3.226827 -0.454257
 -1.218158 -2.316761 -2.470909 -0.651765
 -1.880311 -2.131624 -1.679641 -0.611803
 -1.386294 -1.386294 -1.386294 -1.386294
 -1.067842 -1.673974 -2.549431 -0.940009
 -1.531475 -2.512283 -2.224609 -0.519882
 -1.417066 -2.110200 -2.110200 -0.663301
 -1.437297 -2.254055 -1.484925 -0.841789
 -13.604795 -13.604795 -13.604795 -0.000004
 -12.847937 -12.847937 -12.847937 -0.000008
 -13.199332 -13.199332 -13.199332 -0.000006
 -14.166170 -14.166170 -14.166170 -0.000002
 -1.386294 -1.386294 -1.386294 -1.386294
 -1.386294 -1.386294 -1.386294 -1.386294
 -1.386294 -1.386294 -1.386294 -1.386294
 -1.840549 -2.114985 -1.219973 -0.854733
 -1.347074 -1.609436 -13.122372 -0.616190
 -1.845821 -2.028139 -2.538951 -0.459539
 -1.536867 -2.335368 -1.397105 -0.819029
 -2.951918 -2.189786 -1.136640 -0.663735
 -1.430746 -1.882726 -13.038990 -0.496442
 -1.360977 -1.871796 -2.054114 -0.773195
 -1.461517 -2.442336 -1.749197 -0.678761
 -1.990360 -2.136963 -0.987061 -0.987061
 -1.033017 -2.131620 -13.287885 -0.643554
 -2.028139 -1.558143 -2.944399 -0.502098
 -1.571216 -2.146575 -2.041215 -0.606139
 -2.176168 -2.240706 -1.422399 -0.618028
 -1.495493 -1.863214 -3.367253 -0.534086
 -1.584118 -1.871796 -2.277252 -0.619045
 -1.526055 -3.135453 -1.526055 -0.650592
 -1.851656 -1.713506 -1.363305 -0.899000
 -13.270790 -13.270790 -13.270790 -0.000005
 -13.081550 -13.081550 -13.081550 -0.000006
 -13.304691 -13.304691 -13.304691 -0.000005
 -14.214290 -14.214290 -14.214290 -0.000002
 -1.386294 -1.386294 -1.386294 -1.386294
 -1.386294 -1.386294 -1.386294 -1.386294
 -1.386294 -1.386294 -1.386294 -1.386294
 -1.383125 -2.494473 -0.869771 -1.395864
 -13.579793 -13.579793 -13.579793 -0.000004
 -12.468452 -12.468452 -12.468452 -0.000012
 -14.093145 -14.093145 -14.093145 -0.000002
 -13.567055 -13.567055 -13.567055 -0.000004
 -1.386294 -1.386294 -1.386294 -1.386294
 -1.386294 -1.386294 -1.386294 -1.386294
 -1.386294 -1.386294 -1.386294 -1.386294
 -0.000001 -14.962914 -14.962914 -14.962914
 -14.962914 -14.962914 -0.000001 -14.962914
 -1.386294 -1.386294 -1.386294 -1.386294
 -1.386294 -1.386294 -1.386294 -1.386294
 -1.386294 -1.386294 -1.386294 -1.386294
 -1.386294 -1.386294 -1.386294 -1.386294
 -1.386294 -1.386294 -1.386294 -1.386294
 -14.962914 -14.962914 -0.000001 -14.962914
 -1.386294 -1.386294 -1.386294 -1.386294
 -1.386294 -1.386294 -1.386294 -1.386294
 -1.386294 -1.386294 -1.386294 -1.386294
 -1.435084 -1.881371 -2.038999 -0.735293
 -1.386294 -1.386294 -1.386294 -1.386294
 -0.985285 -1.919589 -1.484274 -1.373049
 -1.163152 -2.079433 -2.261751 -0.780162
 -1.228667 -1.767657 -1.921806 -0.940987
 -1.353718 -2.309226 -1.256080 -1.028297
 -1.313457 0.000100 0.000100 0.000100
 -1.904554 0.000100 0.000100 0.000100
 -1.609438 0.000100 0.000100 0.000100
 -0.961753 0.000100 0.000100 0.000100
 -1.299283 -1.576914 -1.537694 -1.184873
 -0.985819 -2.125244 -2.125244 -0.946598
 -0.944463 -1.860750 -1.934857 -1.167606
 -1.409825 -1.851656 -1.621133 -0.913389
 -1.294357 -1.686398 -1.439539 -1.191703
 -1.126012 -1.665006 -2.224616 -0.971862
 -1.258955 -1.621859 -1.504077 -1.216396
 -1.984129 -1.548813 -1.609437 -0.798509
 -1.405342 -1.618916 -1.667706 -0.999879
 -1.054650 -2.291405 -2.186046 -0.825077
 -1.098613 -2.420360 -1.408767 -1.098613
 -1.671957 -1.704747 -1.417066 -0.947063
 -1.304949 -2.131624 -1.215337 -1.159767
 -1.000634 -1.580449 -1.821609 -1.329136
 -0.884204 -2.036878 -1.526056 -1.430746
 -1.713506 -1.621133 -1.340832 -1.020361
 -1.280934 -1.658227 -1.745238 -1.029620
 -1.085191 -2.106835 -2.106835 -0.870080
 -1.342234 -1.665007 -1.308333 -1.275543
 -1.843430 -1.602269 -1.533276 -0.856938
 -0.948331 -1.819157 -1.713796 -1.308333
 -1.228666 -1.573505 -2.104129 -0.972734
 -1.515127 -1.871799 -1.738269 -0.797289
 -1.678000 -1.398416 -1.398416 -1.141696
 -1.081806 -2.205731 -1.635189 -1.033016
 -1.280934 -1.934857 -2.101910 -0.786240
 -1.170072 -1.900956 -1.287855 -1.330414
 -1.676128 -1.711220 -1.282225 -1.036093
 -1.184873 -2.087737 -1.499953 -1.058122
 -1.371479 -1.639742 -2.595241 -0.738960
 -1.118614 -2.217220 -1.396245 -1.149385
 -1.785566 -1.555043 -1.647416 -0.847299
 -0.952010 -1.845825 -1.740465 -1.270463
 -1.199418 -1.892560 -1.892560 -0.923166
 -1.011602 -2.079437 -1.912384 -1.011602
 -1.699049 -1.763588 -1.501224 -0.860722
 -1.256617 -1.923093 -1.535329 -1.038894
 -1.203974 -2.169047 -1.475906 -1.029621
 -0.755281 -2.020941 -1.779781 -1.474401
 -1.591633 -1.716795 -1.684006 -0.841329
 -1.186318 -1.930756 -1.474000 -1.137528
 -1.041456 -1.734599 -2.427737 -0.961413
 -1.121342 -1.492904 -1.923684 -1.192800
 -1.653608 -1.504077 -1.561235 -0.976723
 -0.759840 -1.684786 -1.059082 -14.030625
 -0.615763 -1.632694 -1.330414 -13.676253
 -0.807925 -1.199966 -1.374318 -13.629186
 -1.079565 -1.199709 -1.024505 -14.260199
 -1.265667 -2.054122 -1.229949 -1.212557
 -1.284512 -1.627455 -1.945907 -0.957300
 -1.134204 -1.704747 -1.407496 -1.379326
 -1.386294 -1.386294 -1.386294 -1.386294
 -1.145133 -2.110210 -1.586964 -1.032655
 -1.071585 -1.725508 -2.093229 -1.032364
 -1.071214 -1.591088 -1.546636 -1.424035
 -1.518783 -1.206409 -1.828937 -1.135792
 -14.108183 -14.108183 -14.108183 -0.000002
 -13.732133 -13.732133 -13.732133 -0.000003
 -13.604795 -13.604795 -13.604795 -0.000004
 -14.173188 -14.173188 -14.173188 -0.000002
 -1.386294 -1.386294 -1.386294 -1.386294
 -1.386294 -1.386294 -1.386294 -1.386294
 -1.386294 -1.386294 -1.386294 -1.386294
 -1.739799 -1.524280 -1.390749 -1.027843
 -1.425009 -1.730388 -1.278406 -1.191395
 -1.366092 -1.876915 -2.387736 -0.693149
 -1.134981 -2.521267 -1.221992 -1.192139
 -1.392525 -1.903349 -1.555043 -0.938271
 -1.386294 -1.791758 -1.261132 -1.203973
 -0.869040 -1.929905 -1.729236 -1.354546
 -1.058608 -2.100057 -1.406914 -1.252764
 -1.609437 -1.957743 -1.024925 -1.203973
 -1.036093 -2.047690 -1.562184 -1.182696
 -1.284016 -1.776489 -1.776489 -0.955514
 -1.106335 -2.034318 -1.203973 -1.433547
 -1.830673 -1.378690 -1.264280 -1.186318
 -1.370546 -1.540444 -1.578185 -1.122711
 -1.165753 -1.778854 -1.778854 -1.047970
 -1.360092 -1.894172 -1.360092 -1.089803
 -1.762344 -1.314321 -1.602002 -1.026640
 -13.892475 -13.892475 -13.892475 -0.000003
 -13.742944 -13.742944 -13.742944 -0.000003
 -13.764221 -13.764221 -13.764221 -0.000003
 -14.247295 -14.247295 -14.247295 -0.000002
 -1.386294 -1.386294 -1.386294 -1.386294
 -1.386294 -1.386294 -1.386294 -1.386294
 -1.386294 -1.386294 -1.386294 -1.386294
 -1.818788 -1.714798 -1.934860 -0.666830
 -13.500805 -13.500805 -13.500805 -0.000004
 -13.604795 -13.604795 -13.604795 -0.000004
 -13.384734 -13.384734 -13.384734 -0.000005
 -14.652760 -14.652760 -14.652760 -0.000001
 -1.386294 -1.386294 -1.386294 -1.386294
 -1.386294 -1.386294 -1.386294 -1.386294
 -1.386294 -1.386294 -1.386294 -1.386294
 -0.000001 -15.319589 -15.319589 -15.319589
 -15.319589 -15.319589 -0.000001 -15.319589
 -1.386294 -1.386294 -1.386294 -1.386294
 -1.386294 -1.386294 -1.386294 -1.386294
 -1.386294 -1.386294 -1.386294 -1.386294
 -1.386294 -1.386294 -1.386294 -1.386294
 -1.386294 -1.386294 -1.386294 -1.386294
 -15.319589 -15.319589 -0.000001 -15.319589
 -1.386294 -1.386294 -1.386294 -1.386294
 -1.386294 -1.386294 -1.386294 -1.386294
 -1.386294 -1.386294 -1.386294 -1.386294
 -1.160488 -1.904554 -1.436419 -1.203973
 -1.386294 -1.386294 -1.386294 -1.386294
 -0.997517 -1.813264 -1.690662 -1.259881
 -1.260254 -1.806794 -2.007463 -0.872490
 -1.376992 -1.964776 -2.475597 -0.647479
 -1.267689 -1.814231 -1.814231 -0.934984
