 -1.164364 0.000100 0.000100 0.000100
 -2.085519 0.000100 0.000100 0.000100
 -1.655958 0.000100 0.000100 0.000100
 -0.986909 0.000100 0.000100 0.000100
 -0.897061 -2.236829 -2.149818 -0.997144
 -1.410987 -2.104124 -3.020385 -0.535524
 -0.847300 -2.351365 -2.351365 -0.965083
 -1.346449 -2.247231 -1.634130 -0.823202
 -1.071945 -2.070469 -2.144577 -0.880890
 -1.609435 -1.609435 -2.456714 -0.664982
 -1.011604 -2.397879 -1.386294 -1.219242
 -1.445135 -2.233588 -1.574346 -0.798509
 -1.211091 -2.058384 -1.770704 -0.905710
 -1.742965 -1.742965 -1.742965 -0.744445
 -0.847301 -2.639039 -2.926713 -0.806479
 -1.540445 -1.806147 -1.850598 -0.767256
 -1.230541 -2.696865 -2.542716 -0.576616
 -1.263693 -2.036874 -2.730005 -0.650592
 -0.735711 -2.261751 -2.261751 -1.163152
 -1.524696 -1.854937 -1.658227 -0.831551
 -1.046788 -1.978342 -2.240704 -0.905710
 -1.049825 -1.609435 -2.995692 -0.916295
 -0.670162 -1.815285 -3.761109 -1.196252
 -1.811561 -1.894942 -1.446919 -0.796333
 -1.211091 -1.978342 -2.145395 -0.805627
 -1.985909 -1.852379 -2.140057 -0.530633
 -1.493924 -2.505509 -1.945904 -0.595988
 -1.693778 -1.916921 -1.416147 -0.852213
 -1.004585 -1.623621 -2.470909 -1.043806
 -1.098615 -2.708026 -2.197213 -0.715624
 -1.098614 -2.251282 -2.251282 -0.784958
 -1.622258 -2.111804 -1.227605 -0.945373
 -1.291984 -1.738269 -2.431410 -0.773192
 -1.339775 -2.128221 -1.945903 -0.741942
 -1.252764 -3.044495 -1.945905 -0.646630
 -1.806796 -2.412928 -1.496642 -0.649346
 -1.335001 -1.932834 -2.721281 -0.641857
 -1.504076 -2.197211 -2.484885 -0.539003
 -1.773064 -1.890845 -1.405342 -0.834801
 -1.810107 -1.970449 -1.495027 -0.749238
 -1.325670 -2.367113 -2.549431 -0.575368
 -1.882726 -2.036874 -1.882726 -0.570550
 -1.495493 -2.961804 -1.287855 -0.802350
 -1.868719 -1.791758 -1.349927 -0.868090
 -1.131404 -1.562184 -2.181216 -1.036094
 -1.540443 -2.351360 -2.639034 -0.479579
 -1.540444 -2.302577 -1.540444 -0.751990
 -1.914360 -1.682559 -1.243194 -0.972319
 -13.415039 -13.415039 -13.415039 -0.000004
 -13.180640 -13.180640 -13.180640 -0.000006
 -13.458841 -13.458841 -13.458841 -0.000004
 -14.151986 -14.151986 -14.151986 -0.000002
 -1.386294 -1.386294 -1.386294 -1.386294
 -1.386294 -1.386294 -1.386294 -1.386294
 -1.386294 -1.386294 -1.386294 -1.386294
 -2.014902 -2.014902 -1.417066 -0.711497
 -12.994539 -12.994539 -12.994539 -0.000007
 -12.994539 -12.994539 -12.994539 -0.000007
 -13.592372 -13.592372 -13.592372 -0.000004
 -14.297939 -14.297939 -14.297939 -0.000002
 -1.386294 -1.386294 -1.386294 -1.386294
 -1.386294 -1.386294 -1.386294 -1.386294
 -1.386294 -1.386294 -1.386294 -1.386294
 -2.161505 -2.188173 -1.089563 -0.829280
 -1.440361 -2.538951 -12.847937 -0.379496
 -1.665004 -1.665004 -1.819153 -0.777710
 -1.377326 -2.406939 -1.765090 -0.720548
 -1.878769 -2.025372 -1.232144 -0.858941
 -0.970781 -2.397885 -4.189561 -0.663297
 -0.890977 -2.970375 -2.970375 -0.719128
 -2.007463 -2.258774 -1.260254 -0.738960
 -2.229378 -1.884540 -1.092304 -0.903713
 -1.160171 -1.719784 -13.415039 -0.678335
 -1.717647 -2.564926 -2.054114 -0.485514
 -1.272966 -2.525717 -1.609437 -0.820983
 -2.295892 -1.868450 -1.340385 -0.727281
 -1.268512 -2.549431 -4.158789 -0.470007
 -1.145134 -3.091002 -2.174741 -0.648700
 -1.592629 -2.285768 -1.592629 -0.710245
 -1.958254 -1.915695 -1.201930 -0.889059
 -1.371479 -1.639742 -3.106053 -0.678335
 -1.819153 -2.512283 -2.224609 -0.432871
 -1.371479 -2.818379 -1.314321 -0.872490
 -1.933408 -2.024379 -1.331235 -0.778446
 -13.353481 -13.353481 -13.353481 -0.000005
 -12.923923 -12.923923 -12.923923 -0.000007
 -13.415039 -13.415039 -13.415039 -0.000004
 -14.279247 -14.279247 -14.279247 -0.000002
 -1.386294 -1.386294 -1.386294 -1.386294
 -1.386294 -1.386294 -1.386294 -1.386294
 -1.386294 -1.386294 -1.386294 -1.386294
 -1.442384 -2.333355 -1.003302 -1.203973
 -13.567055 -13.567055 -13.567055 -0.000004
 -12.676089 -12.676089 -12.676089 -0.000009
 -14.006134 -14.006134 -14.006134 -0.000002
 -13.805464 -13.805464 -13.805464 -0.000003
 -1.386294 -1.386294 -1.386294 -1.386294
 -1.386294 -1.386294 -1.386294 -1.386294
 -1.386294 -1.386294 -1.386294 -1.386294
 -0.000001 -15.009434 -15.009434 -15.009434
 -15.009435 -15.009435 -0.000001 -15.009435
 -1.386294 -1.386294 -1.386294 -1.386294
 -1.386294 -1.386294 -1.386294 -1.386294
 -1.386294 -1.386294 -1.386294 -1.386294
 -1.386294 -1.386294 -1.386294 -1.386294
 -1.386294 -1.386294 -1.386294 -1.386294
 -15.009435 -15.009435 -0.000001 -15.009435
 -1.386294 -1.386294 -1.386294 -1.386294
 -1.386294 -1.386294 -1.386294 -1.386294
 -1.386294 -1.386294 -1.386294 -1.386294
 -1.224382 -1.948944 -1.867266 -0.893818
 -1.386294 -1.386294 -1.386294 -1.386294
 -1.048352 -2.176811 -1.316615 -1.316615
 -1.285199 -2.463837 -1.770702 -0.759109
 -0.796335 -2.545514 -1.533929 -1.366876
 -1.439539 -2.420363 -1.167606 -1.013455
 -1.517455 0.000100 0.000100 0.000100
 -1.835909 0.000100 0.000100 0.000100
 -1.629573 0.000100 0.000100 0.000100
 -0.855081 0.000100 0.000100 0.000100
 -0.931560 -1.992425 -1.791756 -1.193923
 -1.232145 -1.791755 -1.673974 -1.037990
 -1.033017 -1.679640 -1.512587 -1.438480
 -1.484734 -1.325670 -1.418043 -1.325670
 -1.098613 -1.791757 -1.727219 -1.132515
 -1.562184 -1.488076 -1.562184 -1.036094
 -1.386294 -1.760985 -1.450832 -1.067842
 -2.140061 -1.609437 -1.446919 -0.805067
 -1.098614 -2.036876 -1.526055 -1.143065
 -1.270463 -1.403994 -2.944412 -0.865000
 -1.067842 -1.856294 -1.961654 -1.023391
 -1.665007 -1.936939 -1.342234 -0.902869
 -1.271226 -2.104129 -1.228666 -1.187844
 -0.713770 -3.198631 -2.100052 -1.058609
 -1.460402 -1.828123 -1.252764 -1.134982
 -1.478102 -1.600703 -1.368903 -1.152680
 -1.158511 -1.815287 -1.563975 -1.158511
 -1.299284 -1.704745 -2.397879 -0.788462
 -1.181995 -1.752536 -2.014898 -0.950194
 -1.731133 -1.130362 -1.619908 -1.197053
 -0.935462 -2.759995 -1.233954 -1.373716
 -1.356442 -1.992425 -2.243736 -0.693150
 -1.366876 -1.852379 -1.446918 -1.041456
 -1.820745 -1.518466 -1.286665 -1.070442
 -1.265667 -1.523495 -1.523495 -1.265667
 -1.034076 -1.727217 -2.420352 -0.973452
 -1.266948 -1.372308 -1.697728 -1.266948
 -1.782455 -1.340624 -1.581786 -1.009268
 -0.963439 -2.384814 -1.691674 -1.072638
 -1.429466 -1.697728 -2.653228 -0.679164
 -1.080915 -1.828123 -1.460402 -1.317302
 -2.020015 -1.326871 -1.589234 -0.921407
 -1.265667 -2.159478 -1.412270 -1.024506
 -1.442383 -1.810105 -1.704745 -0.871842
 -1.312187 -1.754016 -2.005327 -0.860204
 -1.534714 -1.709066 -1.421386 -1.015922
 -1.259543 -2.001475 -0.902870 -1.739113
 -1.673974 -1.386294 -1.386294 -1.163152
 -1.067842 -1.856294 -1.325670 -1.450832
 -1.749198 -1.800491 -1.134015 -1.081371
 -1.332227 -1.974077 -1.332227 -1.098614
 -1.985909 -1.734598 -2.140057 -0.564534
 -1.428854 -1.791757 -1.519825 -0.980831
 -2.008820 -1.187844 -2.008820 -0.851373
 -13.304691 -13.304691 -13.304691 -0.000005
 -13.304691 -13.304691 -13.304691 -0.000005
 -13.253399 -13.253399 -13.253399 -0.000005
 -14.030625 -14.030625 -14.030625 -0.000002
 -1.386294 -1.386294 -1.386294 -1.386294
 -1.386294 -1.386294 -1.386294 -1.386294
 -1.386294 -1.386294 -1.386294 -1.386294
 -1.775284 -1.502417 -1.532723 -0.936426
 -13.142174 -13.142174 -13.142174 -0.000006
 -13.415039 -13.415039 -13.415039 -0.000004
 -13.384734 -13.384734 -13.384734 -0.000005
 -13.981029 -13.981029 -13.981029 -0.000003
 -1.386294 -1.386294 -1.386294 -1.386294
 -1.386294 -1.386294 -1.386294 -1.386294
 -1.386294 -1.386294 -1.386294 -1.386294
 -1.337662 -1.835909 -1.312661 -1.174511
 -1.278406 -2.172217 -1.373716 -1.037245
 -0.980832 -1.473305 -1.673974 -1.568614
 -1.303407 -1.996550 -1.829497 -0.839103
 -1.236763 -1.588160 -1.642226 -1.165305
 -0.962277 -2.409187 -1.269761 -1.397594
 -0.916294 -1.966107 -2.120255 -1.078812
 -1.261132 -2.014897 -1.003304 -1.529394
 -1.852382 -1.446919 -1.489478 -0.961412
 -1.470176 -1.374866 -1.421386 -1.287855
 -1.365241 -1.770702 -1.652920 -0.959779
 -1.386294 -1.622682 -1.691674 -0.998531
 -1.332806 -2.313628 -1.178656 -1.109663
 -1.139435 -2.238039 -1.321756 -1.181995
 -2.602672 -1.591087 -1.098614 -0.944464
 -1.098614 -1.637607 -1.711715 -1.232144
 -1.609437 -2.302579 -1.272966 -0.867502
 -1.332227 -2.330747 -1.443452 -0.909372
 -1.563974 -1.815285 -3.761109 -0.503109
 -1.536234 -1.536234 -1.233954 -1.278406
 -1.494775 -1.414732 -1.537334 -1.146469
 -13.444452 -13.444452 -13.444452 -0.000004
 -13.253399 -13.253399 -13.253399 -0.000005
 -13.369229 -13.369229 -13.369229 -0.000005
 -13.919874 -13.919874 -13.919874 -0.000003
 -1.386294 -1.386294 -1.386294 -1.386294
 -1.386294 -1.386294 -1.386294 -1.386294
 -1.386294 -1.386294 -1.386294 -1.386294
 -1.856962 -1.487602 -1.835909 -0.779857
 -13.060496 -13.060496 -13.060496 -0.000006
 -13.429854 -13.429854 -13.429854 -0.000004
 -13.081550 -13.081550 -13.081550 -0.000006
 -14.137597 -14.137597 -14.137597 -0.000002
 -1.386294 -1.386294 -1.386294 -1.386294
 -1.386294 -1.386294 -1.386294 -1.386294
 -1.386294 -1.386294 -1.386294 -1.386294
 -0.000001 -14.917452 -14.917452 -14.917452
 -14.917452 -14.917452 -0.000001 -14.917452
 -1.386294 -1.386294 -1.386294 -1.386294
 -1.386294 -1.386294 -1.386294 -1.386294
 -1.386294 -1.386294 -1.386294 -1.386294
 -1.386294 -1.386294 -1.386294 -1.386294
 -1.386294 -1.386294 -1.386294 -1.386294
 -14.917452 -14.917452 -0.000001 -14.917452
 -1.386294 -1.386294 -1.386294 -1.386294
 -1.386294 -1.386294 -1.386294 -1.386294
 -1.386294 -1.386294 -1.386294 -1.386294
 -1.153234 -1.993537 -1.403045 -1.196251
 -1.386294 -1.386294 -1.386294 -1.386294
 -1.119891 -2.155977 -1.335001 -1.221673
 -1.516346 -2.104124 -1.516346 -0.823205
 -1.259543 -2.358146 -2.224616 -0.666482
 -1.419817 -1.945907 -1.620487 -0.873275
