 -1.301359 0.000100 0.000100 0.000100
 -1.922849 0.000100 0.000100 0.000100
 -1.901796 0.000100 0.000100 0.000100
 -0.838524 0.000100 0.000100 0.000100
 -1.021652 -1.638425 -2.599831 -0.990399
 -1.176000 -2.751523 -2.933841 -0.554313
 -1.130362 -2.166448 -2.484898 -0.735709
 -1.735800 -2.016702 -1.567178 -0.729782
 -1.215669 -2.056450 -2.203053 -0.765469
 -1.219241 -2.280106 -2.685565 -0.627192
 -0.793233 -2.484897 -1.865865 -1.172721
 -1.829242 -2.036881 -1.409984 -0.765970
 -1.181728 -1.797912 -2.203375 -0.874243
 -1.124931 -2.397886 -2.397886 -0.706222
 -1.098613 -2.224619 -1.936939 -0.880890
 -1.784933 -1.764730 -1.372689 -0.897631
 -1.252763 -1.714108 -2.778812 -0.750672
 -1.519825 -1.856295 -2.954894 -0.557017
 -1.377636 -2.260020 -2.036879 -0.667396
 -1.991200 -2.075757 -1.458984 -0.682139
 -1.106160 -1.945908 -2.492448 -0.812813
 -1.364316 -2.197219 -2.553890 -0.587789
 -1.274503 -2.134699 -1.893539 -0.794932
 -1.729517 -2.179041 -1.527280 -0.708556
 -1.105258 -1.798403 -2.452325 -0.874146
 -1.704746 -2.146575 -2.397886 -0.493661
 -1.200742 -2.437497 -2.069776 -0.722708
 -2.277266 -1.791759 -1.553348 -0.655408
 -1.442989 -1.848453 -2.541595 -0.639496
 -1.663504 -2.474427 -1.781286 -0.583587
 -1.822529 -1.956059 -1.761905 -0.643878
 -1.862528 -1.967888 -1.680207 -0.656558
 -1.180851 -2.338298 -2.944426 -0.609066
 -1.980998 -2.268677 -2.674137 -0.371566
 -1.543686 -2.842957 -1.638996 -0.627398
 -2.270650 -1.975852 -1.621307 -0.578977
 -1.599868 -2.005330 -3.545749 -0.454738
 -1.071585 -1.892560 -3.597268 -0.735114
 -1.822529 -2.803348 -1.761905 -0.500778
 -2.378999 -1.746478 -1.498642 -0.674254
 -1.345473 -1.791757 -13.774693 -0.557017
 -1.609437 -2.155977 -2.068966 -0.583587
 -1.386294 -2.341799 -2.564941 -0.550048
 -2.188639 -1.809151 -1.575536 -0.659246
 -1.225613 -1.918757 -3.081894 -0.665998
 -1.407800 -1.835242 -2.933841 -0.611471
 -1.749198 -3.135473 -1.477266 -0.589965
 -2.138629 -2.296853 -1.495494 -0.584345
 -1.422662 -1.885283 -3.619857 -0.544114
 -2.302577 -1.945906 -2.302577 -0.419857
 -2.206437 -2.388757 -1.858132 -0.442855
 -2.200068 -2.200068 -1.444790 -0.611358
 -1.351609 -2.245420 -4.442556 -0.472362
 -1.622682 -2.251285 -2.538962 -0.480589
 -1.992427 -1.992427 -1.704747 -0.606138
 -2.422384 -2.181223 -1.549446 -0.534399
 -1.398129 -1.957741 -4.442556 -0.510828
 -1.739113 -2.106835 -3.205425 -0.412248
 -1.444563 -3.053985 -1.830224 -0.585904
 -2.756837 -1.909542 -1.329724 -0.646628
 -1.160745 -2.020941 -4.418746 -0.612181
 -1.634129 -2.614948 -2.460800 -0.436430
 -1.428495 -3.409474 -1.463586 -0.701448
 -2.071072 -2.164162 -1.334441 -0.701587
 -1.090029 -1.980999 -4.060396 -0.676054
 -1.824546 -1.488076 -2.517683 -0.630630
 -1.178656 -2.302580 -1.732039 -0.878552
 -2.125250 -2.125250 -1.383314 -0.672468
 -1.053151 -2.294858 -4.166618 -0.625708
 -1.474401 -2.020941 -2.627069 -0.568696
 -1.440361 -2.538966 -1.600703 -0.728867
 -2.203552 -1.952238 -1.205025 -0.803075
 -1.198696 -1.840548 -4.836185 -0.631591
 -1.584119 -2.277260 -2.970395 -0.444689
 -1.617405 -1.891841 -1.658227 -0.775840
 -2.108616 -1.962013 -1.171492 -0.848364
 -1.124589 -2.364273 -3.375858 -0.603293
 -1.375365 -1.802807 -2.719088 -0.660714
 -1.147403 -2.890361 -1.791758 -0.775840
 -2.122422 -1.862139 -1.363894 -0.756608
 -0.976011 -1.982812 -2.847802 -0.849717
 -1.561235 -1.909539 -2.448529 -0.587789
 -1.564985 -2.215569 -1.368276 -0.850334
 -1.857572 -2.035820 -1.445328 -0.738758
 -1.259881 -2.751527 -4.948663 -0.437902
 -1.540444 -2.233586 -4.430721 -0.405468
 -1.766440 -2.816253 -1.989582 -0.458111
 -2.018230 -2.711374 -1.815289 -0.449616
 -0.453199 -2.691234 -2.205731 -1.679641
 -0.548571 -2.014895 -1.860747 -2.014895
 -0.770708 -2.258774 -1.496642 -1.565634
 -1.592631 -2.412528 -0.598498 -1.849060
 -0.004642 -14.585621 -5.375180 -14.585621
 -0.000005 -13.270790 -13.270790 -13.270790
 -0.015386 -14.778687 -4.182026 -14.778687
 -0.018871 -13.883173 -3.979635 -13.883173
 -0.000001 -15.665540 -15.665540 -15.665540
 -1.386294 -1.386294 -1.386294 -1.386294
 -0.000043 -11.156308 -11.156308 -11.156308
 -1.386294 -1.386294 -1.386294 -1.386294
 -15.676486 -15.676486 -0.000000 -15.676486
 -1.386294 -1.386294 -1.386294 -1.386294
 -1.386294 -1.386294 -1.386294 -1.386294
 -1.386294 -1.386294 -1.386294 -1.386294
 -1.386294 -1.386294 -1.386294 -1.386294
 -1.386294 -1.386294 -1.386294 -1.386294
 -1.721212 -2.096696 -0.505140 -2.355270
 -1.386294 -1.386294 -1.386294 -1.386294
 -1.700408 -2.260020 -2.179979 -0.510828
 -1.884538 -1.596858 -2.289999 -0.608250
 -1.883467 -1.990713 -1.670546 -0.647800
 -1.913645 -1.808285 -1.220503 -0.932822
 -1.031603 -2.130209 -1.319284 -1.357024
 -0.955513 -1.945907 -1.945907 -1.109663
 -0.911838 -2.415907 -2.079438 -0.957300
 -1.621307 -2.360262 -1.181609 -0.913346
 -1.224609 0.000100 0.000100 0.000100
 -1.690119 0.000100 0.000100 0.000100
 -1.534174 0.000100 0.000100 0.000100
 -1.184183 0.000100 0.000100 0.000100
 -1.157661 -1.824889 -1.301579 -1.376572
 -1.172848 -1.796563 -1.695703 -1.075352
 -1.057612 -1.830159 -1.480825 -1.328487
 -1.722178 -1.546845 -1.324212 -1.071799
 -1.126223 -1.850723 -1.334719 -1.364969
 -1.109258 -1.747490 -1.728170 -1.144520
 -0.991880 -1.830934 -1.477485 -1.424426
 -1.691776 -1.532688 -1.328843 -1.093415
 -1.107472 -1.812282 -1.411801 -1.337040
 -1.162386 -1.687901 -1.828007 -1.074056
 -0.996259 -1.780910 -1.588641 -1.354587
 -1.711362 -1.496840 -1.418834 -1.039736
 -1.194242 -1.836637 -1.260139 -1.370030
 -1.163990 -1.800230 -1.657757 -1.102815
 -1.042254 -1.809753 -1.481972 -1.360793
 -1.709503 -1.535150 -1.297167 -1.107706
 -1.144755 -1.827304 -1.344594 -1.346282
 -1.137859 -1.750551 -1.698240 -1.130686
 -1.012413 -1.798587 -1.495271 -1.398617
 -1.683633 -1.535542 -1.318345 -1.104474
 -1.115738 -1.783797 -1.426335 -1.331275
 -1.160987 -1.719131 -1.832351 -1.056806
 -1.016507 -1.736246 -1.587976 -1.356254
 -1.721264 -1.517456 -1.388600 -1.042798
 -1.184758 -1.811433 -1.282902 -1.372280
 -1.132790 -1.814367 -1.707799 -1.097629
 -1.052123 -1.827596 -1.504336 -1.317365
 -1.693092 -1.537821 -1.307605 -1.106440
 -1.128923 -1.837187 -1.354281 -1.350073
 -1.130529 -1.776175 -1.692237 -1.127796
 -1.014945 -1.786134 -1.489491 -1.408608
 -1.651892 -1.541791 -1.305234 -1.129464
 -1.102431 -1.837790 -1.412936 -1.326740
 -1.156153 -1.720747 -1.853655 -1.050653
 -1.024730 -1.734528 -1.597116 -1.338863
 -1.696260 -1.527410 -1.405453 -1.037671
 -1.173624 -1.847342 -1.274944 -1.371785
 -1.162855 -1.817815 -1.707209 -1.068114
 -1.047091 -1.815347 -1.485329 -1.347715
 -1.713753 -1.556310 -1.287230 -1.100019
 -1.120739 -1.858461 -1.328305 -1.373880
 -1.093549 -1.735730 -1.699412 -1.184457
 -0.977060 -1.813452 -1.481830 -1.455549
 -1.649423 -1.563837 -1.291116 -1.128420
 -1.080488 -1.842444 -1.396863 -1.367398
 -1.133010 -1.700137 -1.857495 -1.081118
 -0.957551 -1.808249 -1.609868 -1.377084
 -1.656021 -1.519466 -1.416567 -1.056332
 -1.205051 -1.838063 -1.222586 -1.399460
 -1.145983 -1.813135 -1.689142 -1.095809
 -1.019310 -1.855336 -1.471994 -1.373226
 -1.700071 -1.563336 -1.289960 -1.100781
 -1.092975 -1.873201 -1.338561 -1.390590
 -1.091798 -1.763455 -1.674832 -1.185491
 -0.950241 -1.822250 -1.485929 -1.489885
 -1.635739 -1.568332 -1.296011 -1.129552
 -1.064859 -1.832304 -1.392657 -1.399320
 -1.130185 -1.723138 -1.797440 -1.100218
 -0.935284 -1.776976 -1.618762 -1.426146
 -1.661649 -1.544239 -1.381011 -1.063123
 -1.182183 -1.835706 -1.219516 -1.433313
 -1.127101 -1.786477 -1.634483 -1.160191
 -1.003277 -1.834718 -1.478831 -1.403393
 -1.647008 -1.546691 -1.262916 -1.166050
 -1.130685 -1.847839 -1.299132 -1.399006
 -1.089717 -1.793697 -1.701675 -1.155289
 -0.983088 -1.766961 -1.470701 -1.490633
 -1.607432 -1.554914 -1.273667 -1.175751
 -1.063488 -1.793743 -1.435705 -1.384430
 -1.132049 -1.641956 -1.908358 -1.091527
 -0.953104 -1.692697 -1.681807 -1.408960
 -1.651786 -1.502330 -1.397173 -1.083566
 -1.205236 -1.855179 -1.156356 -1.472622
 -1.183174 -1.757922 -1.546613 -1.176604
 -1.054297 -1.776823 -1.417878 -1.426448
 -1.675498 -1.507657 -1.227419 -1.209625
 -1.111851 -1.821935 -1.329049 -1.408094
 -1.111470 -1.721954 -1.664600 -1.194213
 -0.955326 -1.829731 -1.431133 -1.533317
 -1.593474 -1.547674 -1.297905 -1.168168
 -1.062018 -1.769031 -1.397855 -1.441307
 -1.150527 -1.575602 -1.968433 -1.087757
 -0.973334 -1.707970 -1.613177 -1.420092
 -1.682903 -1.470951 -1.451862 -1.048893
 -1.175635 -1.797525 -1.036248 -1.766763
 -0.974634 -1.666475 -1.539012 -1.517932
 -0.947145 -1.900389 -1.335520 -1.611332
 -1.590541 -1.526669 -1.088437 -1.418058
 -0.626270 -19.681780 -0.764819 -19.681780
 -0.373038 -19.150063 -1.166803 -19.150063
 -0.474147 -19.661457 -0.973961 -19.661457
 -0.827296 -19.280443 -0.574885 -19.280443
 0.000000 -20.292528 -20.292528 -20.292528
 -1.386294 -1.386294 -1.386294 -1.386294
 0.000000 -20.014742 -20.014742 -20.014742
 -1.386294 -1.386294 -1.386294 -1.386294
 -20.856398 -20.856398 0.000000 -20.856398
 -1.386294 -1.386294 -1.386294 -1.386294
 -1.386294 -1.386294 -1.386294 -1.386294
 -1.386294 -1.386294 -1.386294 -1.386294
 -1.386294 -1.386294 -1.386294 -1.386294
 -1.386294 -1.386294 -1.386294 -1.386294
 -0.931528 -1.684725 -1.598989 -1.521187
 -1.386294 -1.386294 -1.386294 -1.386294
 -0.976447 -2.025401 -1.497710 -1.317626
 -1.253518 -1.774033 -2.268762 -0.817773
 -0.872459 -1.829630 -2.055814 -1.225483
 -1.559267 -1.687153 -1.554894 -0.932795
 -1.084048 -2.007228 -1.161053 -1.540568
 -1.135403 -1.898016 -1.672186 -1.075856
 -0.932558 -1.970173 -1.575504 -1.346619
 -1.610043 -1.617576 -1.422928 -1.019613
