 -1.222910 0.000100 0.000100 0.000100
 -1.858898 0.000100 0.000100 0.000100
 -1.945909 0.000100 0.000100 0.000100
 -0.899124 0.000100 0.000100 0.000100
 -0.961413 -2.273589 -1.821609 -1.041456
 -1.280935 -1.637606 -3.583430 -0.693153
 -1.299284 -2.110200 -1.887062 -0.788463
 -1.652922 -1.770704 -1.407800 -0.932378
 -1.052094 -1.658226 -2.063687 -1.098614
 -1.041457 -2.833175 -2.833175 -0.635995
 -1.049825 -2.079432 -2.079432 -0.916295
 -1.835242 -1.652922 -1.247458 -1.016936
 -1.309922 -1.504077 -2.351365 -0.885041
 -1.045972 -2.001471 -2.512283 -0.838334
 -1.029622 -2.128221 -2.128221 -0.904460
 -1.544197 -1.923684 -1.492904 -0.877720
 -1.268512 -2.079435 -2.367113 -0.693150
 -1.819153 -2.512283 -2.512283 -0.392049
 -0.818315 -1.734596 -2.833175 -1.128468
 -1.999395 -1.925288 -1.519825 -0.693149
 -0.860204 -1.871797 -2.341793 -1.118032
 -1.642224 -1.824542 -2.335355 -0.600781
 -1.673972 -1.163153 -2.367103 -0.900791
 -1.662547 -2.045537 -1.495493 -0.783300
 -0.934312 -1.945905 -2.926713 -0.889860
 -1.440361 -2.538951 -1.845821 -0.641859
 -0.902872 -2.224609 -2.001471 -1.045972
 -1.771955 -2.207270 -1.386294 -0.755024
 -1.435084 -2.197217 -1.945905 -0.677402
 -1.178658 -2.564915 -3.258012 -0.550055
 -1.360977 -2.277252 -1.584118 -0.830353
 -1.744356 -1.862138 -1.499234 -0.806089
 -1.734598 -1.985909 -2.322376 -0.530633
 -0.882395 -1.980990 -2.674112 -0.969405
 -1.634128 -2.104124 -2.104124 -0.578083
 -2.135527 -1.992427 -1.368276 -0.711498
 -1.339775 -2.128221 -2.351360 -0.646632
 -1.824542 -1.354546 -2.047681 -0.794936
 -1.203974 -2.302570 -2.590244 -0.644362
 -2.205731 -2.468093 -1.336698 -0.611803
 -1.767657 -1.767657 -2.104124 -0.622535
 -1.686394 -1.216398 -3.295752 -0.730895
 -2.351360 -2.128221 -1.945903 -0.441839
 -2.397889 -1.962575 -1.394593 -0.652658
 -1.349927 -2.602654 -2.602654 -0.523257
 -1.665004 -3.610829 -2.224609 -0.392049
 -1.658225 -3.044482 -1.945903 -0.479579
 -2.120260 -2.189252 -1.244795 -0.733971
 -1.126014 -1.213024 -12.821269 -0.971864
 -1.558141 -1.558141 -2.251263 -0.747224
 -1.568614 -2.772564 -1.306252 -0.780162
 -1.953813 -1.899746 -1.548350 -0.701054
 -12.994539 -12.994539 -12.994539 -0.000007
 -12.821269 -12.821269 -12.821269 -0.000008
 -12.948020 -12.948020 -12.948020 -0.000007
 -13.892475 -13.892475 -13.892475 -0.000003
 -1.386294 -1.386294 -1.386294 -1.386294
 -1.386294 -1.386294 -1.386294 -1.386294
 -1.386294 -1.386294 -1.386294 -1.386294
 -2.351372 -1.887069 -1.381975 -0.688828
 -1.299284 -2.397863 -12.301401 -0.451996
 -1.763583 -2.169040 -3.555259 -0.377302
 -1.757855 -2.674130 -1.287855 -0.728242
 -2.188637 -1.920374 -1.421386 -0.693149
 -1.609435 -2.169040 -12.765700 -0.377302
 -1.909532 -1.504076 -2.197206 -0.656787
 -1.321756 -2.420352 -1.727217 -0.762144
 -2.255328 -1.875841 -1.209364 -0.812950
 -1.504076 -2.197211 -12.793871 -0.405472
 -2.397874 -2.110200 -2.110200 -0.405473
 -1.473305 -2.079433 -1.673974 -0.780162
 -1.691675 -2.028145 -1.335001 -0.864999
 -1.815285 -1.563974 -12.971550 -0.465369
 -1.170074 -2.268664 -12.577650 -0.534090
 -1.363305 -2.374890 -1.363305 -0.927990
 -2.188637 -1.662547 -1.457753 -0.764608
 -0.855670 -2.079432 -12.899230 -0.798512
 -2.028139 -1.691672 -2.538951 -0.502098
 -1.845821 -2.944399 -1.335002 -0.641859
 -2.036879 -1.972341 -1.449095 -0.701883
 -12.971550 -12.971550 -12.971550 -0.000007
 -12.611551 -12.611551 -12.611551 -0.000010
 -12.899230 -12.899230 -12.899230 -0.000008
 -13.981029 -13.981029 -13.981029 -0.000003
 -1.386294 -1.386294 -1.386294 -1.386294
 -1.386294 -1.386294 -1.386294 -1.386294
 -1.386294 -1.386294 -1.386294 -1.386294
 -1.315284 -1.283535 -0.788458 -14.652760
 -0.693150 -2.740821 -3.433944 -0.908261
 -1.114362 -2.549431 -2.772570 -0.632526
 -1.016375 -2.169049 -1.252763 -1.435084
 -1.386294 -1.386294 -1.386294 -1.386294
 -13.710155 -13.710155 -13.710155 -0.000003
 -12.254882 -12.254882 -12.254882 -0.000014
 -12.793871 -12.793871 -12.793871 -0.000008
 -13.641162 -13.641162 -13.641162 -0.000004
 -1.386294 -1.386294 -1.386294 -1.386294
 -1.386294 -1.386294 -1.386294 -1.386294
 -1.386294 -1.386294 -1.386294 -1.386294
 -0.000001 -14.652760 -14.652760 -14.652760
 -14.652760 -14.652760 -0.000001 -14.652760
 -1.386294 -1.386294 -1.386294 -1.386294
 -1.386294 -1.386294 -1.386294 -1.386294
 -1.386294 -1.386294 -1.386294 -1.386294
 -1.386294 -1.386294 -1.386294 -1.386294
 -1.386294 -1.386294 -1.386294 -1.386294
 -14.652760 -14.652760 -0.000001 -14.652760
 -1.386294 -1.386294 -1.386294 -1.386294
 -1.386294 -1.386294 -1.386294 -1.386294
 -1.386294 -1.386294 -1.386294 -1.386294
 -1.417066 -2.008429 -1.804831 -0.778979
 -1.386294 -1.386294 -1.386294 -1.386294
 -1.029622 -1.722764 -1.945905 -1.134982
 -1.354546 -2.740803 -2.047681 -0.600781
 -0.929540 -2.944399 -1.440361 -1.152682
 -1.773066 -3.277123 -0.999879 -0.856778
 -1.501364 0.000100 0.000100 0.000100
 -1.590595 0.000100 0.000100 0.000100
 -1.477266 0.000100 0.000100 0.000100
 -1.063896 0.000100 0.000100 0.000100
 -1.410987 -1.841767 -1.921809 -0.795803
 -0.883503 -1.919589 -2.931174 -0.950194
 -1.134981 -2.233586 -1.791757 -0.904458
 -1.666132 -1.753143 -1.548350 -0.855204
 -0.961412 -2.060020 -1.446919 -1.366876
 -1.062896 -2.061416 -2.215564 -0.871842
 -1.152681 -1.963604 -1.270463 -1.335001
 -1.741115 -1.571216 -1.540445 -0.909819
 -1.267434 -1.744356 -1.415853 -1.200742
 -0.958853 -2.148427 -2.014897 -1.003304
 -1.233954 -1.479076 -1.804496 -1.150573
 -1.840548 -1.840548 -1.147403 -1.007642
 -0.970359 -1.781286 -1.609437 -1.375823
 -1.098614 -1.658226 -1.945905 -1.098614
 -1.196252 -1.681757 -1.409825 -1.318853
 -1.452986 -1.601405 -1.419084 -1.131403
 -1.351203 -1.673975 -1.422662 -1.163152
 -1.098614 -2.624654 -1.836208 -0.832912
 -1.073612 -1.804496 -1.971549 -1.037245
 -1.848916 -1.737691 -1.591088 -0.770110
 -1.306252 -1.731133 -1.386294 -1.197053
 -1.064713 -1.863214 -2.450992 -0.882392
 -1.372308 -1.697728 -1.084628 -1.490090
 -1.704747 -2.018403 -1.325259 -0.868501
 -1.098613 -1.727219 -1.860750 -1.098613
 -0.969403 -1.980996 -2.268674 -0.969403
 -1.109663 -1.802807 -1.419817 -1.332806
 -1.492516 -1.681758 -1.333452 -1.122144
 -1.126012 -2.070469 -1.618487 -1.045970
 -1.578184 -1.745237 -1.504077 -0.924261
 -1.286211 -1.622682 -1.845824 -0.998531
 -1.403389 -1.774951 -1.512588 -1.009486
 -1.262916 -1.956059 -1.039773 -1.504077
 -1.098614 -2.014897 -1.529394 -1.149907
 -1.308333 -2.001475 -1.470851 -1.008230
 -1.686398 -1.573070 -1.439539 -0.993253
 -1.441557 -1.824547 -1.536867 -0.949082
 -0.958853 -1.609436 -2.302575 -1.149907
 -0.937126 -2.089800 -1.630271 -1.242507
 -1.551808 -1.551808 -1.403389 -1.107124
 -1.126784 -2.284230 -1.386294 -1.126784
 -0.900789 -1.961654 -1.673974 -1.325670
 -0.971862 -2.106835 -2.106835 -0.971862
 -1.759497 -1.759497 -1.436725 -0.872197
 -1.174121 -1.927889 -1.756040 -0.986910
 -1.427116 -1.609436 -2.120255 -0.820984
 -1.047970 -1.704746 -1.571216 -1.348073
 -1.697142 -1.507901 -1.319849 -1.113998
 -13.785055 -13.785055 -13.785055 -0.000003
 -13.444452 -13.444452 -13.444452 -0.000004
 -13.541079 -13.541079 -13.541079 -0.000004
 -14.046625 -14.046625 -14.046625 -0.000002
 -1.386294 -1.386294 -1.386294 -1.386294
 -1.386294 -1.386294 -1.386294 -1.386294
 -1.386294 -1.386294 -1.386294 -1.386294
 -1.631417 -1.631417 -1.564277 -0.917651
 -1.332227 -1.443452 -1.232144 -1.568615
 -0.842681 -2.330747 -1.568615 -1.332227
 -1.085710 -1.945906 -1.704746 -1.085710
 -1.945908 -1.379515 -1.161792 -1.229233
 -1.207416 -2.089800 -1.530188 -1.019364
 -1.504077 -1.974077 -1.332227 -0.980831
 -0.926764 -1.791757 -1.673975 -1.386294
 -1.499234 -1.926676 -1.302525 -1.023812
 -1.197704 -1.890848 -1.527944 -1.108092
 -1.667704 -1.667704 -1.572395 -0.879252
 -1.158511 -1.969437 -1.509908 -1.122144
 -1.978968 -1.410987 -1.315677 -1.050985
 -1.363305 -1.409825 -1.235472 -1.563975
 -1.174986 -2.427737 -1.654557 -0.887305
 -1.409825 -1.889395 -1.458615 -0.988613
 -1.418043 -2.018814 -1.114361 -1.214445
 -1.335001 -1.781286 -1.558144 -1.027518
 -1.403994 -1.963604 -1.963604 -0.747218
 -1.021652 -1.386294 -1.897117 -1.427116
 -1.809149 -1.386294 -1.534714 -0.992391
 -13.753639 -13.753639 -13.753639 -0.000003
 -13.567055 -13.567055 -13.567055 -0.000004
 -13.429854 -13.429854 -13.429854 -0.000004
 -14.062374 -14.062374 -14.062374 -0.000002
 -1.386294 -1.386294 -1.386294 -1.386294
 -1.386294 -1.386294 -1.386294 -1.386294
 -1.386294 -1.386294 -1.386294 -1.386294
 -1.302913 -1.056053 -0.966441 -15.118424
 -1.309334 -1.897117 -1.347074 -1.139435
 -1.484734 -1.907589 -2.367118 -0.632524
 -1.475906 -1.445135 -1.645805 -1.070442
 -1.386294 -1.386294 -1.386294 -1.386294
 -13.687682 -13.687682 -13.687682 -0.000003
 -13.415039 -13.415039 -13.415039 -0.000004
 -13.384734 -13.384734 -13.384734 -0.000005
 -14.207556 -14.207556 -14.207556 -0.000002
 -1.386294 -1.386294 -1.386294 -1.386294
 -1.386294 -1.386294 -1.386294 -1.386294
 -1.386294 -1.386294 -1.386294 -1.386294
 -0.000001 -15.118424 -15.118424 -15.118424
 -15.118424 -15.118424 -0.000001 -15.118424
 -1.386294 -1.386294 -1.386294 -1.386294
 -1.386294 -1.386294 -1.386294 -1.386294
 -1.386294 -1.386294 -1.386294 -1.386294
 -1.386294 -1.386294 -1.386294 -1.386294
 -1.386294 -1.386294 -1.386294 -1.386294
 -15.118424 -15.118424 -0.000001 -15.118424
 -1.386294 -1.386294 -1.386294 -1.386294
 -1.386294 -1.386294 -1.386294 -1.386294
 -1.386294 -1.386294 -1.386294 -1.386294
 -1.120591 -1.996059 -1.590595 -1.095899
 -1.386294 -1.386294 -1.386294 -1.386294
 -1.176574 -2.222538 -1.386294 -1.098613
 -1.139436 -2.120255 -1.714795 -0.967587
 -1.272966 -2.371569 -2.708035 -0.579821
 -1.516347 -1.816450 -2.104131 -0.701312
