 -1.150692 0.000100 0.000100 0.000100
 -2.230610 0.000100 0.000100 0.000100
 -1.788778 0.000100 0.000100 0.000100
 -0.894150 0.000100 0.000100 0.000100
 -1.262242 -1.444563 -2.098486 -1.025854
 -1.018573 -1.974072 -2.890333 -0.810935
 -0.934312 -1.945905 -1.945905 -1.134982
 -1.828937 -1.784485 -1.336462 -0.894630
 -1.031922 -2.068008 -2.163318 -0.910562
 -1.220503 -1.712976 -3.012235 -0.743581
 -1.244325 -2.285768 -1.679640 -0.858664
 -1.556193 -2.018814 -1.355523 -0.920206
 -1.488077 -1.760009 -2.134699 -0.725939
 -1.408767 -3.113474 -2.197213 -0.510831
 -0.907560 -2.251282 -2.433600 -0.907560
 -1.507655 -2.108426 -1.475906 -0.847299
 -1.087053 -1.681757 -2.151757 -1.020362
 -1.410987 -2.104124 -3.020385 -0.535524
 -0.974562 -2.024375 -2.024375 -1.025855
 -1.609437 -2.404363 -1.488077 -0.725938
 -1.364316 -1.504077 -1.934857 -0.973451
 -1.435084 -2.128221 -2.351360 -0.602181
 -1.155772 -2.197215 -1.591087 -0.993254
 -1.538210 -2.295892 -1.602748 -0.727281
 -1.005523 -1.841767 -2.008820 -1.074516
 -1.120593 -1.882726 -3.828550 -0.693151
 -1.170073 -2.268674 -2.268674 -0.728242
 -1.959422 -2.438992 -1.197284 -0.755452
 -1.339775 -1.945907 -2.032917 -0.767257
 -1.466336 -2.054114 -2.054114 -0.667835
 -1.504077 -2.533683 -2.063687 -0.559619
 -1.602748 -2.606045 -1.602748 -0.647239
 -0.916293 -1.919589 -2.238039 -1.059393
 -1.887062 -1.704744 -1.550595 -0.788463
 -2.043067 -1.686396 -1.909537 -0.621692
 -2.157557 -1.752093 -1.369102 -0.783845
 -1.293922 -2.335365 -2.517683 -0.600777
 -1.558143 -1.558143 -2.097134 -0.784958
 -1.565634 -1.902103 -1.902103 -0.708188
 -2.008212 -1.912902 -1.340385 -0.784440
 -1.198697 -2.063687 -2.351365 -0.741940
 -1.966107 -2.120255 -1.609436 -0.616190
 -1.471816 -2.501422 -1.625965 -0.709680
 -2.085670 -1.903349 -1.555043 -0.662565
 -1.003304 -2.484893 -2.995706 -0.693150
 -1.563974 -2.374890 -1.969433 -0.583151
 -1.562184 -2.517683 -1.642226 -0.661402
 -2.245424 -1.916921 -1.670062 -0.581923
 -1.236763 -2.335365 -3.433944 -0.543619
 -2.054114 -2.564926 -2.054114 -0.405472
 -1.485384 -2.360842 -1.331235 -0.879252
 -1.940399 -2.063001 -1.306677 -0.779657
 -0.447316 -1.220503 -2.724561 -13.321220
 -0.615191 -1.413693 -1.531475 -12.821269
 -0.610912 -1.945906 -1.157454 -13.458841
 -1.289353 -1.380324 -0.748547 -14.328337
 -1.436484 -2.254791 -3.353390 -0.474210
 -1.373716 -1.884538 -2.172217 -0.731864
 -1.395183 -3.117933 -1.954796 -0.568507
 -1.386294 -1.386294 -1.386294 -1.386294
 -1.039425 -1.698667 -4.406624 -0.795803
 -0.980833 -2.367103 -2.367103 -0.826684
 -0.836254 -3.401111 -2.014891 -0.916296
 -1.668754 -2.307831 -1.423632 -0.752465
 -1.132515 -1.666595 -3.806617 -0.762142
 -1.691672 -2.538951 -1.845821 -0.546550
 -1.098614 -3.295794 -1.791756 -0.770112
 -2.197221 -1.852383 -1.269238 -0.796333
 -0.930477 -2.183231 -4.262586 -0.736322
 -1.056055 -2.219192 -3.135453 -0.693151
 -1.529394 -2.302575 -1.897116 -0.628612
 -2.066860 -2.066860 -1.399033 -0.693148
 -1.399366 -1.635754 -13.554151 -0.582608
 -1.178657 -1.871796 -3.663472 -0.667835
 -1.629238 -2.545514 -2.140057 -0.497843
 -1.828126 -2.128229 -1.252763 -0.833506
 -0.923673 -1.916918 -4.219414 -0.818313
 -1.727217 -1.860747 -3.113474 -0.474463
 -1.234746 -2.397882 -3.314143 -0.541601
 -2.284777 -2.284777 -1.562645 -0.533028
 -1.329136 -1.821609 -4.219414 -0.581925
 -1.360977 -2.970375 -2.970375 -0.444692
 -1.491654 -2.302570 -1.742965 -0.693152
 -2.017564 -2.100945 -1.429779 -0.682566
 -0.276991 -1.488076 -4.127041 -13.337481
 -0.430789 -1.742965 -1.742965 -12.899230
 -0.541601 -1.522425 -1.609436 -13.217681
 -1.331636 -1.397594 -0.715877 -14.392126
 -1.072638 -2.190664 -3.077959 -0.693148
 -1.348073 -2.957491 -1.704746 -0.680246
 -0.974561 -2.871667 -1.527944 -1.052522
 -1.386294 -1.386294 -1.386294 -1.386294
 -13.928843 -13.928843 -13.928843 -0.000003
 -12.506192 -12.506192 -12.506192 -0.000011
 -12.994539 -12.994539 -12.994539 -0.000007
 -14.234223 -14.234223 -14.234223 -0.000002
 -1.386294 -1.386294 -1.386294 -1.386294
 -1.386294 -1.386294 -1.386294 -1.386294
 -1.386294 -1.386294 -1.386294 -1.386294
 -0.000001 -15.024472 -15.024472 -15.024472
 -15.024472 -15.024472 -0.000001 -15.024472
 -1.386294 -1.386294 -1.386294 -1.386294
 -1.386294 -1.386294 -1.386294 -1.386294
 -1.386294 -1.386294 -1.386294 -1.386294
 -1.386294 -1.386294 -1.386294 -1.386294
 -1.386294 -1.386294 -1.386294 -1.386294
 -15.024472 -15.024472 -0.000001 -15.024472
 -1.386294 -1.386294 -1.386294 -1.386294
 -1.386294 -1.386294 -1.386294 -1.386294
 -1.386294 -1.386294 -1.386294 -1.386294
 -1.470325 -1.825146 -1.753687 -0.830524
 -1.386294 -1.386294 -1.386294 -1.386294
 -1.252764 -1.510591 -1.704746 -1.165753
 -1.098614 -1.909537 -2.379534 -0.853493
 -0.728242 -2.961804 -1.575535 -1.352393
 -1.346021 -2.498694 -1.091787 -1.133460
 -1.236213 0.000100 0.000100 0.000100
 -1.751778 0.000100 0.000100 0.000100
 -1.431383 0.000100 0.000100 0.000100
 -1.213772 0.000100 0.000100 0.000100
 -1.111461 -1.983486 -1.446210 -1.211090
 -1.093873 -1.794137 -1.794137 -1.100991
 -0.992390 -1.944187 -1.386294 -1.443047
 -1.576693 -1.690290 -1.404489 -1.012295
 -1.085135 -1.806797 -1.578707 -1.231950
 -1.127754 -1.870497 -2.036011 -0.937400
 -1.230609 -1.739391 -1.504077 -1.171067
 -1.798457 -1.635132 -1.543565 -0.853548
 -1.293743 -1.782709 -1.350576 -1.209036
 -0.999878 -1.875345 -1.667706 -1.237549
 -1.068215 -1.804181 -1.513380 -1.303407
 -1.697192 -1.623539 -1.311020 -1.049656
 -1.236259 -1.820925 -1.278818 -1.311970
 -1.154250 -1.682641 -1.708283 -1.146815
 -0.906156 -2.115746 -1.443952 -1.429666
 -1.673976 -1.516791 -1.375712 -1.077559
 -1.133248 -1.746013 -1.514773 -1.259881
 -1.274321 -1.650556 -2.019653 -0.927012
 -1.133099 -1.815774 -1.396516 -1.317528
 -1.690067 -1.554630 -1.595452 -0.912776
 -1.308333 -1.713798 -1.395344 -1.197985
 -1.034074 -1.752538 -1.805182 -1.181994
 -1.110661 -1.694817 -1.420815 -1.404422
 -1.699822 -1.634439 -1.171581 -1.163645
 -1.183260 -1.886457 -1.339914 -1.272091
 -1.229596 -1.604983 -1.710344 -1.121187
 -1.077559 -1.705566 -1.502442 -1.365241
 -1.637808 -1.384897 -1.351927 -1.215696
 -1.201027 -1.904026 -1.495267 -1.120985
 -1.134748 -1.740883 -1.923205 -1.030037
 -1.130530 -1.920068 -1.438231 -1.226922
 -1.694755 -1.576972 -1.477881 -0.963289
 -1.185759 -1.826638 -1.272327 -1.372971
 -0.980023 -1.864564 -1.692714 -1.252763
 -1.077559 -1.737183 -1.520655 -1.328062
 -1.654000 -1.679642 -1.227657 -1.110793
 -1.162575 -1.879032 -1.486226 -1.176496
 -1.049480 -1.770406 -1.729021 -1.196804
 -1.039034 -1.727625 -1.465261 -1.437673
 -1.583941 -1.459189 -1.337299 -1.204451
 -1.156826 -1.807048 -1.492421 -1.215534
 -1.216674 -1.712573 -1.917367 -0.977124
 -1.279140 -1.747854 -1.380923 -1.216620
 -1.854001 -1.575536 -1.495494 -0.885868
 -1.250366 -1.774312 -1.206643 -1.407314
 -0.983100 -1.930161 -1.634697 -1.252763
 -0.975131 -1.932664 -1.467608 -1.395864
 -1.372042 -1.794154 -1.227371 -1.247990
 -0.882389 -1.601512 -0.955512 -15.835733
 -0.760287 -1.191069 -1.475906 -15.163585
 -0.749478 -1.518262 -1.176701 -15.670245
 -1.167165 -1.212743 -0.938099 -15.685774
 -1.180162 -1.886467 -1.492101 -1.151175
 -1.153234 -1.835909 -2.123590 -0.903089
 -1.132972 -1.771460 -1.442105 -1.304120
 -1.386294 -1.386294 -1.386294 -1.386294
 -1.177673 -2.083380 -1.280672 -1.239095
 -1.041025 -2.132363 -1.542164 -1.156984
 -0.999982 -2.055343 -1.479980 -1.285824
 -1.477023 -1.737155 -1.261732 -1.163151
 -1.153363 -1.868392 -1.343507 -1.312577
 -1.134331 -1.984662 -1.558144 -1.107423
 -0.980300 -1.933271 -1.407179 -1.446919
 -1.454893 -1.541366 -1.369856 -1.209513
 -1.212048 -1.754913 -1.467231 -1.207554
 -1.210563 -1.831965 -1.863218 -0.950108
 -1.200098 -1.662396 -1.508246 -1.245303
 -1.717439 -1.630428 -1.550385 -0.885609
 -1.160983 -1.874130 -1.310195 -1.333452
 -1.076140 -1.810108 -1.810108 -1.103168
 -0.999928 -2.093234 -1.482779 -1.266556
 -1.635033 -1.557844 -1.297680 -1.135381
 -1.133399 -1.928960 -1.312186 -1.333578
 -1.130913 -1.765219 -1.751035 -1.101061
 -0.873095 -1.824549 -1.633494 -1.488077
 -1.501330 -1.744739 -1.352485 -1.067466
 -1.084354 -1.904983 -1.294075 -1.431696
 -1.164167 -1.557510 -1.632545 -1.266821
 -1.162796 -1.902462 -1.270685 -1.356546
 -1.644123 -1.681581 -1.391992 -0.988434
 -0.911260 -1.505519 -0.977952 -15.752813
 -0.817017 -1.446312 -1.130674 -15.231364
 -0.823918 -1.502466 -1.082612 -15.640060
 -1.305484 -1.186532 -0.858776 -15.762849
 -1.596521 -1.674338 -1.662843 -0.866624
 -1.302051 -1.848040 -1.947569 -0.848958
 -1.356768 -1.465967 -1.967223 -0.989375
 -1.386294 -1.386294 -1.386294 -1.386294
 -15.578528 -15.578528 -15.578528 -0.000001
 -15.375759 -15.375759 -15.375759 -0.000001
 -15.168766 -15.168766 -15.168766 -0.000001
 -16.098913 -16.098913 -16.098913 -0.000000
 -1.386294 -1.386294 -1.386294 -1.386294
 -1.386294 -1.386294 -1.386294 -1.386294
 -1.386294 -1.386294 -1.386294 -1.386294
 0.000000 -17.004751 -17.004751 -17.004751
 -17.004751 -17.004751 -0.000000 -17.004751
 -1.386294 -1.386294 -1.386294 -1.386294
 -1.386294 -1.386294 -1.386294 -1.386294
 -1.386294 -1.386294 -1.386294 -1.386294
 -1.386294 -1.386294 -1.386294 -1.386294
 -1.386294 -1.386294 -1.386294 -1.386294
 -17.004751 -17.004751 -0.000000 -17.004751
 -1.386294 -1.386294 -1.386294 -1.386294
 -1.386294 -1.386294 -1.386294 -1.386294
 -1.386294 -1.386294 -1.386294 -1.386294
 -1.053892 -1.905533 -1.556087 -1.231967
 -1.386294 -1.386294 -1.386294 -1.386294
 -1.043426 -2.165808 -1.356024 -1.289481
 -1.283708 -1.558144 -1.881544 -1.021344
 -1.034318 -2.004217 -2.177881 -0.925119
 -1.493540 -1.817512 -1.599599 -0.889121
