 -1.185624 0.000100 0.000100 0.000100
 -1.974080 0.000100 0.000100 0.000100
 -1.974080 0.000100 0.000100 0.000100
 -0.875469 0.000100 0.000100 0.000100
 -1.124931 -2.734353 -2.041215 -0.732890
 -1.609435 -2.169040 -3.555259 -0.419861
 -0.990402 -1.763583 -1.945902 -1.157455
 -1.435084 -1.820745 -1.881369 -0.803814
 -1.157454 -2.051265 -2.169047 -0.814511
 -0.980833 -3.465648 -2.772551 -0.632529
 -0.900791 -1.673972 -1.856290 -1.386294
 -1.679641 -1.998093 -1.369487 -0.858663
 -0.866813 -1.836208 -2.624654 -1.056054
 -1.386294 -1.519824 -3.465648 -0.693153
 -1.034076 -2.014895 -1.860747 -1.034076
 -1.367602 -1.773066 -1.618916 -0.974561
 -1.246533 -2.184796 -1.609437 -0.916293
 -1.252764 -1.945903 -3.044482 -0.646632
 -1.580448 -2.833175 -1.446918 -0.693153
 -1.673975 -1.925288 -1.519825 -0.803150
 -1.386294 -2.014897 -1.696447 -0.836251
 -1.354546 -1.824542 -3.433900 -0.600781
 -1.142099 -2.463837 -2.751510 -0.631276
 -1.902983 -1.845825 -1.558144 -0.728867
 -1.234746 -1.927886 -2.621021 -0.711500
 -1.763583 -1.763583 -1.763583 -0.722140
 -1.098615 -2.970375 -2.054114 -0.719128
 -1.593308 -2.104131 -1.410987 -0.841894
 -1.261132 -1.791756 -1.897115 -0.916293
 -1.642224 -2.335355 -2.047681 -0.543623
 -1.241714 -2.014895 -2.708026 -0.671173
 -1.662547 -1.495493 -1.457753 -1.040019
 -1.170073 -1.863214 -2.114525 -0.882392
 -1.098615 -3.113474 -2.197213 -0.671173
 -1.196252 -2.662564 -1.563974 -0.870832
 -2.098486 -1.955386 -1.367602 -0.731615
 -1.438480 -1.880309 -2.468086 -0.643554
 -1.421385 -2.268664 -3.367210 -0.476932
 -1.306252 -2.261751 -3.178012 -0.539001
 -1.863216 -1.980999 -1.421386 -0.764608
 -1.243195 -1.754016 -2.341794 -0.815753
 -2.803323 -1.550595 -2.397874 -0.451993
 -1.280935 -1.974072 -1.280935 -1.185626
 -2.102605 -2.236136 -1.291679 -0.700812
 -1.276294 -2.151752 -2.151752 -0.716682
 -1.475905 -1.763583 -2.169040 -0.722140
 -1.504076 -2.379534 -1.591087 -0.730891
 -2.014900 -3.401176 -1.568615 -0.470006
 -0.613109 -0.926765 -2.772564 -13.081550
 -0.510837 -1.609433 -1.609433 -12.206093
 -0.973452 -1.609436 -0.862227 -13.017012
 -1.350955 -1.084327 -0.909123 -14.144817
 -1.291984 -2.208269 -3.817667 -0.521878
 -1.150573 -1.884538 -2.759995 -0.758532
 -1.271226 -1.921809 -1.841767 -0.880361
 -1.386294 -1.386294 -1.386294 -1.386294
 -1.457246 -2.211011 -4.290365 -0.440315
 -1.446918 -2.833175 -2.140053 -0.530635
 -0.693157 -12.206093 -1.897107 -1.049828
 -2.631081 -2.748863 -1.427116 -0.471607
 -0.526098 -1.076142 -2.685553 -12.994539
 -0.693158 -0.944470 -2.197197 -12.100735
 -0.998532 -1.239692 -1.072640 -12.847937
 -1.527373 -1.360319 -0.641855 -14.234223
 -1.315677 -1.841767 -3.020405 -0.645522
 -1.443452 -1.791757 -1.637607 -0.909372
 -1.252764 -2.387736 -1.150981 -1.183771
 -1.386294 -1.386294 -1.386294 -1.386294
 -0.946598 -2.595241 -13.415039 -0.621177
 -1.041457 -3.526272 -1.734596 -0.818315
 -1.326871 -2.100052 -2.282371 -0.672949
 -1.852382 -1.985912 -1.446919 -0.753774
 -1.069200 -1.902103 -4.204598 -0.708188
 -2.159466 -2.159466 -2.159466 -0.424893
 -1.475905 -2.169040 -2.169040 -0.610915
 -1.875841 -2.181220 -1.488077 -0.677148
 -1.485384 -1.773064 -3.277102 -0.569099
 -1.488076 -1.824542 -3.433900 -0.543623
 -1.280935 -2.484885 -2.197211 -0.639086
 -1.992428 -1.938361 -1.356441 -0.771929
 -0.854419 -2.463837 -3.156959 -0.805629
 -1.185626 -2.484885 -1.637606 -0.875473
 -1.315677 -2.327262 -2.614936 -0.578083
 -1.856296 -2.018814 -1.163151 -0.920206
 -13.337481 -13.337481 -13.337481 -0.000005
 -12.542559 -12.542559 -12.542559 -0.000011
 -13.161592 -13.161592 -13.161592 -0.000006
 -13.910825 -13.910825 -13.910825 -0.000003
 -1.386294 -1.386294 -1.386294 -1.386294
 -1.386294 -1.386294 -1.386294 -1.386294
 -1.386294 -1.386294 -1.386294 -1.386294
 -1.386294 -2.584986 -0.810931 -1.468986
 -13.353481 -13.353481 -13.353481 -0.000005
 -12.154800 -12.154800 -12.154800 -0.000016
 -13.928843 -13.928843 -13.928843 -0.000003
 -13.270790 -13.270790 -13.270790 -0.000005
 -1.386294 -1.386294 -1.386294 -1.386294
 -1.386294 -1.386294 -1.386294 -1.386294
 -1.386294 -1.386294 -1.386294 -1.386294
 -0.000001 -14.739771 -14.739771 -14.739771
 -14.739771 -14.739771 -0.000001 -14.739771
 -1.386294 -1.386294 -1.386294 -1.386294
 -1.386294 -1.386294 -1.386294 -1.386294
 -1.386294 -1.386294 -1.386294 -1.386294
 -1.386294 -1.386294 -1.386294 -1.386294
 -1.386294 -1.386294 -1.386294 -1.386294
 -14.739771 -14.739771 -0.000001 -14.739771
 -1.386294 -1.386294 -1.386294 -1.386294
 -1.386294 -1.386294 -1.386294 -1.386294
 -1.386294 -1.386294 -1.386294 -1.386294
 -1.402295 -1.891842 -1.865866 -0.802042
 -1.386294 -1.386294 -1.386294 -1.386294
 -1.036094 -1.488076 -1.642226 -1.488076
 -1.072640 -2.251277 -1.691672 -0.998532
 -0.773195 -2.564926 -1.717647 -1.265667
 -1.837014 -1.954796 -1.201028 -0.920727
 -1.328676 0.000100 0.000100 0.000100
 -1.849973 0.000100 0.000100 0.000100
 -1.438677 0.000100 0.000100 0.000100
 -1.076783 0.000100 0.000100 0.000100
 -1.067841 -1.856297 -1.568616 -1.232144
 -1.403994 -1.478102 -2.097137 -0.907558
 -1.235472 -1.851656 -1.458615 -1.140162
 -1.558144 -1.558144 -1.597365 -0.976789
 -1.103728 -1.844126 -1.722766 -1.103728
 -1.378914 -1.504077 -1.769779 -1.034075
 -1.332227 -1.834318 -1.504077 -1.037988
 -1.692819 -1.807888 -1.714798 -0.750777
 -1.131949 -1.808288 -1.380845 -1.338285
 -1.044125 -1.995098 -1.883873 -1.021652
 -1.098613 -1.609437 -1.573070 -1.349927
 -1.710081 -1.652923 -1.223067 -1.098613
 -1.073798 -2.115249 -1.215768 -1.422104
 -1.296682 -1.450833 -1.673975 -1.188469
 -0.880025 -1.769286 -1.673976 -1.481604
 -1.906169 -1.432385 -1.552529 -0.914042
 -1.093840 -1.845826 -1.653454 -1.152680
 -1.231102 -1.875457 -1.828937 -0.930998
 -1.265109 -1.538402 -1.456164 -1.309561
 -1.568616 -1.819929 -1.463255 -0.920932
 -1.260254 -1.936008 -1.277953 -1.225768
 -1.452986 -2.181220 -1.775758 -0.725939
 -1.059392 -2.066194 -1.455287 -1.226446
 -1.570217 -1.650259 -1.244795 -1.164752
 -1.295781 -1.691675 -1.462834 -1.169487
 -1.116962 -1.810107 -1.810107 -1.062895
 -1.025282 -2.079439 -1.526056 -1.207603
 -1.771224 -1.459445 -1.310410 -1.115350
 -1.068308 -1.776491 -1.559427 -1.284016
 -1.219241 -1.791758 -2.049586 -0.893819
 -1.057552 -1.652257 -1.591633 -1.356794
 -1.858898 -1.658228 -1.530394 -0.827298
 -1.272966 -1.714798 -1.469676 -1.171183
 -1.186318 -1.617100 -1.830673 -1.091008
 -1.004584 -1.820331 -1.736950 -1.218158
 -1.637608 -1.840549 -1.225364 -1.040793
 -1.063697 -2.105148 -1.499014 -1.172330
 -1.090645 -2.055722 -1.937940 -0.936495
 -0.863494 -1.933932 -1.423108 -1.646251
 -1.576239 -1.596859 -1.556037 -0.968251
 -1.171042 -1.967985 -1.583574 -1.064275
 -1.107582 -1.885283 -2.233588 -0.889859
 -1.195240 -1.622682 -1.412963 -1.360319
 -1.403686 -1.835819 -1.534714 -0.969401
 -0.746689 -1.614188 -1.117752 -14.562201
 -0.693149 -1.421386 -1.352393 -13.963934
 -0.639803 -1.939082 -1.112406 -14.193950
 -1.159982 -1.159982 -0.986135 -14.739771
 -1.283485 -1.837369 -1.367366 -1.174682
 -1.075356 -1.957743 -1.639290 -1.128466
 -0.984988 -1.771224 -1.552971 -1.407259
 -1.386294 -1.386294 -1.386294 -1.386294
 -1.196906 -1.746013 -1.416534 -1.269931
 -1.134015 -1.972341 -1.911716 -0.938271
 -1.110883 -1.603358 -1.410987 -1.488948
 -1.688296 -1.855349 -1.400614 -0.885951
 -0.999241 -1.474663 -0.908857 -14.513647
 -0.920365 -1.315677 -1.098613 -14.022528
 -0.863494 -1.528469 -1.017644 -14.322330
 -1.169127 -1.300703 -0.874619 -14.669928
 -1.117589 -1.869923 -1.226788 -1.489152
 -1.126943 -1.855180 -1.820089 -1.028503
 -0.952659 -1.702963 -1.475906 -1.591738
 -1.386294 -1.386294 -1.386294 -1.386294
 -1.067482 -2.201183 -1.490338 -1.138941
 -1.073921 -1.897118 -2.148431 -0.937345
 -1.064127 -1.740465 -1.707675 -1.209838
 -1.509617 -1.732760 -1.391834 -1.039615
 -1.281815 -1.711377 -1.266067 -1.347413
 -1.349927 -2.117178 -1.349927 -1.018571
 -1.039190 -1.732335 -1.493925 -1.406914
 -1.731861 -1.485728 -1.467710 -1.004426
 -1.200395 -2.181222 -1.165304 -1.293921
 -1.267689 -1.537978 -1.686398 -1.144075
 -1.228205 -1.587579 -1.348349 -1.414307
 -1.796253 -1.515351 -1.173066 -1.187664
 -1.501363 -1.526056 -1.386294 -1.171885
 -1.511457 -1.821611 -1.734600 -0.818312
 -1.486642 -1.682386 -1.182431 -1.267953
 -1.499235 -1.638996 -1.566676 -0.984071
 -14.297939 -14.297939 -14.297939 -0.000002
 -14.144817 -14.144817 -14.144817 -0.000002
 -14.369398 -14.369398 -14.369398 -0.000002
 -14.731803 -14.731803 -14.731803 -0.000001
 -1.386294 -1.386294 -1.386294 -1.386294
 -1.386294 -1.386294 -1.386294 -1.386294
 -1.386294 -1.386294 -1.386294 -1.386294
 -1.680897 -1.498575 -1.867672 -0.830430
 -14.115618 -14.115618 -14.115618 -0.000002
 -14.297939 -14.297939 -14.297939 -0.000002
 -13.928843 -13.928843 -13.928843 -0.000003
 -14.966084 -14.966084 -14.966084 -0.000001
 -1.386294 -1.386294 -1.386294 -1.386294
 -1.386294 -1.386294 -1.386294 -1.386294
 -1.386294 -1.386294 -1.386294 -1.386294
 -0.000001 -15.796513 -15.796513 -15.796513
 -15.796513 -15.796513 -0.000000 -15.796513
 -1.386294 -1.386294 -1.386294 -1.386294
 -1.386294 -1.386294 -1.386294 -1.386294
 -1.386294 -1.386294 -1.386294 -1.386294
 -1.386294 -1.386294 -1.386294 -1.386294
 -1.386294 -1.386294 -1.386294 -1.386294
 -15.796513 -15.796513 -0.000000 -15.796513
 -1.386294 -1.386294 -1.386294 -1.386294
 -1.386294 -1.386294 -1.386294 -1.386294
 -1.386294 -1.386294 -1.386294 -1.386294
 -1.093110 -2.032294 -1.486305 -1.179000
 -1.386294 -1.386294 -1.386294 -1.386294
 -1.027154 -2.160855 -1.467710 -1.216396
 -1.509354 -1.509354 -1.914817 -0.890317
 -1.293204 -2.266650 -2.327274 -0.645520
 -1.475346 -1.880810 -1.600509 -0.874573
