 -1.442806 0.000100 0.000100 0.000100
 -1.566420 0.000100 0.000100 0.000100
 -1.836710 0.000100 0.000100 0.000100
 -0.927341 0.000100 0.000100 0.000100
 -1.363305 -2.374890 -1.969433 -0.670162
 -0.804377 -12.847937 -2.944399 -0.693152
 -1.170074 -2.674112 -1.421385 -0.969405
 -1.878767 -1.878767 -1.568615 -0.721321
 -1.163152 -1.473305 -13.081550 -0.780162
 -1.734591 -12.043577 -12.043577 -0.194172
 -1.098616 -2.014891 -2.014891 -0.916296
 -1.575535 -1.693318 -1.575535 -0.910562
 -1.056055 -2.036874 -2.036874 -0.938273
 -1.036096 -2.335355 -3.433900 -0.661405
 -1.992415 -1.704741 -1.992415 -0.606146
 -1.474401 -1.646250 -1.423108 -1.086637
 -1.694593 -1.945904 -2.505509 -0.524529
 -0.882395 -2.268664 -2.674112 -0.882395
 -0.762146 -3.401111 -2.014891 -1.003306
 -2.224616 -2.224616 -1.413693 -0.615189
 -1.196252 -1.815285 -2.374890 -0.816765
 -1.335002 -2.251263 -2.944360 -0.546556
 -1.386294 -2.639022 -1.945899 -0.624162
 -1.526056 -2.123888 -1.526056 -0.808218
 -1.408767 -1.609436 -2.420352 -0.762144
 -1.481603 -2.397863 -3.090961 -0.451996
 -1.064715 -2.674112 -1.980990 -0.802353
 -2.844894 -1.969437 -1.020362 -0.816763
 -0.869043 -1.824542 -3.433900 -0.949085
 -1.139438 -2.525695 -2.525695 -0.653935
 -2.302570 -2.079432 -1.491654 -0.597843
 -1.969437 -1.681757 -1.235472 -0.957841
 -1.665004 -1.665004 -2.001471 -0.720551
 -1.945899 -2.639022 -2.233573 -0.387775
 -2.224609 -2.001471 -1.819153 -0.519882
 -1.984127 -1.609437 -1.548812 -0.798510
 -1.648654 -1.648654 -1.871793 -0.773197
 -2.014891 -2.302565 -3.401111 -0.310164
 -1.236764 -2.335355 -2.047681 -0.725943
 -2.356645 -1.914817 -1.509354 -0.622054
 -1.216398 -2.197206 -1.909532 -0.810937
 -1.139438 -1.832572 -12.429233 -0.653935
 -1.455286 -2.302565 -2.014891 -0.628616
 -2.407938 -1.966110 -1.714797 -0.527635
 -1.673972 -2.772551 -2.367103 -0.421221
 -3.177970 -1.568613 -12.388411 -0.287693
 -2.159466 -2.159466 -1.178658 -0.773197
 -1.771955 -1.714797 -1.427116 -0.891600
 -1.349927 -1.686394 -12.506192 -0.587795
 -1.252765 -2.233573 -2.639022 -0.624162
 -1.358124 -3.555259 -1.609435 -0.664982
 -2.219198 -1.956836 -1.577349 -0.609768
 -1.734596 -2.140053 -2.833175 -0.435325
 -1.299284 -1.704741 -3.090961 -0.693156
 -2.639022 -3.332119 -1.540443 -0.387775
 -2.020015 -1.751752 -1.493925 -0.756328
 -12.506192 -12.506192 -12.506192 -0.000011
 -12.468452 -12.468452 -12.468452 -0.000012
 -12.644341 -12.644341 -12.644341 -0.000010
 -13.795312 -13.795312 -13.795312 -0.000003
 -1.386294 -1.386294 -1.386294 -1.386294
 -1.386294 -1.386294 -1.386294 -1.386294
 -1.386294 -1.386294 -1.386294 -1.386294
 -2.208272 -2.495952 -1.291984 -0.629297
 -1.609433 -2.302555 -12.206093 -0.356688
 -2.014880 -11.918417 -2.014880 -0.310173
 -2.120255 -1.966107 -1.832577 -0.544732
 -1.935651 -2.176811 -1.140725 -0.861141
 -1.466336 -2.564915 -12.468452 -0.367735
 -2.302555 -0.916298 -12.206093 -0.693157
 -1.516346 -2.327262 -1.921806 -0.622535
 -2.762105 -1.781286 -1.119891 -0.816209
 -1.343735 -2.442314 -3.135412 -0.496447
 -2.014891 -2.302565 -2.708014 -0.356684
 -2.001471 -12.821269 -1.413693 -0.475430
 -2.036878 -2.036878 -1.302913 -0.760590
 -1.686394 -2.197206 -3.295752 -0.405474
 -1.734591 -2.833137 -1.446918 -0.636001
 -1.531475 -2.917732 -1.126014 -0.902872
 -2.417889 -2.417889 -1.247825 -0.626139
 -1.021656 -2.525695 -12.429233 -0.579827
 -1.609431 -1.321758 -11.918417 -0.628623
 -1.749196 -2.442331 -1.263693 -0.784123
 -1.925288 -2.261757 -1.037989 -0.926764
 -12.736712 -12.736712 -12.736712 -0.000009
 -12.206093 -12.206093 -12.206093 -0.000015
 -13.060496 -13.060496 -13.060496 -0.000006
 -13.604795 -13.604795 -13.604795 -0.000004
 -1.386294 -1.386294 -1.386294 -1.386294
 -1.386294 -1.386294 -1.386294 -1.386294
 -1.386294 -1.386294 -1.386294 -1.386294
 -0.927341 -1.836710 -14.414350 -0.809559
 -13.487012 -13.487012 -13.487012 -0.000004
 -12.577650 -12.577650 -12.577650 -0.000010
 -1.386294 -1.386294 -1.386294 -1.386294
 -13.604795 -13.604795 -13.604795 -0.000004
 -1.386294 -1.386294 -1.386294 -1.386294
 -1.386294 -1.386294 -1.386294 -1.386294
 -1.386294 -1.386294 -1.386294 -1.386294
 -0.000002 -14.414350 -14.414350 -14.414350
 -14.414350 -14.414350 -0.000002 -14.414350
 -1.386294 -1.386294 -1.386294 -1.386294
 -1.386294 -1.386294 -1.386294 -1.386294
 -1.386294 -1.386294 -1.386294 -1.386294
 -1.386294 -1.386294 -1.386294 -1.386294
 -1.386294 -1.386294 -1.386294 -1.386294
 -0.639660 -1.677645 -14.414350 -1.252763
 -1.386294 -1.386294 -1.386294 -1.386294
 -1.856295 -1.856295 -1.856295 -0.632525
 -1.734596 -1.580448 -2.140053 -0.693153
 -1.386294 -1.386294 -1.386294 -1.386294
 -2.341793 -2.341793 -1.006807 -0.815753
 -0.955517 -2.159466 -2.159466 -0.955517
 -1.504076 -1.686394 -2.197206 -0.730895
 -1.239692 -1.558143 -1.335002 -1.440361
 -1.332806 -1.677645 -1.419817 -1.178656
 -1.313030 0.000100 0.000100 0.000100
 -1.836278 0.000100 0.000100 0.000100
 -1.611285 0.000100 0.000100 0.000100
 -0.988981 0.000100 0.000100 0.000100
 -1.132088 -1.966700 -1.554721 -1.119403
 -1.185624 -1.764360 -2.061091 -0.926762
 -1.151756 -1.886700 -1.611288 -1.100463
 -1.750937 -1.563865 -1.597603 -0.880242
 -1.241605 -1.815891 -1.539043 -1.097211
 -1.216129 -1.806797 -2.279401 -0.827593
 -1.085266 -1.993070 -1.723150 -1.057253
 -1.646873 -1.744247 -1.606463 -0.839385
 -1.129865 -1.768261 -1.581850 -1.201645
 -1.082829 -1.867266 -1.882082 -1.036919
 -1.169623 -1.775759 -1.684787 -1.094588
 -1.514042 -1.589802 -1.509759 -1.035491
 -1.217537 -1.838465 -1.605534 -1.066538
 -1.106809 -2.020017 -1.850599 -0.968659
 -1.144075 -1.960835 -1.512445 -1.138278
 -1.716869 -1.722986 -1.503530 -0.868701
 -1.135133 -1.932211 -1.658918 -1.068719
 -1.218158 -1.849746 -2.270248 -0.812693
 -1.052668 -1.884541 -1.782758 -1.105872
 -1.576199 -1.682629 -1.698802 -0.856954
 -1.226147 -1.923788 -1.533452 -1.064974
 -1.226035 -1.874061 -2.161743 -0.825712
 -1.159237 -1.985915 -1.674703 -1.017063
 -1.646371 -1.697143 -1.397811 -0.975753
 -1.165156 -1.804718 -1.545704 -1.169753
 -1.236763 -1.630393 -1.929909 -0.997871
 -1.221991 -1.885285 -1.574346 -1.060079
 -1.661922 -1.621307 -1.465027 -0.963607
 -1.160306 -1.938812 -1.543298 -1.111516
 -1.311011 -1.895749 -2.234964 -0.748130
 -1.060280 -2.042819 -1.789984 -1.029975
 -1.608396 -1.562586 -1.689741 -0.902312
 -1.178994 -1.969214 -1.580063 -1.058766
 -1.260606 -1.814333 -1.993919 -0.873685
 -1.155149 -2.064750 -1.648236 -1.005804
 -1.596205 -1.610390 -1.476858 -0.996492
 -1.148730 -1.891549 -1.517434 -1.162034
 -1.158677 -1.622982 -2.092985 -1.006569
 -1.174985 -1.868132 -1.598469 -1.094943
 -1.664723 -1.623480 -1.495647 -0.943040
 -1.093110 -2.120263 -1.568892 -1.089004
 -1.286809 -1.950102 -1.892944 -0.841735
 -1.307237 -1.909999 -1.484167 -1.036591
 -1.614660 -1.635825 -1.588819 -0.911096
 -1.361397 -1.898054 -1.339774 -1.102823
 -1.337842 -1.872984 -1.953027 -0.816264
 -1.203359 -1.890390 -1.587579 -1.066001
 -1.669456 -1.590207 -1.399980 -1.018420
 -1.236763 -1.674488 -1.610975 -1.131402
 -1.344094 -1.651248 -2.079441 -0.861770
 -1.379780 -1.772341 -1.654558 -0.948672
 -1.692112 -1.487932 -1.703223 -0.896648
 -15.679591 -15.679591 -15.679591 -0.000000
 -15.496339 -15.496339 -15.496339 -0.000001
 -15.392426 -15.392426 -15.392426 -0.000001
 -16.161156 -16.161156 -16.161156 -0.000000
 -1.386294 -1.386294 -1.386294 -1.386294
 -1.386294 -1.386294 -1.386294 -1.386294
 -1.386294 -1.386294 -1.386294 -1.386294
 -1.641306 -1.635608 -1.440116 -0.982060
 -1.239518 -1.763588 -1.518466 -1.139434
 -1.193923 -1.850255 -1.992429 -0.907804
 -1.098612 -2.095140 -1.408342 -1.207093
 -1.680897 -1.529016 -1.442005 -1.020011
 -1.239564 -1.862752 -1.548402 -1.071024
 -1.100733 -1.762529 -2.149645 -0.969593
 -1.176944 -1.715940 -1.805552 -1.056695
 -1.460320 -1.680029 -1.531609 -1.007085
 -1.269971 -1.972507 -1.206601 -1.269971
 -1.173373 -1.750259 -1.866519 -1.015316
 -1.196099 -1.819817 -1.572576 -1.114549
 -1.549420 -1.814701 -1.324337 -1.025094
 -1.254851 -2.078051 -1.341419 -1.114030
 -1.322925 -1.915988 -1.796443 -0.866167
 -1.392337 -1.779783 -1.240787 -1.225283
 -1.713687 -1.647991 -1.275830 -1.055080
 -1.234358 -1.550818 -1.522040 -1.277843
 -1.261937 -1.651402 -1.877526 -0.988469
 -1.245666 -1.671131 -1.563501 -1.155771
 -1.566022 -1.279636 -1.602965 -1.165752
 -15.771372 -15.771372 -15.771372 -0.000000
 -15.623800 -15.623800 -15.623800 -0.000001
 -15.503760 -15.503760 -15.503760 -0.000001
 -15.957928 -15.957928 -15.957928 -0.000000
 -1.386294 -1.386294 -1.386294 -1.386294
 -1.386294 -1.386294 -1.386294 -1.386294
 -1.386294 -1.386294 -1.386294 -1.386294
 -1.384083 -1.378209 -17.115044 -0.698327
 -15.730962 -15.730962 -15.730962 -0.000000
 -15.736835 -15.736835 -15.736835 -0.000000
 -1.386294 -1.386294 -1.386294 -1.386294
 -16.416718 -16.416718 -16.416718 -0.000000
 -1.386294 -1.386294 -1.386294 -1.386294
 -1.386294 -1.386294 -1.386294 -1.386294
 -1.386294 -1.386294 -1.386294 -1.386294
 0.000000 -17.115044 -17.115044 -17.115044
 -17.115044 -17.115044 -0.000000 -17.115044
 -1.386294 -1.386294 -1.386294 -1.386294
 -1.386294 -1.386294 -1.386294 -1.386294
 -1.386294 -1.386294 -1.386294 -1.386294
 -1.386294 -1.386294 -1.386294 -1.386294
 -1.386294 -1.386294 -1.386294 -1.386294
 -1.004981 -1.470157 -17.115044 -0.906194
 -1.386294 -1.386294 -1.386294 -1.386294
 -1.247234 -1.943896 -1.483623 -1.070778
 -1.359373 -1.638756 -2.229853 -0.817776
 -1.386294 -1.386294 -1.386294 -1.386294
 -1.604882 -1.789023 -1.538924 -0.873826
 -1.040202 -1.977998 -1.475906 -1.274040
 -1.044073 -1.941435 -2.057267 -0.976355
 -1.025454 -2.077545 -1.505026 -1.223776
 -1.602003 -1.714591 -1.639743 -0.856984
