 -1.292107 0.000100 0.000100 0.000100
 -1.930595 0.000100 0.000100 0.000100
 -1.909542 0.000100 0.000100 0.000100
 -0.839102 0.000100 0.000100 0.000100
 -1.087440 -1.849576 -2.003726 -0.992130
 -1.452252 -2.240698 -2.463837 -0.554316
 -1.473305 -2.772564 -1.673974 -0.652330
 -2.051268 -2.169050 -1.507655 -0.624156
 -1.475906 -1.415282 -2.302577 -0.847300
 -1.152682 -1.845820 -3.637496 -0.693152
 -1.317302 -2.233583 -1.540444 -0.889860
 -1.464256 -1.897118 -1.519825 -0.916292
 -1.290985 -1.609437 -1.897117 -0.980831
 -1.405342 -2.583980 -3.970199 -0.414948
 -1.062896 -2.215564 -2.621021 -0.749240
 -1.868131 -2.204601 -1.693778 -0.595168
 -1.059393 -1.832578 -2.931174 -0.820983
 -1.005525 -1.767657 -2.614936 -0.940987
 -1.029622 -2.351360 -2.351360 -0.793235
 -1.933932 -2.403933 -1.398416 -0.657642
 -1.086191 -2.436107 -2.184796 -0.771111
 -1.845820 -1.440361 -3.637496 -0.546550
 -0.906724 -2.564932 -1.648656 -1.118032
 -2.041218 -1.818075 -1.399366 -0.774274
 -1.470851 -1.596014 -2.694613 -0.693150
 -1.241714 -1.860747 -13.017012 -0.587792
 -1.575535 -2.450992 -2.114526 -0.534086
 -2.157216 -1.854937 -1.352847 -0.756327
 -1.304949 -1.880309 -3.384347 -0.611805
 -1.139436 -1.966107 -2.525712 -0.776532
 -2.120255 -1.832577 -1.832577 -0.579823
 -2.272729 -1.640209 -1.579584 -0.699227
 -1.234746 -2.061416 -2.397882 -0.711500
 -1.460402 -2.079434 -2.926713 -0.528848
 -1.791755 -2.261751 -1.473305 -0.693151
 -1.847848 -1.773740 -1.442384 -0.829280
 -1.309922 -1.840546 -2.533683 -0.709151
 -1.365241 -3.156959 -2.751510 -0.448955
 -1.662546 -2.961804 -1.863214 -0.505099
 -1.830979 -1.830979 -1.553348 -0.759398
 -1.535329 -2.094939 -2.788074 -0.510829
 -1.742965 -1.609435 -2.302570 -0.644362
 -1.609436 -2.525712 -2.302573 -0.478041
 -2.296682 -1.951843 -1.762602 -0.534780
 -1.163152 -1.925285 -3.871109 -0.652330
 -1.838274 -2.174741 -3.091002 -0.382998
 -1.791755 -1.540443 -2.351360 -0.646632
 -2.302582 -2.028146 -1.440361 -0.631905
 -1.568614 -1.473305 -3.178012 -0.652330
 -1.263693 -2.730005 -2.442331 -0.570550
 -1.754016 -2.159475 -2.005327 -0.550051
 -2.090739 -2.186049 -1.598264 -0.576615
 -1.349927 -2.043067 -3.295794 -0.555001
 -1.742965 -2.302570 -2.079432 -0.510831
 -1.812374 -2.100052 -1.945904 -0.559620
 -2.559435 -2.425904 -1.560910 -0.471111
 -0.465369 -1.122145 -3.068012 -12.971550
 -0.723925 -1.417066 -1.299284 -12.706860
 -0.773193 -1.312187 -1.312187 -13.161592
 -1.471452 -1.252763 -0.724239 -14.488457
 -1.540444 -2.153545 -3.109045 -0.470006
 -1.688574 -1.749198 -2.575868 -0.570547
 -1.651996 -2.841571 -1.696448 -0.567986
 -1.386294 -1.386294 -1.386294 -1.386294
 -0.940009 -1.519825 -4.158789 -0.980831
 -1.098615 -1.791754 -1.974072 -1.018573
 -1.223777 -1.446918 -2.140053 -1.041457
 -2.068968 -1.691675 -1.462834 -0.781117
 -1.127187 -2.316761 -13.473026 -0.549111
 -1.578184 -1.578184 -2.533683 -0.677402
 -1.909537 -2.043067 -2.197215 -0.492481
 -2.204601 -2.022280 -1.478667 -0.635990
 -1.033017 -1.880309 -4.077444 -0.745336
 -1.609436 -2.014895 -2.708026 -0.510831
 -1.435084 -1.658225 -1.945903 -0.847302
 -1.923685 -2.409191 -1.331636 -0.693148
 -1.417066 -1.992425 -13.400002 -0.476086
 -1.178657 -2.277252 -2.277252 -0.719128
 -1.963604 -2.251282 -2.251282 -0.432138
 -2.315004 -2.091861 -1.532248 -0.576738
 -1.060874 -1.871797 -3.258054 -0.773193
 -1.717647 -2.277252 -1.717647 -0.619045
 -1.609436 -3.113474 -2.014895 -0.474463
 -1.652922 -1.869145 -1.247458 -1.002336
 -13.458841 -13.458841 -13.458841 -0.000004
 -12.971550 -12.971550 -12.971550 -0.000007
 -13.444452 -13.444452 -13.444452 -0.000004
 -14.166170 -14.166170 -14.166170 -0.000002
 -1.386294 -1.386294 -1.386294 -1.386294
 -1.386294 -1.386294 -1.386294 -1.386294
 -1.386294 -1.386294 -1.386294 -1.386294
 -1.591089 -2.689698 -0.582247 -1.773410
 -13.400002 -13.400002 -13.400002 -0.000005
 -12.301401 -12.301401 -12.301401 -0.000014
 -14.408839 -14.408839 -14.408839 -0.000002
 -13.217681 -13.217681 -13.217681 -0.000005
 -1.386294 -1.386294 -1.386294 -1.386294
 -1.386294 -1.386294 -1.386294 -1.386294
 -1.386294 -1.386294 -1.386294 -1.386294
 -0.000001 -14.991085 -14.991085 -14.991085
 -14.991085 -14.991085 -0.000001 -14.991085
 -1.386294 -1.386294 -1.386294 -1.386294
 -1.386294 -1.386294 -1.386294 -1.386294
 -1.386294 -1.386294 -1.386294 -1.386294
 -1.386294 -1.386294 -1.386294 -1.386294
 -1.386294 -1.386294 -1.386294 -1.386294
 -0.621689 -1.476678 -14.991085 -1.450010
 -1.386294 -1.386294 -1.386294 -1.386294
 -1.521469 -1.863217 -1.981000 -0.716405
 -1.531476 -1.413693 -2.001475 -0.902870
 -1.386294 -1.386294 -1.386294 -1.386294
 -1.765782 -1.765782 -1.691674 -0.747217
 -1.026641 -1.565634 -3.106053 -0.946598
 -0.924951 -1.980996 -1.352393 -1.575535
 -1.473305 -1.386294 -1.386294 -1.306252
 -1.353718 -2.309226 -1.303708 -0.991929
 -1.294678 0.000100 0.000100 0.000100
 -1.840401 0.000100 0.000100 0.000100
 -1.552719 0.000100 0.000100 0.000100
 -1.033981 0.000100 0.000100 0.000100
 -1.124208 -1.898324 -1.491521 -1.203171
 -1.117481 -1.764108 -2.082561 -0.975651
 -1.068691 -1.746089 -1.644307 -1.241534
 -1.605736 -1.662758 -1.420724 -0.999390
 -1.109662 -1.856876 -1.586002 -1.173032
 -1.217112 -1.645416 -2.141499 -0.932661
 -1.029778 -1.868245 -1.673185 -1.201074
 -1.663670 -1.588446 -1.496215 -0.961449
 -1.185677 -1.826767 -1.552766 -1.133620
 -1.080280 -1.879696 -1.929396 -1.014380
 -1.128154 -2.059102 -1.460929 -1.149545
 -1.548086 -1.624779 -1.559335 -0.967284
 -1.186260 -1.849329 -1.407497 -1.229151
 -1.065309 -1.775949 -1.849152 -1.112655
 -1.098612 -1.818888 -1.545051 -1.233883
 -1.620383 -1.644597 -1.417539 -1.003001
 -1.118827 -1.795888 -1.597154 -1.187820
 -1.102436 -1.824740 -2.071837 -0.965678
 -1.009571 -1.737809 -1.776358 -1.236270
 -1.731554 -1.570041 -1.487932 -0.943880
 -1.146772 -1.847165 -1.492675 -1.204355
 -1.090449 -2.038401 -1.983966 -0.925900
 -1.114402 -1.810205 -1.671369 -1.138564
 -1.611851 -1.658831 -1.417126 -1.000458
 -1.088743 -1.797611 -1.535789 -1.264500
 -1.134203 -1.721369 -2.033557 -0.997958
 -1.086014 -1.888179 -1.456873 -1.279667
 -1.564508 -1.546366 -1.429833 -1.083410
 -1.121575 -1.898256 -1.536669 -1.173419
 -1.138525 -1.708851 -2.067682 -0.988441
 -1.101708 -1.767331 -1.664235 -1.179042
 -1.639180 -1.568930 -1.512749 -0.974743
 -1.225630 -1.855719 -1.411508 -1.183153
 -1.145925 -1.874578 -1.982620 -0.939194
 -1.107946 -1.946755 -1.642932 -1.097768
 -1.556819 -1.691332 -1.377171 -1.042339
 -1.075068 -1.888619 -1.462374 -1.288227
 -1.036737 -1.735615 -1.938843 -1.123229
 -1.073219 -1.955792 -1.469873 -1.249365
 -1.589428 -1.603680 -1.402792 -1.052990
 -1.055636 -1.930466 -1.634200 -1.165265
 -1.197219 -1.786931 -2.195290 -0.869485
 -1.084595 -1.720096 -1.834254 -1.129547
 -1.648870 -1.584849 -1.534460 -0.948860
 -1.088978 -1.990155 -1.425789 -1.250204
 -1.030373 -1.957274 -2.100374 -0.968973
 -1.111564 -1.974816 -1.678890 -1.062507
 -1.512446 -1.805746 -1.548813 -0.909370
 -1.189663 -1.834801 -1.338666 -1.295226
 -1.156033 -1.633154 -1.722766 -1.166729
 -1.030938 -1.995730 -1.438715 -1.308662
 -1.553856 -1.653130 -1.384437 -1.059427
 -0.742636 -1.458034 -1.232892 -16.659840
 -0.697001 -1.150918 -1.684286 -16.157316
 -0.758234 -1.346021 -1.304778 -16.496532
 -1.127727 -1.158290 -1.015534 -16.731659
 -1.209591 -1.866279 -1.508863 -1.121406
 -1.121974 -1.890628 -1.882816 -0.990945
 -1.211009 -1.943072 -1.558998 -1.054136
 -1.386294 -1.386294 -1.386294 -1.386294
 -1.167798 -1.828546 -1.381454 -1.283417
 -1.069437 -1.798360 -1.881166 -1.082299
 -0.963838 -1.977070 -1.530544 -1.333013
 -1.552784 -1.625330 -1.468410 -1.018312
 -1.103084 -1.867628 -1.674534 -1.120034
 -1.265490 -1.742413 -2.060173 -0.878587
 -1.060048 -1.672988 -1.688924 -1.268841
 -1.539216 -1.587024 -1.648132 -0.945441
 -1.177235 -1.870382 -1.418061 -1.218672
 -1.137614 -1.808289 -1.842190 -1.029984
 -1.056053 -1.935786 -1.605744 -1.180507
 -1.518752 -1.661523 -1.388176 -1.074011
 -1.354546 -1.987068 -1.283472 -1.115458
 -1.280341 -1.831099 -1.759640 -0.942344
 -1.212416 -1.840401 -1.450635 -1.173291
 -1.651402 -1.686399 -1.237157 -1.100136
 -1.250114 -1.618096 -1.559638 -1.187313
 -1.357103 -1.677045 -1.862651 -0.915270
 -1.254709 -1.566932 -1.521401 -1.245659
 -1.536523 -1.394184 -1.559619 -1.118955
 -16.564062 -16.564062 -16.564062 -0.000000
 -16.387360 -16.387360 -16.387360 -0.000000
 -16.328358 -16.328358 -16.328358 -0.000000
 -16.791550 -16.791550 -16.791550 -0.000000
 -1.386294 -1.386294 -1.386294 -1.386294
 -1.386294 -1.386294 -1.386294 -1.386294
 -1.386294 -1.386294 -1.386294 -1.386294
 -1.516769 -1.589202 -1.549609 -1.010160
 -16.404026 -16.404026 -16.404026 -0.000000
 -16.331593 -16.331593 -16.331593 -0.000000
 -16.371187 -16.371187 -16.371187 -0.000000
 -16.910635 -16.910635 -16.910635 -0.000000
 -1.386294 -1.386294 -1.386294 -1.386294
 -1.386294 -1.386294 -1.386294 -1.386294
 -1.386294 -1.386294 -1.386294 -1.386294
 0.000000 -17.920795 -17.920795 -17.920795
 -17.920795 -17.920795 0.000000 -17.920795
 -1.386294 -1.386294 -1.386294 -1.386294
 -1.386294 -1.386294 -1.386294 -1.386294
 -1.386294 -1.386294 -1.386294 -1.386294
 -1.386294 -1.386294 -1.386294 -1.386294
 -1.386294 -1.386294 -1.386294 -1.386294
 -0.977209 -1.338965 -17.920795 -1.017429
 -1.386294 -1.386294 -1.386294 -1.386294
 -1.251669 -1.993453 -1.469847 -1.056162
 -1.474335 -1.810808 -2.206703 -0.698191
 -1.386294 -1.386294 -1.386294 -1.386294
 -1.502710 -1.858215 -1.536047 -0.900681
 -1.132399 -2.043548 -1.335134 -1.255091
 -1.083395 -1.875093 -1.722986 -1.109626
 -0.913734 -2.016611 -1.654821 -1.291915
 -1.617956 -1.665931 -1.482898 -0.952688
