 -1.158781 0.000100 0.000100 0.000100
 -2.057779 0.000100 0.000100 0.000100
 -1.975541 0.000100 0.000100 0.000100
 -0.868197 0.000100 0.000100 0.000100
 -1.458615 -1.563975 -2.257116 -0.790788
 -1.358124 -2.456714 -2.862162 -0.510832
 -0.747219 -2.944399 -2.251277 -0.998532
 -1.526056 -1.566878 -1.609437 -0.983733
 -1.098614 -1.637607 -2.330747 -0.980831
 -1.142099 -1.904232 -2.058380 -0.905712
 -1.152682 -2.251277 -1.558143 -0.998532
 -1.429969 -1.989582 -1.394878 -0.977985
 -0.935462 -1.971549 -2.066858 -1.073612
 -1.315677 -1.516346 -3.020385 -0.769138
 -1.272967 -2.525712 -1.609436 -0.820984
 -1.871800 -2.341799 -1.147884 -0.837730
 -1.018571 -1.791757 -1.974077 -1.098614
 -1.128468 -2.427727 -2.427727 -0.693153
 -1.522426 -2.061416 -1.927886 -0.675132
 -1.837014 -1.894172 -1.549333 -0.738405
 -0.985819 -2.412922 -1.902103 -0.946598
 -1.360977 -2.054114 -2.054114 -0.719128
 -1.408767 -2.014895 -2.014895 -0.715624
 -1.921810 -2.614952 -1.174599 -0.751743
 -1.450832 -1.760985 -2.079435 -0.757689
 -1.648654 -2.159466 -2.159466 -0.550055
 -1.187167 -2.131620 -2.691225 -0.676344
 -2.055722 -1.883873 -1.532476 -0.685181
 -0.944464 -2.602672 -2.197215 -0.853493
 -1.609435 -1.742965 -2.590244 -0.597843
 -1.435084 -1.658225 -1.658225 -0.965084
 -2.036879 -1.836210 -1.631416 -0.664575
 -1.558143 -2.433600 -2.251282 -0.516695
 -1.516346 -2.104124 -2.614936 -0.535524
 -1.838274 -2.174741 -1.586963 -0.648700
 -1.992428 -1.838278 -1.887068 -0.592344
 -1.631414 -1.526055 -1.882726 -0.832913
 -1.185626 -2.197211 -1.791754 -0.875473
 -2.251277 -3.637497 -1.558143 -0.418717
 -1.858897 -2.041218 -1.348073 -0.788459
 -1.473305 -2.484890 -2.261751 -0.539001
 -1.609435 -2.169040 -2.862162 -0.464313
 -1.402824 -2.319104 -2.164956 -0.614370
 -2.228473 -2.094943 -1.466337 -0.619041
 -1.365241 -2.463837 -2.240698 -0.592056
 -1.098616 -2.302565 -2.708014 -0.693154
 -1.992423 -1.992423 -1.704745 -0.606141
 -2.140063 -1.985913 -1.159237 -0.840784
 -1.526055 -2.036874 -13.038990 -0.427449
 -1.734596 -2.140053 -2.833175 -0.435325
 -2.197217 -2.063687 -2.351365 -0.405469
 -2.310243 -2.041981 -1.291679 -0.700812
 -1.504076 -1.791754 -3.583430 -0.539003
 -1.475905 -2.862162 -2.862162 -0.419861
 -1.992423 -2.397879 -1.586963 -0.565319
 -1.850027 -2.235687 -1.284715 -0.778446
 -13.060496 -13.060496 -13.060496 -0.000006
 -12.577650 -12.577650 -12.577650 -0.000010
 -13.235700 -13.235700 -13.235700 -0.000005
 -14.166170 -14.166170 -14.166170 -0.000002
 -1.386294 -1.386294 -1.386294 -1.386294
 -1.386294 -1.386294 -1.386294 -1.386294
 -1.386294 -1.386294 -1.386294 -1.386294
 -2.280921 -2.116619 -1.336462 -0.664369
 -1.540443 -1.945899 -12.542560 -0.441842
 -1.299284 -2.397874 -2.803323 -0.552076
 -1.386294 -2.330747 -1.711715 -0.750308
 -2.309698 -1.904236 -1.120119 -0.854416
 -1.365241 -2.058380 -3.850056 -0.517948
 -1.609435 -1.945902 -1.945902 -0.664982
 -1.808285 -2.319104 -1.712976 -0.584517
 -2.390285 -1.930756 -1.264280 -0.732064
 -1.634128 -1.921806 -3.020385 -0.494702
 -1.974072 -2.484885 -2.484885 -0.364650
 -1.044547 -2.197215 -2.379534 -0.810933
 -2.072470 -1.704747 -1.407496 -0.803963
 -1.609436 -2.525712 -13.122372 -0.328509
 -1.410987 -2.104124 -2.614936 -0.578083
 -1.408767 -3.113474 -2.197213 -0.510831
 -2.036879 -2.154662 -1.400893 -0.678760
 -1.001451 -2.282371 -3.198631 -0.713770
 -1.909532 -3.295752 -2.602654 -0.300114
 -1.945903 -3.737579 -1.945903 -0.370380
 -2.341802 -2.216639 -1.158036 -0.732369
 -12.971550 -12.971550 -12.971550 -0.000007
 -12.388411 -12.388411 -12.388411 -0.000012
 -13.287885 -13.287885 -13.287885 -0.000005
 -14.207556 -14.207556 -14.207556 -0.000002
 -1.386294 -1.386294 -1.386294 -1.386294
 -1.386294 -1.386294 -1.386294 -1.386294
 -1.386294 -1.386294 -1.386294 -1.386294
 -14.823470 -14.823470 -0.000001 -14.823470
 -1.386294 -1.386294 -1.386294 -1.386294
 -1.386294 -1.386294 -1.386294 -1.386294
 -14.823470 -14.823470 -14.823470 -0.000001
 -1.386294 -1.386294 -1.386294 -1.386294
 -1.386294 -1.386294 -1.386294 -1.386294
 -1.386294 -1.386294 -1.386294 -1.386294
 -1.386294 -1.386294 -1.386294 -1.386294
 -0.000001 -14.823470 -14.823470 -14.823470
 -14.823470 -14.823470 -0.000001 -14.823470
 -1.386294 -1.386294 -1.386294 -1.386294
 -1.386294 -1.386294 -1.386294 -1.386294
 -1.386294 -1.386294 -1.386294 -1.386294
 -1.386294 -1.386294 -1.386294 -1.386294
 -1.386294 -1.386294 -1.386294 -1.386294
 -0.602494 -1.518783 -14.823470 -1.454245
 -1.386294 -1.386294 -1.386294 -1.386294
 -1.832580 -1.966111 -1.484275 -0.747957
 -1.791756 -1.529394 -2.302575 -0.660361
 -1.386294 -1.386294 -1.386294 -1.386294
 -2.079435 -2.549431 -1.325670 -0.632526
 -1.098615 -1.435084 -2.639034 -1.029622
 -1.098615 -1.717647 -1.717647 -1.178657
 -1.209839 -1.845823 -1.270463 -1.335001
 -1.275069 -2.079439 -1.151455 -1.275069
 -1.247514 0.000100 0.000100 0.000100
 -1.737613 0.000100 0.000100 0.000100
 -1.639974 0.000100 0.000100 0.000100
 -1.070442 0.000100 0.000100 0.000100
 -1.226922 -2.033396 -1.538701 -1.018168
 -1.178656 -1.766440 -1.928958 -0.977985
 -0.870830 -1.915371 -1.601715 -1.458615
 -1.497520 -1.691675 -1.422012 -1.047320
 -1.006538 -1.987365 -1.699684 -1.156070
 -1.166932 -1.955386 -1.830224 -0.949868
 -1.150285 -1.843430 -1.889950 -0.983231
 -1.557024 -1.880810 -1.329634 -0.988332
 -1.366092 -1.667196 -1.493925 -1.103728
 -1.001450 -1.751752 -2.187067 -1.058608
 -1.335001 -1.845825 -1.594512 -0.978327
 -1.975762 -1.758698 -1.361397 -0.837542
 -1.105128 -2.264360 -1.373391 -1.165752
 -1.015922 -1.980999 -1.920374 -1.040019
 -1.134204 -1.667007 -1.561647 -1.273965
 -1.451892 -2.128230 -1.355042 -0.944462
 -1.083575 -1.761906 -1.854279 -1.098613
 -1.087440 -2.409187 -1.923684 -0.851052
 -1.105258 -1.551543 -1.685074 -1.303708
 -1.663749 -1.640760 -1.281815 -1.081145
 -1.027517 -2.356649 -1.485824 -1.136151
 -1.081806 -2.205731 -2.285773 -0.800394
 -1.321756 -1.814231 -1.686398 -0.954032
 -1.713797 -1.641477 -1.342234 -1.008229
 -1.364788 -1.659587 -1.386294 -1.189584
 -1.197053 -1.731133 -1.568615 -1.163152
 -1.098613 -1.882729 -1.882729 -1.015232
 -1.597365 -1.954039 -1.275282 -0.976789
 -1.235472 -1.815289 -1.650986 -1.036621
 -1.216396 -1.909540 -2.197220 -0.810932
 -1.288656 -2.054121 -1.615868 -0.922723
 -1.720149 -1.850202 -1.583574 -0.779762
 -0.922334 -1.710789 -1.585627 -1.528468
 -1.078811 -1.771955 -2.659250 -0.867502
 -1.027996 -1.867743 -1.767660 -1.148623
 -1.559958 -1.688575 -1.859200 -0.800120
 -1.149385 -1.781906 -1.547067 -1.197394
 -1.235814 -1.928958 -1.584119 -1.024505
 -1.252763 -1.945907 -1.395864 -1.127601
 -1.572774 -1.533553 -1.390452 -1.115350
 -1.331636 -1.780585 -1.420583 -1.121341
 -1.009486 -2.131624 -1.937469 -0.986496
 -1.223776 -1.894942 -1.475090 -1.118415
 -1.568616 -1.848917 -1.264405 -1.044546
 -1.301137 -2.057461 -1.504077 -0.973450
 -1.149385 -1.976060 -1.781905 -0.977536
 -1.386294 -1.791758 -1.648658 -0.938983
 -1.791759 -1.668145 -1.368903 -0.940710
 -1.301395 -1.479076 -1.425009 -1.349023
 -1.137079 -2.265538 -2.178528 -0.771621
 -1.215534 -1.718636 -1.932209 -0.969401
 -1.934258 -1.556193 -1.102527 -1.163151
 -14.266589 -14.266589 -14.266589 -0.000002
 -14.054530 -14.054530 -14.054530 -0.000002
 -14.260199 -14.260199 -14.260199 -0.000002
 -14.626443 -14.626443 -14.626443 -0.000001
 -1.386294 -1.386294 -1.386294 -1.386294
 -1.386294 -1.386294 -1.386294 -1.386294
 -1.386294 -1.386294 -1.386294 -1.386294
 -1.475906 -1.695766 -1.475906 -1.023324
 -0.980830 -2.133506 -1.440361 -1.310309
 -1.166435 -1.545924 -1.913647 -1.115142
 -1.262681 -1.691675 -1.360319 -1.286211
 -1.950102 -1.715263 -1.033813 -1.132658
 -1.158511 -2.314278 -1.386294 -1.087052
 -1.107347 -1.972341 -1.911716 -0.960744
 -1.138733 -1.885945 -2.046287 -0.919105
 -1.687399 -1.609437 -1.328026 -1.049823
 -1.131403 -2.335371 -1.313724 -1.165304
 -1.272966 -1.832579 -1.832579 -0.916292
 -1.199083 -2.022280 -1.580450 -1.020836
 -1.708871 -1.601241 -1.382188 -1.004426
 -1.221466 -1.785995 -1.542373 -1.127940
 -1.570597 -1.842530 -2.050167 -0.683297
 -1.379864 -1.907929 -1.517064 -0.965889
 -1.967323 -1.726161 -1.352958 -0.858662
 -1.232144 -2.484901 -1.473305 -0.926763
 -1.564985 -1.704747 -2.302580 -0.675130
 -1.450373 -2.032292 -1.757857 -0.772042
 -1.472622 -1.733348 -1.613204 -0.929537
 -14.285517 -14.285517 -14.285517 -0.000002
 -13.795312 -13.795312 -13.795312 -0.000003
 -14.014364 -14.014364 -14.014364 -0.000002
 -14.862831 -14.862831 -14.862831 -0.000001
 -1.386294 -1.386294 -1.386294 -1.386294
 -1.386294 -1.386294 -1.386294 -1.386294
 -1.386294 -1.386294 -1.386294 -1.386294
 -15.710128 -15.710128 -0.000000 -15.710128
 -1.386294 -1.386294 -1.386294 -1.386294
 -1.386294 -1.386294 -1.386294 -1.386294
 -15.710128 -15.710128 -15.710128 -0.000000
 -1.386294 -1.386294 -1.386294 -1.386294
 -1.386294 -1.386294 -1.386294 -1.386294
 -1.386294 -1.386294 -1.386294 -1.386294
 -1.386294 -1.386294 -1.386294 -1.386294
 -0.000001 -15.710128 -15.710128 -15.710128
 -15.710128 -15.710128 -0.000000 -15.710128
 -1.386294 -1.386294 -1.386294 -1.386294
 -1.386294 -1.386294 -1.386294 -1.386294
 -1.386294 -1.386294 -1.386294 -1.386294
 -1.386294 -1.386294 -1.386294 -1.386294
 -1.386294 -1.386294 -1.386294 -1.386294
 -0.958524 -1.393842 -15.710128 -0.998529
 -1.386294 -1.386294 -1.386294 -1.386294
 -1.086917 -2.450218 -1.336571 -1.159237
 -1.234745 -1.738649 -2.621033 -0.775213
 -1.386294 -1.386294 -1.386294 -1.386294
 -1.406914 -1.837696 -1.917738 -0.800779
 -1.156985 -1.972020 -1.140724 -1.483668
 -1.132515 -2.014899 -2.101910 -0.862225
 -1.056054 -1.749198 -1.486835 -1.377636
 -1.505959 -1.869923 -1.505959 -0.910668
