 -1.317666 0.000100 0.000100 0.000100
 -2.265044 0.000100 0.000100 0.000100
 -1.842189 0.000100 0.000100 0.000100
 -0.755140 0.000100 0.000100 0.000100
 -1.119233 -1.945904 -2.793183 -0.756330
 -1.558141 -2.251263 -2.944360 -0.459545
 -0.802353 -2.674112 -1.757852 -1.170074
 -1.746295 -1.746295 -1.409825 -0.899001
 -1.232145 -2.261751 -2.079433 -0.735711
 -1.178658 -2.159466 -12.468452 -0.550055
 -0.762146 -12.611551 -2.708014 -0.762146
 -1.804496 -1.884538 -1.479076 -0.785931
 -1.001451 -2.100052 -1.945904 -1.001451
 -1.386294 -1.897107 -2.995652 -0.597848
 -1.060876 -1.871793 -2.159466 -0.955517
 -1.838277 -1.912384 -1.432814 -0.788459
 -1.189586 -1.526055 -1.882726 -1.120593
 -1.060876 -3.258012 -12.468452 -0.485517
 -1.163153 -2.772551 -1.519824 -0.900791
 -1.661396 -2.172217 -1.730388 -0.655878
 -0.980832 -1.925285 -3.178012 -0.826682
 -1.992415 -3.090961 -3.090961 -0.257841
 -0.934314 -2.639022 -2.639022 -0.767262
 -2.044752 -1.957741 -1.552279 -0.658464
 -1.053153 -2.662564 -1.815285 -0.870832
 -1.481603 -1.992415 -2.397863 -0.606146
 -1.189587 -2.036866 -2.442314 -0.737607
 -2.155977 -2.068966 -1.258041 -0.747216
 -0.998532 -2.538951 -2.251277 -0.804377
 -1.252765 -1.945896 -2.351344 -0.741946
 -1.239692 -2.538951 -1.558143 -0.865002
 -1.889395 -1.563975 -1.746295 -0.765470
 -1.386294 -1.838274 -2.174741 -0.739672
 -1.909532 -2.197206 -1.504076 -0.656787
 -1.980990 -2.268664 -2.268664 -0.422865
 -1.710788 -2.339391 -1.283347 -0.807925
 -2.140053 -1.446918 -1.916914 -0.693153
 -1.658222 -3.044441 -1.658222 -0.559627
 -1.819153 -2.001471 -2.001471 -0.566402
 -2.112959 -1.945907 -1.215023 -0.821982
 -2.120246 -2.120246 -3.218792 -0.328515
 -1.349927 -1.909532 -3.295752 -0.587795
 -1.315677 -2.327262 -2.104124 -0.669055
 -1.934857 -2.197219 -1.280934 -0.762142
 -1.446918 -1.580448 -2.427727 -0.753777
 -1.658222 -0.965087 -3.044441 -0.965087
 -1.386294 -3.465648 -2.079429 -0.521304
 -2.772576 -1.856295 -1.619908 -0.538999
 -0.955517 -1.871793 -12.468452 -0.773197
 -1.824542 -2.740803 -2.047681 -0.438263
 -1.504076 -2.197206 -1.504076 -0.810937
 -1.956059 -1.956059 -1.459625 -0.723921
 -12.765700 -12.765700 -12.765700 -0.000009
 -12.345852 -12.345852 -12.345852 -0.000013
 -12.706861 -12.706861 -12.706861 -0.000009
 -13.732133 -13.732133 -13.732133 -0.000003
 -1.386294 -1.386294 -1.386294 -1.386294
 -1.386294 -1.386294 -1.386294 -1.386294
 -1.386294 -1.386294 -1.386294 -1.386294
 -2.118441 -2.213751 -1.571900 -0.574758
 -1.145136 -2.397863 -12.301401 -0.526104
 -1.897107 -2.302555 -1.897107 -0.510837
 -1.239692 -2.538951 -1.691672 -0.804377
 -2.437497 -1.926676 -1.376632 -0.664439
 -1.098616 -2.302565 -12.611551 -0.567992
 -1.704741 -1.992415 -1.992415 -0.606146
 -1.386294 -1.791754 -1.280935 -1.185626
 -1.988924 -1.988924 -1.088142 -0.942961
 -1.386294 -1.791754 -3.583430 -0.587793
 -1.609434 -3.218792 -2.120246 -0.446297
 -1.609436 -2.708026 -1.504076 -0.671173
 -1.778854 -2.146575 -1.510591 -0.706222
 -0.944466 -2.890333 -2.890333 -0.693153
 -1.558141 -2.251263 -2.251263 -0.546556
 -1.236764 -12.644341 -1.488076 -0.725943
 -2.009758 -1.935651 -1.684338 -0.623469
 -1.123932 -2.079432 -12.899230 -0.597842
 -12.100735 -2.197197 -1.280936 -0.492490
 -1.757852 -2.674112 -1.757852 -0.534090
 -2.484898 -1.856295 -1.731133 -0.538999
 -0.485517 -1.178658 -2.564914 -12.468452
 -1.232146 -0.613113 -1.791751 -12.388411
 -0.656787 -1.504076 -1.349927 -12.506192
 -1.405342 -1.444563 -0.656108 -13.873783
 -0.231116 -1.840546 -3.044495 -13.353481
 -0.655411 -0.860204 -2.852606 -13.161592
 -0.693150 -1.580449 -1.223776 -13.429854
 -1.386294 -1.386294 -1.386294 -1.386294
 -1.071945 -2.001477 -2.070469 -0.925342
 -1.343735 -2.730005 -2.036874 -0.609770
 -0.693155 -2.564915 -2.564915 -1.060876
 -1.386294 -1.386294 -1.386294 -1.386294
 -13.353481 -13.353481 -13.353481 -0.000005
 -12.206093 -12.206093 -12.206093 -0.000015
 -12.301401 -12.301401 -12.301401 -0.000014
 -13.567055 -13.567055 -13.567055 -0.000004
 -1.386294 -1.386294 -1.386294 -1.386294
 -1.386294 -1.386294 -1.386294 -1.386294
 -1.386294 -1.386294 -1.386294 -1.386294
 -0.000002 -14.419828 -14.419828 -14.419828
 -14.419828 -14.419828 -0.000002 -14.419828
 -1.386294 -1.386294 -1.386294 -1.386294
 -1.386294 -1.386294 -1.386294 -1.386294
 -1.386294 -1.386294 -1.386294 -1.386294
 -1.386294 -1.386294 -1.386294 -1.386294
 -1.386294 -1.386294 -1.386294 -1.386294
 -14.419828 -14.419828 -0.000002 -14.419828
 -1.386294 -1.386294 -1.386294 -1.386294
 -1.386294 -1.386294 -1.386294 -1.386294
 -1.386294 -1.386294 -1.386294 -1.386294
 -1.202153 -2.265044 -1.712978 -0.878754
 -1.386294 -1.386294 -1.386294 -1.386294
 -0.916293 -2.397882 -2.061416 -0.962813
 -1.335002 -2.251263 -12.154800 -0.459545
 -0.606142 -2.397874 -2.397874 -1.299284
 -1.440361 -2.028143 -1.440361 -0.929538
 -1.244795 0.000100 0.000100 0.000100
 -1.857899 0.000100 0.000100 0.000100
 -1.378326 0.000100 0.000100 0.000100
 -1.190728 0.000100 0.000100 0.000100
 -0.980830 -2.043072 -1.878770 -1.071214
 -1.296438 -1.626679 -2.123113 -0.890974
 -0.965082 -1.715386 -1.480547 -1.552867
 -1.845826 -1.845826 -1.715773 -0.684414
 -1.287289 -1.787244 -1.427871 -1.149668
 -1.269430 -1.851350 -1.851350 -0.903971
 -1.348837 -1.656321 -1.542992 -1.091008
 -1.580966 -1.513143 -1.375522 -1.135381
 -1.066864 -1.824548 -1.588160 -1.236763
 -1.084627 -2.183235 -2.065453 -0.861484
 -1.128466 -1.877700 -1.374598 -1.307157
 -1.540445 -1.722766 -1.225364 -1.159982
 -1.067430 -1.932425 -1.223776 -1.526961
 -1.360977 -1.543298 -1.626679 -1.098613
 -1.026158 -2.262917 -1.415622 -1.221466
 -1.692273 -1.349329 -1.605262 -1.033813
 -1.245713 -1.989289 -1.527945 -1.025854
 -1.518783 -1.701104 -1.875457 -0.809108
 -1.174451 -1.747795 -1.598264 -1.156432
 -1.669502 -1.669502 -1.578530 -0.874573
 -1.407801 -1.869145 -1.247458 -1.158905
 -1.082988 -1.753143 -1.799663 -1.130616
 -0.926410 -2.364884 -1.602748 -1.175305
 -1.481604 -1.685699 -1.351927 -1.112697
 -1.391000 -1.895555 -1.410048 -1.030559
 -1.057114 -1.998093 -1.937469 -0.986496
 -1.060252 -1.968508 -1.316185 -1.403196
 -1.696449 -1.588818 -1.403101 -1.003303
 -1.309333 -1.897119 -1.366492 -1.123931
 -1.338285 -1.913647 -2.095968 -0.760971
 -1.043350 -1.838278 -1.386294 -1.432814
 -1.700787 -1.658228 -1.722766 -0.802042
 -1.108976 -2.048980 -1.417711 -1.207415
 -1.131403 -1.875841 -1.929907 -0.970135
 -1.236763 -1.747587 -1.577689 -1.111600
 -1.580966 -1.598665 -1.419325 -1.049307
 -1.338892 -2.149820 -1.320543 -1.037417
 -1.130616 -1.708692 -1.953813 -1.037526
 -1.187844 -1.410987 -1.544518 -1.436305
 -1.749199 -1.749199 -1.374506 -0.918270
 -1.349927 -1.874450 -1.290504 -1.164210
 -1.441210 -2.041981 -1.656321 -0.814756
 -1.297347 -1.969439 -1.483933 -1.020361
 -1.768769 -1.768769 -1.290280 -0.957840
 -1.291516 -1.357474 -2.006167 -1.098613
 -1.270463 -2.433607 -1.902983 -0.728867
 -1.153572 -1.765372 -1.517536 -1.223776
 -1.638637 -1.437966 -1.468738 -1.084327
 -14.467838 -14.467838 -14.467838 -0.000002
 -14.234223 -14.234223 -14.234223 -0.000002
 -14.187077 -14.187077 -14.187077 -0.000002
 -14.774862 -14.774862 -14.774862 -0.000001
 -1.386294 -1.386294 -1.386294 -1.386294
 -1.386294 -1.386294 -1.386294 -1.386294
 -1.386294 -1.386294 -1.386294 -1.386294
 -1.636467 -1.596193 -1.466782 -0.988862
 -1.687769 -1.892562 -1.270035 -0.958256
 -1.132061 -2.133506 -1.845825 -0.913008
 -1.282091 -1.895194 -1.489730 -1.058948
 -1.623878 -1.426519 -1.426519 -1.131402
 -1.295566 -1.891547 -1.275363 -1.217094
 -0.978327 -1.799305 -2.182295 -1.061709
 -1.014530 -1.615302 -1.675927 -1.380463
 -1.579915 -1.544197 -1.412861 -1.087439
 -1.280934 -2.156400 -1.386294 -1.031474
 -1.180443 -1.763587 -1.997201 -0.952659
 -1.155771 -1.829498 -1.561235 -1.155771
 -1.554917 -1.386294 -1.662547 -1.052289
 -1.079100 -2.017367 -1.218862 -1.463058
 -1.201470 -1.945908 -1.894615 -0.901366
 -0.906407 -2.309226 -1.798403 -1.105258
 -1.583170 -1.680333 -1.309474 -1.083518
 -1.177540 -1.774059 -1.499623 -1.206954
 -0.808662 -1.992427 -1.992427 -1.266494
 -1.011602 -1.803187 -1.559566 -1.341843
 -1.510347 -1.510347 -1.548813 -1.061799
 -0.741087 -1.770705 -1.040745 -14.669928
 -0.642597 -1.439539 -1.439539 -14.115618
 -0.767759 -1.663141 -1.060147 -14.240781
 -1.081145 -1.493124 -0.829831 -14.635292
 -0.825385 -1.582610 -1.031434 -15.012460
 -0.693149 -1.239691 -1.558144 -14.234223
 -0.851051 -1.324569 -1.180530 -14.797590
 -1.386294 -1.386294 -1.386294 -1.386294
 -1.806797 -1.639743 -1.843838 -0.726535
 -1.495914 -1.913648 -2.073990 -0.687699
 -1.534714 -1.421386 -1.950229 -0.914138
 -1.386294 -1.386294 -1.386294 -1.386294
 -14.193950 -14.193950 -14.193950 -0.000002
 -14.207556 -14.207556 -14.207556 -0.000002
 -13.901692 -13.901692 -13.901692 -0.000003
 -15.059667 -15.059667 -15.059667 -0.000001
 -1.386294 -1.386294 -1.386294 -1.386294
 -1.386294 -1.386294 -1.386294 -1.386294
 -1.386294 -1.386294 -1.386294 -1.386294
 -0.000000 -15.830414 -15.830414 -15.830414
 -15.830414 -15.830414 -0.000000 -15.830414
 -1.386294 -1.386294 -1.386294 -1.386294
 -1.386294 -1.386294 -1.386294 -1.386294
 -1.386294 -1.386294 -1.386294 -1.386294
 -1.386294 -1.386294 -1.386294 -1.386294
 -1.386294 -1.386294 -1.386294 -1.386294
 -15.830414 -15.830414 -0.000000 -15.830414
 -1.386294 -1.386294 -1.386294 -1.386294
 -1.386294 -1.386294 -1.386294 -1.386294
 -1.386294 -1.386294 -1.386294 -1.386294
 -1.051729 -1.995100 -1.472579 -1.254097
 -1.386294 -1.386294 -1.386294 -1.386294
 -1.091008 -2.201047 -1.378690 -1.198897
 -1.098613 -1.680532 -2.679052 -0.887305
 -1.177203 -2.056450 -2.314278 -0.765469
 -1.810627 -1.628306 -1.559313 -0.844188
