 -1.296298 0.000100 0.000100 0.000100
 -2.411436 0.000100 0.000100 0.000100
 -2.111333 0.000100 0.000100 0.000100
 -0.662241 0.000100 0.000100 0.000100
 -0.778672 -1.712976 -2.724561 -1.220503
 -1.386294 -2.302555 -2.302555 -0.597848
 -0.810937 -1.909532 -2.602654 -1.098616
 -1.653889 -1.854558 -1.343735 -0.938271
 -1.026641 -1.719784 -2.125244 -1.069200
 -1.609435 -1.945902 -2.456714 -0.559622
 -1.072640 -2.944399 -2.251277 -0.693152
 -1.646250 -1.646250 -1.853888 -0.781257
 -1.203974 -2.014897 -2.484893 -0.727052
 -1.945902 -1.475905 -2.862162 -0.559622
 -0.624162 -3.332119 -2.639022 -1.029624
 -1.660730 -2.813398 -1.660730 -0.579821
 -1.270463 -1.740463 -2.433600 -0.784958
 -2.442314 -2.442314 -3.135412 -0.245134
 -1.722761 -1.945899 -3.332119 -0.441842
 -1.800491 -2.260020 -1.653889 -0.617800
 -2.351360 -1.540443 -2.351360 -0.518799
 -2.639022 -1.540443 -3.332119 -0.387775
 -1.064715 -12.577650 -1.980990 -0.659253
 -1.875841 -1.987066 -1.419084 -0.759840
 -1.070444 -1.945902 -2.862162 -0.782765
 -1.673972 -1.673972 -2.079429 -0.693154
 -1.265668 -2.970375 -2.277252 -0.572525
 -1.817733 -1.871800 -1.766440 -0.667831
 -1.232145 -1.791755 -2.772564 -0.735711
 -1.354546 -2.740803 -2.740803 -0.489556
 -1.609435 -2.302565 -1.609435 -0.693154
 -2.171245 -1.740465 -1.478102 -0.728867
 -2.104124 -1.767657 -2.104124 -0.535524
 -1.887062 -1.704744 -2.803323 -0.500782
 -1.308334 -2.917732 -1.819153 -0.666485
 -2.415907 -1.673975 -1.945907 -0.544114
 -1.321757 -1.791753 -12.611551 -0.567992
 -1.974072 -2.484885 -2.484885 -0.364650
 -1.287856 -2.674112 -2.268664 -0.594715
 -2.454129 -2.143976 -1.519825 -0.547967
 -1.163153 -2.079429 -2.772551 -0.693154
 -1.832572 -2.120246 -1.609434 -0.653935
 -1.916914 -2.140053 -1.734596 -0.581928
 -2.317848 -1.887068 -1.663925 -0.578739
 -1.386294 -1.519824 -12.676089 -0.632529
 -2.047681 -1.824542 -1.824542 -0.600781
 -1.845821 -2.538951 -2.028139 -0.459539
 -1.913647 -1.859580 -1.712977 -0.660888
 -1.280935 -1.974072 -3.583430 -0.587793
 -2.140053 -2.140053 -2.833175 -0.348314
 -1.268513 -2.772551 -1.856290 -0.693154
 -2.716340 -1.751267 -1.537694 -0.606138
 -12.644341 -12.644341 -12.644341 -0.000010
 -12.676089 -12.676089 -12.676089 -0.000009
 -12.736712 -12.736712 -12.736712 -0.000009
 -14.046625 -14.046625 -14.046625 -0.000002
 -1.386294 -1.386294 -1.386294 -1.386294
 -1.386294 -1.386294 -1.386294 -1.386294
 -1.386294 -1.386294 -1.386294 -1.386294
 -2.316127 -2.111333 -1.418188 -0.619681
 -1.481603 -2.397863 -12.301401 -0.383004
 -1.504076 -1.349927 -2.602654 -0.810937
 -1.791756 -2.197215 -1.504076 -0.693151
 -2.708041 -1.897118 -1.321756 -0.660359
 -1.540443 -1.945899 -3.332119 -0.499000
 -1.417066 -1.704744 -1.704744 -0.931563
 -1.526055 -2.730005 -1.343735 -0.784123
 -2.807669 -1.920374 -1.170072 -0.728240
 -1.354546 -2.047681 -12.644341 -0.489556
 -2.014891 -2.014891 -3.401111 -0.356684
 -2.621021 -2.397882 -1.522426 -0.480977
 -2.033768 -1.839613 -1.628305 -0.665498
 -1.609435 -3.401111 -2.708014 -0.356684
 -1.609435 -2.014891 -3.401111 -0.456767
 -1.580448 -2.140053 -2.427727 -0.530635
 -2.220751 -2.151759 -1.248895 -0.716679
 -1.098615 -1.887062 -12.706860 -0.663300
 -2.484873 -1.568613 -1.791751 -0.613113
 -1.969433 -3.068012 -1.815285 -0.429001
 -2.414283 -1.767660 -1.554087 -0.637799
 -1.321757 -2.708014 -2.014891 -0.628616
 -1.704744 -2.110200 -2.803323 -0.451993
 -1.531475 -3.610829 -1.819153 -0.519882
 -2.509593 -1.867743 -1.444888 -0.637799
 -0.470011 -1.268513 -2.367103 -12.676088
 -0.619047 -1.178658 -1.871793 -12.468452
 -0.578083 -1.315677 -1.767657 -12.923923
 -1.323774 -1.264934 -0.794931 -14.030625
 -1.034075 -1.609437 -2.197219 -1.098613
 -1.309922 -3.044495 -1.840546 -0.646630
 -1.358124 -2.169047 -1.540444 -0.881202
 -1.386294 -1.386294 -1.386294 -1.386294
 -13.415039 -13.415039 -13.415039 -0.000004
 -12.577650 -12.577650 -12.577650 -0.000010
 -12.765700 -12.765700 -12.765700 -0.000009
 -13.732133 -13.732133 -13.732133 -0.000003
 -1.386294 -1.386294 -1.386294 -1.386294
 -1.386294 -1.386294 -1.386294 -1.386294
 -1.386294 -1.386294 -1.386294 -1.386294
 -0.000001 -14.617514 -14.617514 -14.617514
 -14.617514 -14.617514 -0.000001 -14.617514
 -1.386294 -1.386294 -1.386294 -1.386294
 -1.386294 -1.386294 -1.386294 -1.386294
 -1.386294 -1.386294 -1.386294 -1.386294
 -1.386294 -1.386294 -1.386294 -1.386294
 -1.386294 -1.386294 -1.386294 -1.386294
 -0.578859 -1.557024 -14.617514 -1.475346
 -1.386294 -1.386294 -1.386294 -1.386294
 -1.532476 -2.120260 -1.937940 -0.653928
 -1.547561 -1.547561 -3.850056 -0.592056
 -1.386294 -1.386294 -1.386294 -1.386294
 -1.734598 -1.985909 -1.292769 -0.887306
 -1.189586 -1.882726 -2.219192 -0.832913
 -1.268513 -1.519824 -1.519824 -1.268513
 -0.857455 -1.887062 -2.803323 -1.011605
 -1.351203 -1.774058 -1.192139 -1.317302
 -1.269666 0.000100 0.000100 0.000100
 -1.751936 0.000100 0.000100 0.000100
 -1.538928 0.000100 0.000100 0.000100
 -1.105559 0.000100 0.000100 0.000100
 -1.110354 -1.753587 -1.566284 -1.242761
 -1.282616 -1.654558 -2.038283 -0.913145
 -1.149995 -1.829826 -1.655473 -1.102866
 -1.644156 -1.526056 -1.564771 -0.966802
 -1.183681 -1.846718 -1.573978 -1.112072
 -1.213375 -1.816258 -2.144431 -0.860289
 -1.195446 -1.798442 -1.659180 -1.074175
 -1.565373 -1.627409 -1.523650 -0.976474
 -1.165583 -1.944561 -1.475148 -1.150545
 -1.142587 -2.007584 -1.876008 -0.932689
 -1.090053 -1.990839 -1.551007 -1.154592
 -1.622982 -1.669502 -1.329634 -1.050463
 -1.134246 -2.080763 -1.425357 -1.161303
 -1.170846 -1.781361 -2.048564 -0.935049
 -1.069163 -1.884810 -1.628191 -1.175832
 -1.650793 -1.511031 -1.511031 -1.003108
 -1.265844 -1.801554 -1.576837 -1.060367
 -1.261886 -1.659832 -2.105417 -0.904079
 -1.275999 -1.670449 -1.708731 -1.045289
 -1.717044 -1.597291 -1.480967 -0.940220
 -1.218615 -1.816452 -1.444888 -1.184214
 -1.152680 -1.809459 -2.013442 -0.949487
 -1.070833 -1.960095 -1.568053 -1.177716
 -1.669910 -1.571064 -1.396616 -1.031479
 -1.204425 -1.731215 -1.565635 -1.158008
 -1.200173 -1.716762 -1.972213 -0.967420
 -1.050788 -1.934990 -1.596015 -1.193331
 -1.718493 -1.608368 -1.482890 -0.932753
 -1.156287 -1.875523 -1.510513 -1.167075
 -1.166220 -1.762568 -2.132941 -0.920385
 -1.097709 -1.884541 -1.751010 -1.076260
 -1.640063 -1.703709 -1.411039 -0.967228
 -1.181965 -1.858018 -1.438527 -1.203753
 -1.150309 -2.037612 -1.786298 -0.953105
 -1.040549 -1.989415 -1.654837 -1.143064
 -1.598775 -1.634769 -1.427457 -1.013517
 -1.184030 -1.892151 -1.483816 -1.150624
 -1.139998 -1.752019 -2.001480 -0.989879
 -1.120647 -1.885729 -1.542963 -1.176144
 -1.569579 -1.678087 -1.495288 -0.965081
 -1.316389 -1.817529 -1.497251 -1.062105
 -1.302564 -1.802736 -1.907361 -0.879845
 -1.177781 -1.911513 -1.560773 -1.095991
 -1.748936 -1.642667 -1.429932 -0.933303
 -1.235770 -1.768194 -1.549427 -1.119697
 -1.151256 -1.936340 -1.997428 -0.906721
 -1.198023 -1.804629 -1.607734 -1.098612
 -1.669082 -1.415166 -1.486326 -1.071505
 -16.471565 -16.471565 -16.471565 -0.000000
 -16.168789 -16.168789 -16.168789 -0.000000
 -16.220654 -16.220654 -16.220654 -0.000000
 -16.762577 -16.762577 -16.762577 -0.000000
 -1.386294 -1.386294 -1.386294 -1.386294
 -1.386294 -1.386294 -1.386294 -1.386294
 -1.386294 -1.386294 -1.386294 -1.386294
 -1.668345 -1.569090 -1.544034 -0.942408
 -1.385329 -1.716410 -1.548529 -1.028654
 -1.239293 -1.888120 -1.738107 -0.959193
 -1.231656 -1.948473 -1.352734 -1.180363
 -1.588161 -1.616005 -1.311986 -1.115586
 -1.153410 -1.775098 -1.545082 -1.198388
 -1.049372 -1.788610 -2.103923 -1.019784
 -1.090186 -1.697849 -1.632785 -1.253918
 -1.630525 -1.554273 -1.488153 -1.002281
 -1.194241 -1.856298 -1.511117 -1.138956
 -1.258149 -1.862567 -2.103158 -0.824449
 -1.150683 -1.919509 -1.594786 -1.096769
 -1.586536 -1.622205 -1.534031 -0.961708
 -1.190550 -1.991529 -1.439011 -1.132281
 -1.108432 -1.862615 -1.848726 -1.029402
 -1.081205 -1.850768 -1.592939 -1.202741
 -1.477029 -1.663727 -1.419749 -1.077403
 -1.162012 -1.803865 -1.580722 -1.149939
 -1.116651 -1.952636 -1.992802 -0.930356
 -1.043538 -1.743802 -1.670375 -1.256099
 -1.651087 -1.653965 -1.597928 -0.880553
 -1.124622 -1.841770 -1.493225 -1.230861
 -1.110333 -1.800270 -2.122738 -0.952972
 -1.066443 -1.923095 -1.614257 -1.169324
 -1.501000 -1.713259 -1.485000 -0.993406
 -0.926599 -1.453779 -0.993128 -16.593708
 -0.679989 -1.267776 -1.551544 -16.019381
 -0.763041 -1.463940 -1.195905 -16.223356
 -1.156624 -1.126369 -1.018198 -16.740284
 -1.465731 -1.660731 -1.535005 -1.011601
 -1.289280 -1.794444 -2.009555 -0.857402
 -1.301511 -1.569618 -1.803514 -1.035536
 -1.386294 -1.386294 -1.386294 -1.386294
 -16.460266 -16.460266 -16.460266 -0.000000
 -16.157316 -16.157316 -16.157316 -0.000000
 -16.087637 -16.087637 -16.087637 -0.000000
 -16.846127 -16.846127 -16.846127 -0.000000
 -1.386294 -1.386294 -1.386294 -1.386294
 -1.386294 -1.386294 -1.386294 -1.386294
 -1.386294 -1.386294 -1.386294 -1.386294
 0.000000 -17.820841 -17.820841 -17.820841
 -17.820841 -17.820841 0.000000 -17.820841
 -1.386294 -1.386294 -1.386294 -1.386294
 -1.386294 -1.386294 -1.386294 -1.386294
 -1.386294 -1.386294 -1.386294 -1.386294
 -1.386294 -1.386294 -1.386294 -1.386294
 -1.386294 -1.386294 -1.386294 -1.386294
 -0.913834 -1.506357 -17.820841 -0.974715
 -1.386294 -1.386294 -1.386294 -1.386294
 -1.227417 -1.992885 -1.384932 -1.138469
 -1.254819 -1.933660 -2.252113 -0.765550
 -1.386294 -1.386294 -1.386294 -1.386294
 -1.459920 -1.972826 -1.449578 -0.931373
 -1.078450 -1.962337 -1.425759 -1.276463
 -1.025440 -1.771033 -2.105968 -1.051319
 -1.008387 -2.126002 -1.511400 -1.219835
 -1.478065 -1.735400 -1.669673 -0.898247
