 -1.365241 0.000100 0.000100 0.000100
 -1.857716 0.000100 0.000100 0.000100
 -2.115544 0.000100 0.000100 0.000100
 -0.759106 0.000100 0.000100 0.000100
 -1.386294 -2.484885 -2.890333 -0.492483
 -1.011607 -3.090961 -1.992415 -0.788466
 -0.887312 -2.833137 -1.041461 -1.734591
 -1.481604 -1.992425 -1.299284 -1.011603
 -1.466336 -1.466336 -1.584118 -1.098615
 -0.847310 -11.849426 -11.849426 -0.559632
 -1.064715 -2.268664 -1.980990 -0.882395
 -1.304949 -2.285768 -1.592629 -0.858664
 -1.005525 -1.516346 -2.614936 -1.074517
 -0.944470 -2.890294 -2.890294 -0.693158
 -1.386294 -2.484873 -2.484873 -0.539006
 -2.268674 -1.662546 -1.575535 -0.693151
 -1.223777 -1.580448 -2.833175 -0.818315
 -1.343735 -1.526054 -2.036866 -0.938276
 -1.504075 -2.890294 -1.504075 -0.693158
 -1.791756 -1.550596 -1.791756 -0.788460
 -1.354546 -1.354546 -3.433900 -0.794936
 -0.897947 -2.197206 -12.506192 -0.730895
 -1.203976 -1.897107 -2.302555 -0.798517
 -1.745237 -1.840546 -1.945905 -0.646631
 -1.791754 -1.018573 -2.890333 -0.875473
 -1.386294 -2.079425 -12.388411 -0.470014
 -1.791743 -1.791743 -2.484840 -0.539016
 -1.595048 -2.154658 -2.154658 -0.570548
 -0.934314 -2.639022 -12.542560 -0.624162
 -1.178658 -3.258012 -3.258012 -0.485517
 -1.704734 -1.704734 -11.608273 -0.452007
 -1.845824 -1.932834 -1.691674 -0.667174
 -1.417066 -1.193925 -2.397874 -1.011605
 -1.386294 -2.772514 -2.079417 -0.575378
 -2.014880 -2.014880 -2.707977 -0.405482
 -2.146575 -2.734353 -1.704746 -0.451988
 -1.343735 -1.526054 -3.135412 -0.737607
 -1.504075 -2.197197 -1.791748 -0.693158
 -2.302555 -1.609433 -1.897107 -0.597848
 -2.436107 -1.742967 -1.386294 -0.718467
 -1.152684 -1.845814 -12.154800 -0.641865
 -1.427116 -3.218792 -2.120246 -0.510835
 -1.349927 -3.295752 -3.295752 -0.405474
 -2.051265 -1.850597 -1.763586 -0.610912
 -1.540443 -1.722761 -2.639022 -0.624162
 -2.079417 -2.772514 -2.772514 -0.287699
 -1.673968 -2.772514 -1.386294 -0.693160
 -1.829497 -2.091859 -1.686397 -0.633252
 -2.079425 -2.484873 -12.388411 -0.233626
 -2.833137 -2.140040 -12.043577 -0.194172
 -1.992415 -1.704741 -1.481603 -0.788466
 -2.277260 -2.747256 -1.791757 -0.405468
 -0.310173 -1.609431 -2.707977 -11.918417
 -0.485526 -1.178661 -2.564880 -11.775321
 -0.693158 -1.791748 -1.098618 -12.100735
 -1.088142 -1.462834 -0.840307 -13.764221
 -1.897116 -2.014897 -3.401154 -0.380777
 -1.386294 -2.367103 -2.367103 -0.575371
 -1.589233 -2.100052 -1.945904 -0.633728
 -1.386294 -1.386294 -1.386294 -1.386294
 -1.216398 -1.504076 -12.506192 -0.730895
 -1.223779 -2.140040 -2.833137 -0.636001
 -1.386294 -1.098621 -2.484840 -1.098621
 -2.245420 -1.877699 -1.110448 -0.887305
 -1.427116 -1.832572 -12.429233 -0.510835
 -1.609434 -1.832572 -3.218792 -0.510835
 -1.321757 -2.014891 -1.791753 -0.836254
 -2.319104 -1.712976 -1.338285 -0.778672
 -1.139438 -2.120246 -12.429233 -0.579827
 -1.189587 -3.135412 -2.442314 -0.570555
 -1.992415 -1.992415 -1.992415 -0.526104
 -2.183231 -2.316761 -1.266948 -0.679164
 -0.773197 -2.564915 -12.468452 -0.773197
 -1.029628 -2.638986 -11.849426 -0.559632
 -1.609434 -12.429233 -1.832572 -0.446297
 -1.845824 -1.932834 -1.497519 -0.747217
 -0.961415 -1.916914 -3.526272 -0.818315
 -1.252766 -2.638986 -2.638986 -0.559632
 -2.351344 -2.351344 -3.044441 -0.271947
 -1.637607 -2.197217 -1.443452 -0.780161
 -2.110200 -3.496420 -12.706861 -0.164312
 -1.386294 -1.386294 -2.079417 -0.980838
 -1.897107 -12.206093 -1.609433 -0.430795
 -2.197217 -1.974077 -0.980831 -0.980831
 -0.546556 -0.865006 -12.154800 -12.154800
 -0.916301 -0.916301 -1.609431 -11.918417
 -0.788463 -1.550595 -1.098615 -12.706861
 -1.259543 -1.739113 -0.615189 -13.514411
 -0.834801 -2.024375 -3.277102 -0.925772
 -0.818315 -2.833175 -2.427727 -0.887308
 -1.216396 -1.504076 -1.909537 -1.098614
 -1.386294 -1.386294 -1.386294 -1.386294
 -13.199332 -13.199332 -13.199332 -0.000006
 -12.254882 -12.254882 -12.254882 -0.000014
 -11.775321 -11.775321 -11.775321 -0.000023
 -13.180640 -13.180640 -13.180640 -0.000006
 -1.386294 -1.386294 -1.386294 -1.386294
 -1.386294 -1.386294 -1.386294 -1.386294
 -1.386294 -1.386294 -1.386294 -1.386294
 -0.000002 -14.159103 -14.159103 -14.159103
 -14.159103 -14.159103 -0.000002 -14.159103
 -1.386294 -1.386294 -1.386294 -1.386294
 -1.386294 -1.386294 -1.386294 -1.386294
 -1.386294 -1.386294 -1.386294 -1.386294
 -1.386294 -1.386294 -1.386294 -1.386294
 -1.386294 -1.386294 -1.386294 -1.386294
 -0.579314 -1.393412 -14.159103 -1.652922
 -1.386294 -1.386294 -1.386294 -1.386294
 -1.425009 -2.066858 -2.172217 -0.655878
 -1.763583 -1.763583 -2.862162 -0.510832
 -1.386294 -1.386294 -1.386294 -1.386294
 -1.909532 -3.295752 -0.897947 -0.897947
 -0.882395 -1.287856 -2.674112 -1.421385
 -0.636001 -1.734591 -12.043577 -1.223779
 -1.299284 -1.992415 -1.011607 -1.481603
 -1.400088 -1.805550 -1.346021 -1.112407
 -1.246073 0.000100 0.000100 0.000100
 -1.765100 0.000100 0.000100 0.000100
 -1.472284 0.000100 0.000100 0.000100
 -1.165402 0.000100 0.000100 0.000100
 -1.174652 -1.831634 -1.380477 -1.274884
 -1.081119 -1.704503 -1.843053 -1.137598
 -1.083727 -1.723206 -1.472574 -1.371049
 -1.673618 -1.561109 -1.412468 -1.024466
 -1.161314 -1.743435 -1.562527 -1.196000
 -1.186455 -1.734906 -2.055954 -0.940812
 -1.111578 -1.746076 -1.643885 -1.193113
 -1.623269 -1.578333 -1.553348 -0.954797
 -1.203773 -1.813578 -1.409340 -1.229065
 -1.099521 -1.986240 -1.756496 -1.029710
 -1.069675 -1.886369 -1.524217 -1.246647
 -1.625175 -1.543132 -1.348708 -1.109158
 -1.151427 -1.817355 -1.419325 -1.274815
 -1.196586 -1.589332 -1.787898 -1.119625
 -1.050444 -1.825711 -1.506439 -1.318948
 -1.641786 -1.548969 -1.372072 -1.077874
 -1.176654 -1.780547 -1.540643 -1.174731
 -1.177297 -1.705428 -2.005657 -0.979169
 -1.102669 -1.782600 -1.522089 -1.267408
 -1.667376 -1.548943 -1.532201 -0.960435
 -1.165878 -1.864867 -1.315347 -1.327826
 -1.106843 -1.856662 -1.827925 -1.042821
 -1.084104 -1.897816 -1.525388 -1.222941
 -1.570906 -1.603736 -1.351598 -1.102099
 -1.075943 -1.911529 -1.391599 -1.337532
 -1.117071 -1.709703 -1.763012 -1.138446
 -1.064925 -1.766388 -1.501938 -1.340943
 -1.564668 -1.569863 -1.416829 -1.077965
 -1.121341 -1.764057 -1.542882 -1.241173
 -1.189584 -1.743780 -1.980529 -0.960249
 -1.057436 -1.737925 -1.690834 -1.229618
 -1.655823 -1.595373 -1.464639 -0.980640
 -1.163853 -1.847680 -1.428092 -1.236665
 -1.111581 -1.866753 -1.767662 -1.062458
 -1.058483 -1.822188 -1.596437 -1.242265
 -1.546022 -1.605905 -1.321693 -1.140952
 -1.157136 -1.846600 -1.437466 -1.236795
 -1.086984 -1.702314 -1.870828 -1.119292
 -1.063648 -1.702001 -1.527084 -1.365241
 -1.576666 -1.583240 -1.429466 -1.053854
 -1.084064 -1.756193 -1.646018 -1.216503
 -1.197703 -1.794986 -1.980081 -0.931594
 -1.068433 -1.662931 -1.751596 -1.226306
 -1.658228 -1.532811 -1.616028 -0.929098
 -1.182603 -1.902779 -1.368359 -1.238418
 -1.077030 -1.830802 -1.761069 -1.117036
 -1.069279 -1.898672 -1.452633 -1.298198
 -1.552727 -1.641943 -1.333050 -1.105472
 -0.827514 -1.509354 -1.073492 -17.347736
 -0.697184 -1.347771 -1.418011 -16.804218
 -0.748506 -1.468804 -1.214944 -17.162252
 -1.143460 -1.134103 -1.022832 -17.418560
 -1.171428 -1.789361 -1.539512 -1.175958
 -1.217039 -1.701054 -2.080407 -0.925019
 -1.161945 -1.712383 -1.662762 -1.148623
 -1.386294 -1.386294 -1.386294 -1.386294
 -1.166981 -1.841014 -1.322302 -1.333637
 -1.160284 -1.836777 -1.761597 -1.034223
 -1.060414 -1.898495 -1.473847 -1.291526
 -1.589059 -1.605179 -1.403259 -1.052012
 -1.140810 -1.756135 -1.417698 -1.326299
 -1.121408 -1.678396 -1.749077 -1.159727
 -1.032609 -1.669485 -1.503012 -1.456201
 -1.610520 -1.485994 -1.401275 -1.115791
 -1.120687 -1.816481 -1.528357 -1.222627
 -1.113318 -1.724916 -2.069614 -1.002093
 -1.038749 -1.701061 -1.653621 -1.301008
 -1.577891 -1.615632 -1.526527 -0.974089
 -1.151089 -1.927541 -1.323161 -1.302284
 -1.076542 -2.003807 -1.682224 -1.083387
 -1.059909 -1.962526 -1.557061 -1.196484
 -1.526108 -1.685579 -1.288912 -1.134097
 -1.078843 -1.937673 -1.457817 -1.261500
 -1.142133 -1.766738 -1.838665 -1.047130
 -1.034375 -1.835680 -1.462335 -1.372977
 -1.577869 -1.640904 -1.416347 -1.029510
 -1.153286 -1.736470 -1.472517 -1.276854
 -1.148507 -1.759666 -1.838495 -1.044888
 -1.003302 -1.863968 -1.657386 -1.246044
 -1.549900 -1.664969 -1.490329 -0.985545
 -0.941463 -1.482855 -0.959839 -17.376556
 -0.777761 -1.271663 -1.346298 -16.851906
 -0.819146 -1.440676 -1.131887 -17.024336
 -1.166490 -1.183354 -0.961571 -17.463568
 -1.473365 -1.653043 -1.377024 -1.117635
 -1.253399 -1.725632 -1.905101 -0.947783
 -1.265841 -1.573053 -1.682029 -1.125190
 -1.386294 -1.386294 -1.386294 -1.386294
 -17.258490 -17.258490 -17.258490 -0.000000
 -16.953609 -16.953609 -16.953609 -0.000000
 -16.996061 -16.996061 -16.996061 -0.000000
 -17.523703 -17.523703 -17.523703 -0.000000
 -1.386294 -1.386294 -1.386294 -1.386294
 -1.386294 -1.386294 -1.386294 -1.386294
 -1.386294 -1.386294 -1.386294 -1.386294
 0.000000 -18.596146 -18.596146 -18.596146
 -18.596146 -18.596146 0.000000 -18.596146
 -1.386294 -1.386294 -1.386294 -1.386294
 -1.386294 -1.386294 -1.386294 -1.386294
 -1.386294 -1.386294 -1.386294 -1.386294
 -1.386294 -1.386294 -1.386294 -1.386294
 -1.386294 -1.386294 -1.386294 -1.386294
 -0.895983 -1.430029 -18.596146 -1.042727
 -1.386294 -1.386294 -1.386294 -1.386294
 -1.285673 -1.944472 -1.254924 -1.219509
 -1.272415 -1.805173 -2.156683 -0.821682
 -1.386294 -1.386294 -1.386294 -1.386294
 -1.503601 -1.790570 -1.332766 -1.058257
 -1.113340 -1.975251 -1.299825 -1.346174
 -1.149736 -1.760111 -1.699670 -1.113188
 -0.930551 -2.027370 -1.506913 -1.376782
 -1.585386 -1.557542 -1.570208 -0.976900
