 -1.152680 0.000100 0.000100 0.000100
 -1.638187 0.000100 0.000100 0.000100
 -1.845826 0.000100 0.000100 0.000100
 -1.102669 0.000100 0.000100 0.000100
 -1.137834 -1.360977 -1.137834 -2.277260
 -1.473305 -1.306252 -3.178012 -0.780162
 -0.955515 -1.466336 -1.717647 -1.584118
 -1.767660 -1.148624 -1.271226 -1.462280
 -0.878553 -1.229949 -1.284016 -4.174294
 -0.887305 -1.084015 -1.654557 -2.833194
 -0.824178 -1.270463 -1.478101 -2.944412
 -1.845823 -0.907560 -0.998531 -2.656739
 -0.000003 -13.698981 -13.698981 -13.698981
 -0.000004 -13.604795 -13.604795 -13.604795
 -0.000005 -13.384734 -13.384734 -13.384734
 -0.000025 -11.695280 -11.695280 -11.695280
 -14.719730 -14.719730 -0.000001 -14.719730
 -1.386294 -1.386294 -1.386294 -1.386294
 -1.386294 -1.386294 -1.386294 -1.386294
 -1.386294 -1.386294 -1.386294 -1.386294
 -1.386294 -1.386294 -1.386294 -1.386294
 -1.386294 -1.386294 -1.386294 -1.386294
 -14.719730 -14.719730 -0.000001 -14.719730
 -1.386294 -1.386294 -1.386294 -1.386294
 -1.386294 -1.386294 -1.386294 -1.386294
 -1.386294 -1.386294 -1.386294 -1.386294
 -14.719730 -14.719730 -14.719730 -0.000001
 -1.386294 -1.386294 -1.386294 -1.386294
 -1.386294 -1.386294 -1.386294 -1.386294
 -1.386294 -1.386294 -1.386294 -1.386294
 -1.386294 -1.386294 -1.386294 -1.386294
 -0.000001 -14.719730 -14.719730 -14.719730
 -0.000001 -14.719730 -14.719730 -14.719730
 -1.386294 -1.386294 -1.386294 -1.386294
 -1.386294 -1.386294 -1.386294 -1.386294
 -1.386294 -1.386294 -1.386294 -1.386294
 -0.884416 -2.177182 -1.820508 -1.165583
 -1.386294 -1.386294 -1.386294 -1.386294
 -1.386294 -1.386294 -1.386294 -1.386294
 -1.386294 -1.386294 -1.386294 -1.386294
 -1.098613 -1.916920 -1.629239 -1.128466
 -0.934314 -2.639022 -3.332119 -0.693154
 -1.049825 -1.742965 -2.079432 -1.049825
 -1.635754 -1.945906 -1.047970 -1.165753
 -0.870080 -1.906166 -1.739113 -1.359626
 -1.070444 -1.475905 -3.555259 -0.916295
 -1.262243 -1.405342 -2.871654 -0.879252
 -1.307157 -1.803591 -2.245420 -0.779092
 -13.604795 -1.062246 -1.303407 -0.960464
 -13.038991 -1.189586 -2.730005 -0.461351
 -12.468452 -1.312187 -1.871793 -0.550055
 -13.753639 -1.176000 -1.598855 -0.714655
 -1.386294 -1.386294 -1.386294 -1.386294
 -0.989415 -1.958809 -2.159478 -0.989415
 -0.826682 -1.791755 -1.925285 -1.386294
 -1.463586 -1.330055 -2.087737 -0.967150
 -0.922724 -1.466337 -1.958809 -1.466337
 -0.673733 -2.545514 -1.985909 -1.292769
 -0.949085 -2.047681 -1.642224 -1.236764
 -1.826848 -1.521469 -1.207812 -1.133705
 -0.000004 -13.629186 -13.629186 -13.629186
 -0.000007 -13.017012 -13.017012 -13.017012
 -0.000006 -13.122372 -13.122372 -13.122372
 -0.000004 -13.444452 -13.444452 -13.444452
 -1.324419 0.000100 0.000100 0.000100
 -2.058384 0.000100 0.000100 0.000100
 -1.547562 0.000100 0.000100 0.000100
 -0.932378 0.000100 0.000100 0.000100
 -1.139438 -3.218792 -1.272967 -1.021656
 -0.875482 -2.484840 -1.791743 -1.098621
 -0.798517 -2.995652 -1.609433 -1.203976
 -2.001471 -2.001471 -0.838334 -1.213024
 -1.098616 -1.686394 -1.349927 -1.504076
 -0.470034 -11.289832 -1.386294 -2.079391
 -0.802353 -1.757852 -1.757852 -1.575534
 -1.609435 -1.321757 -1.455286 -1.203975
 -0.000009 -12.706860 -12.706860 -12.706860
 -0.000017 -12.100734 -12.100734 -12.100734
 -0.000014 -12.254882 -12.254882 -12.254882
 -0.000014 -12.301401 -12.301401 -12.301401
 -13.753639 -13.753639 -0.000003 -13.753639
 -1.386294 -1.386294 -1.386294 -1.386294
 -1.386294 -1.386294 -1.386294 -1.386294
 -1.386294 -1.386294 -1.386294 -1.386294
 -1.386294 -1.386294 -1.386294 -1.386294
 -1.386294 -1.386294 -1.386294 -1.386294
 -13.753639 -13.753639 -0.000003 -13.753639
 -1.386294 -1.386294 -1.386294 -1.386294
 -1.386294 -1.386294 -1.386294 -1.386294
 -1.386294 -1.386294 -1.386294 -1.386294
 -13.753639 -13.753639 -13.753639 -0.000003
 -1.386294 -1.386294 -1.386294 -1.386294
 -1.386294 -1.386294 -1.386294 -1.386294
 -1.386294 -1.386294 -1.386294 -1.386294
 -1.386294 -1.386294 -1.386294 -1.386294
 -0.000003 -13.753639 -13.753639 -13.753639
 -0.000003 -13.753639 -13.753639 -13.753639
 -1.386294 -1.386294 -1.386294 -1.386294
 -1.386294 -1.386294 -1.386294 -1.386294
 -1.386294 -1.386294 -1.386294 -1.386294
 -0.959777 -1.498772 -1.835242 -1.452252
 -1.386294 -1.386294 -1.386294 -1.386294
 -1.386294 -1.386294 -1.386294 -1.386294
 -1.386294 -1.386294 -1.386294 -1.386294
 -1.280935 -2.197211 -0.875473 -1.637606
 -0.847306 -1.435084 -1.945896 -1.658222
 -0.628623 -11.918417 -2.014880 -1.098619
 -1.299284 -2.397863 -0.788466 -1.704741
 -1.098615 -2.803323 -1.299284 -1.098615
 -1.299286 -2.397832 -1.704734 -0.788474
 -1.203975 -2.708014 -1.203975 -1.098616
 -2.302555 -1.049828 -1.049828 -1.609433
 -12.429233 -1.272967 -0.733977 -1.427116
 -11.695280 -0.875482 -2.484840 -0.693164
 -12.506192 -1.216398 -1.686394 -0.656787
 -12.611551 -1.609435 -1.203975 -0.693154
 -1.386294 -1.386294 -1.386294 -1.386294
 -0.619047 -3.258012 -1.648654 -1.466336
 -0.810937 -1.349927 -1.686394 -2.197206
 -1.767657 -1.410987 -1.074517 -1.410987
 -1.011605 -1.887062 -1.193925 -1.704744
 -1.098618 -1.504075 -2.890294 -0.944470
 -1.098616 -2.484873 -0.693156 -2.484873
 -1.335002 -1.845814 -1.335002 -1.152684
 -0.000010 -12.644341 -12.644341 -12.644341
 -0.000021 -11.849426 -11.849426 -11.849426
 -0.000011 -12.542559 -12.542559 -12.542559
 -0.000014 -12.254882 -12.254882 -12.254882
