 -1.169086 0.000100 0.000100 0.000100
 -1.712172 0.000100 0.000100 0.000100
 -1.871801 0.000100 0.000100 0.000100
 -1.035555 0.000100 0.000100 0.000100
 -1.286665 -1.518466 -1.435084 -1.321756
 -1.220503 -1.338285 -3.012235 -0.932822
 -1.006807 -1.466336 -1.754016 -1.466336
 -2.079438 -1.203973 -1.455287 -1.073921
 -1.027155 -1.175574 -1.398717 -2.448529
 -0.704710 -1.207812 -2.068008 -2.519988
 -0.955514 -1.038895 -1.535329 -3.075748
 -1.562917 -0.847299 -1.219974 -2.708040
 -0.000003 -13.989468 -13.989468 -13.989468
 -0.000003 -13.989468 -13.989468 -13.989468
 -0.000004 -13.541079 -13.541079 -13.541079
 -0.000012 -12.388411 -12.388411 -12.388411
 -15.033387 -15.033387 -0.000001 -15.033387
 -1.386294 -1.386294 -1.386294 -1.386294
 -1.386294 -1.386294 -1.386294 -1.386294
 -1.386294 -1.386294 -1.386294 -1.386294
 -1.386294 -1.386294 -1.386294 -1.386294
 -1.386294 -1.386294 -1.386294 -1.386294
 -15.033387 -15.033387 -0.000001 -15.033387
 -1.386294 -1.386294 -1.386294 -1.386294
 -1.386294 -1.386294 -1.386294 -1.386294
 -1.386294 -1.386294 -1.386294 -1.386294
 -15.033387 -15.033387 -15.033387 -0.000001
 -1.386294 -1.386294 -1.386294 -1.386294
 -1.386294 -1.386294 -1.386294 -1.386294
 -1.386294 -1.386294 -1.386294 -1.386294
 -1.386294 -1.386294 -1.386294 -1.386294
 -0.000001 -15.033387 -15.033387 -15.033387
 -0.000001 -15.033387 -15.033387 -15.033387
 -1.386294 -1.386294 -1.386294 -1.386294
 -1.386294 -1.386294 -1.386294 -1.386294
 -1.386294 -1.386294 -1.386294 -1.386294
 -0.994733 -1.815712 -1.972897 -1.113516
 -1.386294 -1.386294 -1.386294 -1.386294
 -1.386294 -1.386294 -1.386294 -1.386294
 -1.386294 -1.386294 -1.386294 -1.386294
 -1.021652 -1.496109 -1.883873 -1.331806
 -1.116963 -2.621021 -2.215564 -0.711500
 -1.142099 -1.770702 -2.240698 -0.905712
 -1.098613 -1.819157 -1.765090 -1.098613
 -0.793690 -1.854558 -2.179979 -1.279197
 -0.802350 -1.757855 -4.060350 -1.015923
 -0.896091 -1.812374 -2.505509 -1.058609
 -1.287855 -1.863216 -1.757856 -0.924950
 -0.916292 -1.923093 -1.923093 -1.178656
 -1.280935 -2.043067 -2.602672 -0.656783
 -1.072640 -1.691672 -2.944399 -0.865002
 -1.457753 -1.386294 -2.355689 -0.861771
 -1.009268 -1.581786 -2.475597 -1.061912
 -1.131404 -1.729236 -2.335365 -0.908261
 -0.875473 -1.386294 -2.484885 -1.386294
 -1.363989 -1.489151 -1.894615 -0.998530
 -0.711841 -1.098613 -1.737691 -13.892475
 -0.470007 -1.386294 -2.079436 -13.487012
 -0.865002 -0.929540 -1.691672 -12.847937
 -0.875470 -1.049823 -1.455287 -13.997835
 -14.310209 -14.310209 -14.310209 -0.000002
 -13.919874 -13.919874 -13.919874 -0.000003
 -13.353481 -13.353481 -13.353481 -0.000005
 -1.386294 -1.386294 -1.386294 -1.386294
 -1.187844 0.000100 0.000100 0.000100
 -2.104129 0.000100 0.000100 0.000100
 -1.767660 0.000100 0.000100 0.000100
 -0.910214 0.000100 0.000100 0.000100
 -1.427116 -1.272967 -1.272967 -1.609434
 -0.510849 -2.302525 -2.302525 -1.609428
 -0.847310 -1.945889 -1.540440 -1.540440
 -1.550595 -1.299284 -1.887062 -1.011605
 -0.916297 -3.218792 -0.916297 -1.832572
 -1.335002 -1.152684 -2.251263 -1.152684
 -0.693160 -2.772514 -0.980838 -2.772514
 -1.992415 -1.299284 -1.992415 -0.788466
 -0.000011 -12.468452 -12.468452 -12.468452
 -0.000021 -11.849426 -11.849426 -11.849426
 -0.000014 -12.254882 -12.254882 -12.254882
 -0.000014 -12.254882 -12.254882 -12.254882
 -13.617064 -13.617064 -0.000004 -13.617064
 -1.386294 -1.386294 -1.386294 -1.386294
 -1.386294 -1.386294 -1.386294 -1.386294
 -1.386294 -1.386294 -1.386294 -1.386294
 -1.386294 -1.386294 -1.386294 -1.386294
 -1.386294 -1.386294 -1.386294 -1.386294
 -13.617064 -13.617064 -0.000004 -13.617064
 -1.386294 -1.386294 -1.386294 -1.386294
 -1.386294 -1.386294 -1.386294 -1.386294
 -1.386294 -1.386294 -1.386294 -1.386294
 -13.617064 -13.617064 -13.617064 -0.000004
 -1.386294 -1.386294 -1.386294 -1.386294
 -1.386294 -1.386294 -1.386294 -1.386294
 -1.386294 -1.386294 -1.386294 -1.386294
 -1.386294 -1.386294 -1.386294 -1.386294
 -0.000004 -13.617064 -13.617064 -13.617064
 -0.000004 -13.617064 -13.617064 -13.617064
 -1.386294 -1.386294 -1.386294 -1.386294
 -1.386294 -1.386294 -1.386294 -1.386294
 -1.386294 -1.386294 -1.386294 -1.386294
 -0.795803 -1.767660 -1.841767 -1.516347
 -1.386294 -1.386294 -1.386294 -1.386294
 -1.386294 -1.386294 -1.386294 -1.386294
 -1.386294 -1.386294 -1.386294 -1.386294
 -1.126014 -2.224609 -0.838334 -2.001471
 -0.693161 -1.945889 -1.540440 -1.945889
 -0.619056 -1.178661 -2.564880 -2.564880
 -1.280936 -0.944470 -1.504075 -2.197197
 -1.236764 -2.047681 -0.869043 -1.824542
 -2.140040 -1.041461 -1.734591 -1.041461
 -0.980835 -1.791751 -1.098616 -2.079425
 -1.609428 -2.302525 -0.916306 -1.203979
 -0.893825 -2.397863 -1.704741 -1.145136
 -2.707977 -1.609431 -2.014880 -0.510841
 -0.934314 -1.540443 -2.233573 -1.252765
 -1.734591 -1.446918 -1.734591 -0.887312
 -1.098616 -2.484873 -1.386294 -1.098616
 -1.321758 -2.014880 -0.510841 -11.918417
 -1.791743 -1.791743 -1.098621 -1.098621
 -2.335355 -1.236764 -1.131405 -1.236764
 -1.223779 -0.753783 -1.446918 -12.043577
 -0.628623 -2.014880 -1.098619 -11.918417
 -0.882395 -1.287856 -1.170074 -12.577650
 -1.435084 -0.847306 -1.098617 -12.254882
 -12.611551 -12.611551 -12.611551 -0.000010
 -12.506192 -12.506192 -12.506192 -0.000011
 -12.429233 -12.429233 -12.429233 -0.000012
 -1.386294 -1.386294 -1.386294 -1.386294
