 -1.077559 0.000100 0.000100 0.000100
 -1.710081 0.000100 0.000100 0.000100
 -1.813265 0.000100 0.000100 0.000100
 -1.153271 0.000100 0.000100 0.000100
 -1.163152 -1.619908 -1.268512 -1.568615
 -1.098614 -1.852379 -2.545514 -0.840786
 -0.995431 -1.343735 -1.631414 -1.749196
 -1.923684 -1.310583 -1.492904 -1.022902
 -0.909820 -1.208312 -1.399366 -2.957491
 -0.775842 -1.198697 -1.658226 -3.044495
 -0.693150 -1.321756 -1.609436 -3.401154
 -1.271226 -0.972734 -1.410987 -2.327270
 -0.000003 -13.937732 -13.937732 -13.937732
 -0.000003 -13.698981 -13.698981 -13.698981
 -0.000005 -13.353481 -13.353481 -13.353481
 -0.000018 -12.043577 -12.043577 -12.043577
 -14.852249 -14.852249 -0.000001 -14.852249
 -1.386294 -1.386294 -1.386294 -1.386294
 -1.386294 -1.386294 -1.386294 -1.386294
 -1.386294 -1.386294 -1.386294 -1.386294
 -1.386294 -1.386294 -1.386294 -1.386294
 -1.386294 -1.386294 -1.386294 -1.386294
 -14.852249 -14.852249 -0.000001 -14.852249
 -1.386294 -1.386294 -1.386294 -1.386294
 -1.386294 -1.386294 -1.386294 -1.386294
 -1.386294 -1.386294 -1.386294 -1.386294
 -14.852249 -14.852249 -14.852249 -0.000001
 -1.386294 -1.386294 -1.386294 -1.386294
 -1.386294 -1.386294 -1.386294 -1.386294
 -1.386294 -1.386294 -1.386294 -1.386294
 -1.386294 -1.386294 -1.386294 -1.386294
 -0.000001 -14.852249 -14.852249 -14.852249
 -0.000001 -14.852249 -14.852249 -14.852249
 -1.386294 -1.386294 -1.386294 -1.386294
 -1.386294 -1.386294 -1.386294 -1.386294
 -1.386294 -1.386294 -1.386294 -1.386294
 -0.914520 -1.634573 -1.953027 -1.337842
 -1.386294 -1.386294 -1.386294 -1.386294
 -1.386294 -1.386294 -1.386294 -1.386294
 -1.386294 -1.386294 -1.386294 -1.386294
 -0.920727 -1.682864 -1.731654 -1.431551
 -0.788461 -2.621021 -2.621021 -0.916293
 -0.916294 -1.290985 -2.590244 -1.386294
 -1.470851 -1.906166 -1.819155 -0.777707
 -0.971169 -1.543686 -1.926676 -1.338892
 -1.077561 -1.770702 -2.463837 -0.905712
 -1.024507 -1.717647 -2.564926 -0.955515
 -1.006240 -2.335368 -1.642226 -1.066865
 -0.722708 -1.801514 -2.437497 -1.338892
 -1.056055 -1.120593 -2.730004 -1.343735
 -0.916294 -1.386294 -2.302570 -1.386294
 -1.536867 -1.488077 -2.134699 -0.819029
 -0.887305 -1.734599 -2.322381 -1.159238
 -0.924261 -1.745237 -2.351365 -1.098614
 -0.897947 -1.909532 -12.506192 -0.810937
 -1.364316 -1.280934 -2.197219 -1.034075
 -0.951560 -1.781905 -2.669200 -0.977536
 -1.170073 -2.961804 -2.450992 -0.594711
 -1.312187 -3.258012 -1.871793 -0.619047
 -1.396657 -1.396657 -2.089800 -0.963794
 -13.687682 -0.000003 -13.687682 -13.687682
 -13.017012 -0.000007 -13.017012 -13.017012
 -12.542559 -0.000011 -12.542559 -12.542559
 -14.006134 -0.000002 -14.006134 -14.006134
 -1.160171 0.000100 0.000100 0.000100
 -1.902103 0.000100 0.000100 0.000100
 -1.639742 0.000100 0.000100 0.000100
 -1.069200 0.000100 0.000100 0.000100
 -1.252765 -3.044441 -0.847306 -1.435084
 -0.693167 -11.512965 -1.203979 -1.609428
 -0.619056 -1.871783 -1.871783 -1.871783
 -2.036866 -1.749192 -1.056058 -1.056058
 -1.252765 -1.658222 -0.847306 -2.351344
 -0.559648 -1.945867 -1.945867 -1.945867
 -0.893825 -1.481603 -1.145136 -3.090961
 -2.833137 -1.041461 -2.140040 -0.753783
 -0.000015 -12.206093 -12.206093 -12.206093
 -0.000019 -11.982954 -11.982954 -11.982954
 -0.000016 -12.154800 -12.154800 -12.154800
 -0.000025 -11.695280 -11.695280 -11.695280
 -13.415039 -13.415039 -0.000004 -13.415039
 -1.386294 -1.386294 -1.386294 -1.386294
 -1.386294 -1.386294 -1.386294 -1.386294
 -1.386294 -1.386294 -1.386294 -1.386294
 -1.386294 -1.386294 -1.386294 -1.386294
 -1.386294 -1.386294 -1.386294 -1.386294
 -13.415039 -13.415039 -0.000004 -13.415039
 -1.386294 -1.386294 -1.386294 -1.386294
 -1.386294 -1.386294 -1.386294 -1.386294
 -1.386294 -1.386294 -1.386294 -1.386294
 -13.415039 -13.415039 -13.415039 -0.000004
 -1.386294 -1.386294 -1.386294 -1.386294
 -1.386294 -1.386294 -1.386294 -1.386294
 -1.386294 -1.386294 -1.386294 -1.386294
 -1.386294 -1.386294 -1.386294 -1.386294
 -0.000004 -13.415039 -13.415039 -13.415039
 -0.000004 -13.415039 -13.415039 -13.415039
 -1.386294 -1.386294 -1.386294 -1.386294
 -1.386294 -1.386294 -1.386294 -1.386294
 -1.386294 -1.386294 -1.386294 -1.386294
 -1.113652 -1.565634 -2.007463 -1.113652
 -1.386294 -1.386294 -1.386294 -1.386294
 -1.386294 -1.386294 -1.386294 -1.386294
 -1.386294 -1.386294 -1.386294 -1.386294
 -1.299284 -1.992415 -1.145136 -1.299284
 -0.693161 -1.945889 -1.540440 -1.945889
 -0.810950 -2.197169 -1.504072 -1.504072
 -1.992415 -1.704741 -0.451996 -3.090961
 -0.916298 -2.302555 -1.609433 -1.203976
 -1.609428 -1.203979 -1.203979 -1.609428
 -1.178658 -1.871793 -1.312187 -1.312187
 -2.397832 -11.608273 -1.011612 -0.606156
 -0.998536 -1.558141 -1.558141 -1.558141
 -2.197169 -0.810950 -1.504072 -1.504072
 -0.944470 -2.197197 -2.197197 -0.944470
 -1.435084 -1.252765 -1.945896 -1.098617
 -0.798517 -1.386294 -1.609433 -2.302555
 -2.079417 -2.079417 -1.163156 -0.826689
 -0.788474 -2.397832 -1.704734 -1.299286
 -1.049828 -1.609433 -1.203976 -1.897107
 -0.832916 -2.442314 -1.749192 -1.189587
 -1.098621 -11.695280 -1.791743 -0.693164
 -1.041461 -2.140040 -2.140040 -0.887312
 -1.609431 -1.609431 -1.321758 -1.098619
 -12.345852 -0.000013 -12.345852 -12.345852
 -11.156308 -0.000043 -11.156308 -11.156308
 -11.695280 -0.000025 -11.695280 -11.695280
 -12.429232 -0.000012 -12.429232 -12.429232
