 -1.255674 0.000100 0.000100 0.000100
 -1.621133 0.000100 0.000100 0.000100
 -1.889396 0.000100 0.000100 0.000100
 -1.004360 0.000100 0.000100 0.000100
 -1.183772 -2.282371 -1.183772 -1.252764
 -0.530635 -1.916914 -3.526272 -1.446918
 -0.773197 -1.871793 -1.648654 -1.648654
 -1.658226 -1.745237 -1.745237 -0.775842
 -1.187167 -1.244325 -1.244325 -2.131620
 -0.385673 -1.832572 -3.218792 -2.120246
 -0.826684 -0.900791 -2.079429 -3.465648
 -1.252764 -0.934312 -1.460402 -2.415901
 -0.000005 -13.384734 -13.384734 -13.384734
 -0.000005 -13.235699 -13.235699 -13.235699
 -0.000009 -12.765699 -12.765699 -12.765699
 -0.000019 -11.982954 -11.982954 -11.982954
 -14.357837 -14.357837 -0.000002 -14.357837
 -1.386294 -1.386294 -1.386294 -1.386294
 -1.386294 -1.386294 -1.386294 -1.386294
 -1.386294 -1.386294 -1.386294 -1.386294
 -1.386294 -1.386294 -1.386294 -1.386294
 -1.386294 -1.386294 -1.386294 -1.386294
 -14.357837 -14.357837 -0.000002 -14.357837
 -1.386294 -1.386294 -1.386294 -1.386294
 -1.386294 -1.386294 -1.386294 -1.386294
 -1.386294 -1.386294 -1.386294 -1.386294
 -14.357837 -14.357837 -14.357837 -0.000002
 -1.386294 -1.386294 -1.386294 -1.386294
 -1.386294 -1.386294 -1.386294 -1.386294
 -1.386294 -1.386294 -1.386294 -1.386294
 -1.386294 -1.386294 -1.386294 -1.386294
 -0.000002 -14.357838 -14.357838 -14.357838
 -0.000002 -14.357838 -14.357838 -14.357838
 -1.386294 -1.386294 -1.386294 -1.386294
 -1.386294 -1.386294 -1.386294 -1.386294
 -1.386294 -1.386294 -1.386294 -1.386294
 -1.053151 -1.928617 -1.592146 -1.196251
 -1.386294 -1.386294 -1.386294 -1.386294
 -1.386294 -1.386294 -1.386294 -1.386294
 -1.386294 -1.386294 -1.386294 -1.386294
 -1.003304 -1.455287 -1.455287 -1.791756
 -1.272967 -2.525695 -1.609434 -0.820987
 -1.252764 -1.763583 -2.862162 -0.722140
 -1.178656 -2.159475 -1.466336 -1.060874
 -1.116963 -1.927886 -1.927886 -0.962813
 -1.029624 -1.252765 -3.332119 -1.134983
 -1.193925 -1.550595 -3.496420 -0.788463
 -1.134982 -1.722764 -1.722764 -1.134982
 -0.980832 -1.828123 -2.233583 -1.029622
 -0.857455 -2.110200 -3.496420 -0.857455
 -0.693157 -1.897107 -2.302555 -1.386294
 -1.945905 -1.840546 -1.945905 -0.587790
 -1.098614 -1.686396 -2.379534 -0.944464
 -1.178658 -1.648654 -3.258012 -0.773197
 -1.504075 -2.197197 -2.197197 -0.587799
 -1.819155 -1.531476 -2.106835 -0.693150
 -0.693152 -2.128221 -2.351360 -1.252764
 -1.011605 -2.803323 -2.803323 -0.663301
 -1.041461 -2.833137 -2.140040 -0.753783
 -2.184796 -1.673975 -2.184796 -0.531882
 -13.081550 -13.081550 -0.000006 -13.081550
 -12.345852 -12.345852 -0.000013 -12.345852
 -12.043577 -12.043577 -0.000018 -12.043577
 -13.641162 -13.641162 -0.000004 -13.641162
 -1.027518 0.000100 0.000100 0.000100
 -1.914817 0.000100 0.000100 0.000100
 -1.509354 0.000100 0.000100 0.000100
 -1.295781 0.000100 0.000100 0.000100
 -1.128468 -2.833175 -0.753777 -1.916914
 -0.693161 -1.540440 -1.540440 -2.638986
 -1.098617 -2.351344 -1.658222 -0.965087
 -1.312187 -2.159466 -1.060876 -1.312187
 -0.900791 -2.079429 -1.673972 -1.268513
 -0.916306 -2.302525 -1.203979 -1.609428
 -0.900791 -2.367103 -0.980833 -2.079429
 -2.351344 -0.965087 -1.435084 -1.252765
 -0.000009 -12.676088 -12.676088 -12.676088
 -0.000019 -11.982954 -11.982954 -11.982954
 -0.000011 -12.468452 -12.468452 -12.468452
 -0.000014 -12.254882 -12.254882 -12.254882
 -13.764221 -13.764221 -0.000003 -13.764221
 -1.386294 -1.386294 -1.386294 -1.386294
 -1.386294 -1.386294 -1.386294 -1.386294
 -1.386294 -1.386294 -1.386294 -1.386294
 -1.386294 -1.386294 -1.386294 -1.386294
 -1.386294 -1.386294 -1.386294 -1.386294
 -13.764221 -13.764221 -0.000003 -13.764221
 -1.386294 -1.386294 -1.386294 -1.386294
 -1.386294 -1.386294 -1.386294 -1.386294
 -1.386294 -1.386294 -1.386294 -1.386294
 -13.764221 -13.764221 -13.764221 -0.000003
 -1.386294 -1.386294 -1.386294 -1.386294
 -1.386294 -1.386294 -1.386294 -1.386294
 -1.386294 -1.386294 -1.386294 -1.386294
 -1.386294 -1.386294 -1.386294 -1.386294
 -0.000003 -13.764221 -13.764221 -13.764221
 -0.000003 -13.764221 -13.764221 -13.764221
 -1.386294 -1.386294 -1.386294 -1.386294
 -1.386294 -1.386294 -1.386294 -1.386294
 -1.386294 -1.386294 -1.386294 -1.386294
 -1.088142 -1.509354 -1.663504 -1.375823
 -1.386294 -1.386294 -1.386294 -1.386294
 -1.386294 -1.386294 -1.386294 -1.386294
 -1.386294 -1.386294 -1.386294 -1.386294
 -0.900791 -2.772551 -1.067844 -1.673972
 -0.965087 -1.435084 -1.658222 -1.658222
 -0.944470 -1.280936 -1.504075 -2.197197
 -1.791751 -0.980835 -0.875475 -3.177970
 -1.067844 -1.519824 -1.519824 -1.519824
 -0.741946 -1.435084 -12.254882 -1.252765
 -1.170074 -1.575534 -0.969405 -2.268664
 -0.955522 -1.466334 -11.775321 -0.955522
 -1.252764 -1.609435 -1.157455 -1.609435
 -1.252765 -1.658222 -1.945896 -0.965087
 -0.587799 -2.890294 -1.280936 -2.197197
 -3.044441 -0.965087 -1.252765 -1.252765
 -0.897947 -2.602654 -1.909532 -0.993257
 -1.609433 -1.897107 -1.609433 -0.798517
 -0.510835 -2.120246 -2.120246 -1.832572
 -1.189587 -1.749192 -0.938276 -2.036866
 -0.720551 -3.610829 -2.001471 -1.045972
 -0.875482 -2.484840 -1.098621 -1.791743
 -0.510837 -2.995652 -1.897107 -1.609433
 -1.312187 -2.564915 -1.648654 -0.773197
 -12.948019 -12.948019 -0.000007 -12.948019
 -10.819859 -10.819859 -0.000060 -10.819859
 -12.043577 -12.043577 -0.000018 -12.043577
 -12.644341 -12.644341 -0.000010 -12.644341
