 -1.071363 0.000100 0.000100 0.000100
 -1.614977 0.000100 0.000100 0.000100
 -1.831200 0.000100 0.000100 0.000100
 -1.209513 0.000100 0.000100 0.000100
 -1.182697 -1.488076 -1.419084 -1.488076
 -0.944466 -1.504076 -2.484885 -1.185626
 -0.969405 -0.969405 -2.268664 -1.980990
 -1.686396 -1.791756 -1.044547 -1.216396
 -0.944464 -1.424034 -1.349927 -2.197215
 -0.904460 -1.029622 -1.658225 -3.044482
 -1.123932 -1.386294 -1.123932 -2.302570
 -1.609436 -0.810934 -1.321756 -2.420352
 -0.000005 -13.304691 -13.304691 -13.304691
 -0.000005 -13.270790 -13.270790 -13.270790
 -0.000006 -13.060496 -13.060496 -13.060496
 -0.000019 -11.982954 -11.982954 -11.982954
 -14.408839 -14.408839 -0.000002 -14.408839
 -1.386294 -1.386294 -1.386294 -1.386294
 -1.386294 -1.386294 -1.386294 -1.386294
 -1.386294 -1.386294 -1.386294 -1.386294
 -1.386294 -1.386294 -1.386294 -1.386294
 -1.386294 -1.386294 -1.386294 -1.386294
 -14.408839 -14.408839 -0.000002 -14.408839
 -1.386294 -1.386294 -1.386294 -1.386294
 -1.386294 -1.386294 -1.386294 -1.386294
 -1.386294 -1.386294 -1.386294 -1.386294
 -14.408839 -14.408839 -14.408839 -0.000002
 -1.386294 -1.386294 -1.386294 -1.386294
 -1.386294 -1.386294 -1.386294 -1.386294
 -1.386294 -1.386294 -1.386294 -1.386294
 -1.386294 -1.386294 -1.386294 -1.386294
 -0.000002 -14.408840 -14.408840 -14.408840
 -0.000002 -14.408840 -14.408840 -14.408840
 -1.386294 -1.386294 -1.386294 -1.386294
 -1.386294 -1.386294 -1.386294 -1.386294
 -1.386294 -1.386294 -1.386294 -1.386294
 -0.950003 -1.672136 -1.560910 -1.534935
 -1.386294 -1.386294 -1.386294 -1.386294
 -1.386294 -1.386294 -1.386294 -1.386294
 -1.386294 -1.386294 -1.386294 -1.386294
 -0.952660 -1.609436 -1.850597 -1.358124
 -1.041457 -1.580448 -3.526272 -0.887308
 -0.641859 -1.691672 -2.944399 -1.440361
 -1.584118 -1.584118 -1.717647 -0.890977
 -0.708188 -2.125244 -1.806794 -1.496642
 -0.693153 -2.197211 -2.484884 -1.185626
 -0.646637 -2.351344 -2.351344 -1.252765
 -0.675759 -1.645154 -2.251282 -1.645154
 -0.000003 -13.721204 -13.721204 -13.721204
 -0.000012 -12.429232 -12.429232 -12.429232
 -0.000014 -12.301401 -12.301401 -12.301401
 -0.000007 -12.971550 -12.971550 -12.971550
 -0.894433 -1.643148 -2.633542 -1.120960
 -1.386294 -1.386294 -1.386294 -1.386294
 -1.386294 -1.386294 -1.386294 -1.386294
 -1.386294 -1.386294 -1.386294 -1.386294
 -0.870080 -1.413693 -1.739113 -1.819155
 -0.990402 -1.358124 -2.862162 -1.157455
 -1.466334 -0.955522 -1.871783 -1.466334
 -1.438480 -1.304949 -2.285768 -0.942046
 -0.000005 -13.321220 -13.321220 -13.321220
 -0.000006 -13.081550 -13.081550 -13.081550
 -0.000013 -12.345852 -12.345852 -12.345852
 -0.000006 -13.102169 -13.102169 -13.102169
 -1.167607 0.000100 0.000100 0.000100
 -1.727217 0.000100 0.000100 0.000100
 -1.727217 0.000100 0.000100 0.000100
 -1.098615 0.000100 0.000100 0.000100
 -1.945889 -1.945889 -0.847310 -1.252766
 -1.386294 -2.079391 -2.079391 -0.693172
 -0.980846 -2.079391 -1.386294 -1.386294
 -1.609431 -1.609431 -1.098619 -1.321758
 -1.203979 -2.302525 -1.203979 -1.203979
 -0.559648 -11.156308 -1.945867 -1.252770
 -0.559632 -1.945889 -1.540440 -2.638986
 -2.638986 -1.252766 -0.847310 -1.540440
 -0.000019 -11.982954 -11.982954 -11.982954
 -0.000043 -11.156308 -11.156308 -11.156308
 -0.000023 -11.775321 -11.775321 -11.775321
 -0.000033 -11.407610 -11.407610 -11.407610
 -13.017012 -13.017012 -0.000007 -13.017012
 -1.386294 -1.386294 -1.386294 -1.386294
 -1.386294 -1.386294 -1.386294 -1.386294
 -1.386294 -1.386294 -1.386294 -1.386294
 -1.386294 -1.386294 -1.386294 -1.386294
 -1.386294 -1.386294 -1.386294 -1.386294
 -13.017012 -13.017012 -0.000007 -13.017012
 -1.386294 -1.386294 -1.386294 -1.386294
 -1.386294 -1.386294 -1.386294 -1.386294
 -1.386294 -1.386294 -1.386294 -1.386294
 -13.017012 -13.017012 -13.017012 -0.000007
 -1.386294 -1.386294 -1.386294 -1.386294
 -1.386294 -1.386294 -1.386294 -1.386294
 -1.386294 -1.386294 -1.386294 -1.386294
 -1.386294 -1.386294 -1.386294 -1.386294
 -0.000007 -13.017012 -13.017012 -13.017012
 -0.000007 -13.017012 -13.017012 -13.017012
 -1.386294 -1.386294 -1.386294 -1.386294
 -1.386294 -1.386294 -1.386294 -1.386294
 -1.386294 -1.386294 -1.386294 -1.386294
 -0.762144 -1.860747 -1.727217 -1.609436
 -1.386294 -1.386294 -1.386294 -1.386294
 -1.386294 -1.386294 -1.386294 -1.386294
 -1.386294 -1.386294 -1.386294 -1.386294
 -0.741946 -3.044441 -1.098617 -1.945896
 -0.847322 -1.945867 -1.252770 -1.945867
 -0.693172 -1.386294 -11.289832 -1.386294
 -11.407610 -2.197169 -0.587811 -1.098623
 -0.636001 -1.734591 -1.446918 -2.833137
 -0.000060 -10.819859 -10.819859 -10.819859
 -1.029628 -1.945889 -1.540440 -1.252766
 -2.197169 -1.098623 -1.504072 -1.098623
 -0.000015 -12.206093 -12.206093 -12.206093
 -0.000038 -11.289832 -11.289832 -11.289832
 -0.000033 -11.407610 -11.407610 -11.407610
 -0.000038 -11.289832 -11.289832 -11.289832
 -0.973452 -1.727217 -1.408767 -1.609436
 -1.386294 -1.386294 -1.386294 -1.386294
 -1.386294 -1.386294 -1.386294 -1.386294
 -1.386294 -1.386294 -1.386294 -1.386294
 -2.140040 -2.140040 -0.753783 -1.223779
 -0.980846 -2.079391 -2.079391 -0.980846
 -0.788474 -2.397832 -0.788474 -11.608273
 -11.407610 -2.197169 -0.405493 -1.504072
 -0.000030 -11.512965 -11.512965 -11.512965
 -0.000060 -10.819859 -10.819859 -10.819859
 -0.000015 -12.206093 -12.206093 -12.206093
 -0.000030 -11.512965 -11.512965 -11.512965
