 -1.102877 0.000100 0.000100 0.000100
 -1.588384 0.000100 0.000100 0.000100
 -1.876065 0.000100 0.000100 0.000100
 -1.169126 0.000100 0.000100 0.000100
 -1.060873 -1.523495 -1.466337 -1.584119
 -1.386294 -1.232145 -2.261751 -1.037990
 -0.875473 -1.386294 -1.974072 -1.637606
 -1.651400 -1.154966 -1.582408 -1.245938
 -0.818313 -1.511457 -1.223776 -3.120868
 -0.646630 -1.840546 -1.370546 -2.756822
 -0.765472 -0.927990 -1.969433 -12.971550
 -1.402823 -1.115143 -0.932822 -3.417683
 -0.000003 -13.795312 -13.795312 -13.795312
 -0.000005 -13.337481 -13.337481 -13.337481
 -0.000005 -13.400002 -13.400002 -13.400002
 -0.000033 -11.407610 -11.407610 -11.407610
 -14.669928 -14.669928 -0.000001 -14.669928
 -1.386294 -1.386294 -1.386294 -1.386294
 -1.386294 -1.386294 -1.386294 -1.386294
 -1.386294 -1.386294 -1.386294 -1.386294
 -1.386294 -1.386294 -1.386294 -1.386294
 -1.386294 -1.386294 -1.386294 -1.386294
 -14.669928 -14.669928 -0.000001 -14.669928
 -1.386294 -1.386294 -1.386294 -1.386294
 -1.386294 -1.386294 -1.386294 -1.386294
 -1.386294 -1.386294 -1.386294 -1.386294
 -14.669928 -14.669928 -14.669928 -0.000001
 -1.386294 -1.386294 -1.386294 -1.386294
 -1.386294 -1.386294 -1.386294 -1.386294
 -1.386294 -1.386294 -1.386294 -1.386294
 -1.386294 -1.386294 -1.386294 -1.386294
 -0.000001 -14.669928 -14.669928 -14.669928
 -0.000001 -14.669928 -14.669928 -14.669928
 -1.386294 -1.386294 -1.386294 -1.386294
 -1.386294 -1.386294 -1.386294 -1.386294
 -1.386294 -1.386294 -1.386294 -1.386294
 -1.102877 -1.721915 -1.746013 -1.155521
 -1.386294 -1.386294 -1.386294 -1.386294
 -1.386294 -1.386294 -1.386294 -1.386294
 -1.386294 -1.386294 -1.386294 -1.386294
 -1.137834 -1.466337 -1.717649 -1.312187
 -1.029622 -1.791755 -2.128221 -1.029622
 -1.074517 -0.940987 -3.020385 -1.516346
 -1.531476 -2.001475 -1.359626 -0.936771
 -0.952660 -2.169047 -2.051265 -0.990401
 -0.987389 -1.852379 -3.238636 -0.840786
 -1.203974 -1.123932 -2.079432 -1.386294
 -1.168572 -2.358146 -2.106835 -0.748720
 -0.928715 -2.197218 -1.909539 -1.062246
 -1.185626 -1.185626 -2.890333 -1.098615
 -1.609434 -2.120246 -2.120246 -0.579827
 -1.588160 -1.824547 -1.893539 -0.725939
 -1.314321 -1.639742 -2.818379 -0.738960
 -1.440361 -1.691672 -2.251277 -0.747219
 -0.949085 -1.131405 -2.047681 -1.824542
 -2.030167 -1.504077 -1.956059 -0.683099
 -13.161592 -13.161592 -13.161592 -0.000006
 -13.161592 -13.161592 -13.161592 -0.000006
 -12.468452 -12.468452 -12.468452 -0.000012
 -13.864305 -13.864305 -13.864305 -0.000003
 -1.386294 -1.386294 -1.386294 -1.386294
 -1.386294 -1.386294 -1.386294 -1.386294
 -1.386294 -1.386294 -1.386294 -1.386294
 -14.669928 -14.669928 -14.669928 -0.000001
 -1.335002 0.000100 0.000100 0.000100
 -2.028139 0.000100 0.000100 0.000100
 -1.440361 0.000100 0.000100 0.000100
 -0.998532 0.000100 0.000100 0.000100
 -0.693167 -2.302525 -0.916306 -11.512965
 -1.609418 -10.819859 -0.223199 -10.819859
 -0.810950 -2.197169 -2.197169 -1.098623
 -1.029628 -2.638986 -1.029628 -1.540440
 -0.762152 -1.321758 -2.014880 -2.014880
 -10.309086 -10.309086 -1.098646 -0.405548
 -1.029628 -1.540440 -1.252766 -1.945889
 -1.791726 -1.791726 -1.098629 -1.098629
 -0.000023 -11.775321 -11.775321 -11.775321
 -0.000038 -11.289832 -11.289832 -11.289832
 -0.000033 -11.407610 -11.407610 -11.407610
 -0.000038 -11.289832 -11.289832 -11.289832
 -12.847937 -12.847937 -0.000008 -12.847937
 -1.386294 -1.386294 -1.386294 -1.386294
 -1.386294 -1.386294 -1.386294 -1.386294
 -1.386294 -1.386294 -1.386294 -1.386294
 -1.386294 -1.386294 -1.386294 -1.386294
 -1.386294 -1.386294 -1.386294 -1.386294
 -12.847937 -12.847937 -0.000008 -12.847937
 -1.386294 -1.386294 -1.386294 -1.386294
 -1.386294 -1.386294 -1.386294 -1.386294
 -1.386294 -1.386294 -1.386294 -1.386294
 -12.847937 -12.847937 -12.847937 -0.000008
 -1.386294 -1.386294 -1.386294 -1.386294
 -1.386294 -1.386294 -1.386294 -1.386294
 -1.386294 -1.386294 -1.386294 -1.386294
 -1.386294 -1.386294 -1.386294 -1.386294
 -0.000008 -12.847937 -12.847937 -12.847937
 -0.000008 -12.847937 -12.847937 -12.847937
 -1.386294 -1.386294 -1.386294 -1.386294
 -1.386294 -1.386294 -1.386294 -1.386294
 -1.386294 -1.386294 -1.386294 -1.386294
 -0.929540 -2.944399 -1.440361 -1.152682
 -1.386294 -1.386294 -1.386294 -1.386294
 -1.386294 -1.386294 -1.386294 -1.386294
 -1.386294 -1.386294 -1.386294 -1.386294
 -2.707977 -1.321758 -0.510841 -2.707977
 -9.903687 -0.693247 -9.903687 -0.693247
 -0.810950 -2.197169 -11.407610 -0.810950
 -2.484840 -1.791743 -0.693164 -1.386294
 -1.098629 -1.791726 -1.098629 -1.791726
 -0.693172 -2.079391 -11.289832 -0.980846
 -1.609431 -1.321758 -2.014880 -0.916301
 -11.407610 -1.504072 -1.504072 -0.587811
 -0.810950 -11.407610 -1.098623 -1.504072
 -1.386294 -1.386294 -2.079391 -0.980846
 -1.098629 -1.098629 -11.002167 -1.098629
 -2.014880 -0.628623 -2.707977 -1.321758
 -0.693167 -2.302525 -1.203979 -2.302525
 -1.386294 -2.484840 -1.098621 -1.098621
 -1.609418 -0.510872 -1.609418 -10.819859
 -2.397832 -2.397832 -1.299286 -0.606156
 -11.512965 -11.512965 -11.512965 -0.000030
 -11.002167 -11.002167 -11.002167 -0.000050
 -11.608273 -11.608273 -11.608273 -0.000027
 -11.608273 -11.608273 -11.608273 -0.000027
 -1.386294 -1.386294 -1.386294 -1.386294
 -1.386294 -1.386294 -1.386294 -1.386294
 -1.386294 -1.386294 -1.386294 -1.386294
 -12.847937 -12.847937 -12.847937 -0.000008
