 -1.309474 0.000100 0.000100 0.000100
 -1.494616 0.000100 0.000100 0.000100
 -1.765491 0.000100 0.000100 0.000100
 -1.094818 0.000100 0.000100 0.000100
 -1.429466 -1.004585 -1.864781 -1.429466
 -1.033017 -1.244325 -2.285768 -1.369487
 -0.810934 -1.408767 -2.197213 -1.609436
 -1.838277 -1.386294 -1.299283 -1.145133
 -0.810933 -1.185625 -1.443452 -4.276572
 -0.641857 -1.335001 -2.028143 -2.538962
 -0.938273 -1.263693 -1.263693 -3.135453
 -1.238375 -0.832912 -1.595048 -2.624654
 -0.000003 -13.910825 -13.910825 -13.910825
 -0.000004 -13.652996 -13.652996 -13.652996
 -0.000006 -13.199332 -13.199332 -13.199332
 -0.000021 -11.849426 -11.849426 -11.849426
 -14.782495 -14.782495 -0.000001 -14.782495
 -1.386294 -1.386294 -1.386294 -1.386294
 -1.386294 -1.386294 -1.386294 -1.386294
 -1.386294 -1.386294 -1.386294 -1.386294
 -1.386294 -1.386294 -1.386294 -1.386294
 -1.386294 -1.386294 -1.386294 -1.386294
 -14.782495 -14.782495 -0.000001 -14.782495
 -1.386294 -1.386294 -1.386294 -1.386294
 -1.386294 -1.386294 -1.386294 -1.386294
 -1.386294 -1.386294 -1.386294 -1.386294
 -14.782495 -14.782495 -14.782495 -0.000001
 -1.386294 -1.386294 -1.386294 -1.386294
 -1.386294 -1.386294 -1.386294 -1.386294
 -1.386294 -1.386294 -1.386294 -1.386294
 -1.386294 -1.386294 -1.386294 -1.386294
 -0.000001 -14.782495 -14.782495 -14.782495
 -14.782495 -14.782495 -14.782495 -0.000001
 -1.386294 -1.386294 -1.386294 -1.386294
 -1.386294 -1.386294 -1.386294 -1.386294
 -1.386294 -1.386294 -1.386294 -1.386294
 -1.386294 -1.386294 -1.386294 -1.386294
 -1.386294 -1.386294 -1.386294 -1.386294
 -1.386294 -1.386294 -1.386294 -1.386294
 -1.094818 -1.988634 -1.228349 -1.445020
 -1.145133 -1.992426 -2.174746 -0.839753
 -1.185626 -1.791754 -1.974072 -0.944466
 -0.976511 -2.397886 -2.146575 -0.878072
 -1.729236 -1.824546 -1.562184 -0.794933
 -1.002154 -2.577677 -2.289999 -0.785931
 -1.157455 -1.763583 -2.456714 -0.847303
 -0.971864 -2.917732 -2.512283 -0.720551
 -1.163152 -2.521267 -1.722765 -0.847299
 -13.698981 -0.377765 -1.156433 -13.698981
 -12.345852 -0.362917 -1.189587 -12.345852
 -12.736712 -0.348314 -1.223777 -12.736712
 -13.972518 -0.458111 -1.000975 -13.972518
 -1.386294 -1.386294 -1.386294 -1.386294
 -1.175802 -1.906688 -2.766884 -0.733970
 -1.043351 -1.769284 -2.685565 -0.893820
 -1.386294 -1.386294 -1.386294 -1.386294
 -1.110448 -2.044752 -1.957741 -0.916292
 -0.940987 -2.104124 -3.713482 -0.769138
 -1.734591 -0.887312 -2.140040 -1.223779
 -1.742968 -1.609437 -1.954276 -0.727050
 -1.084015 -2.140059 -2.427737 -0.785523
 -1.652920 -1.904232 -2.463837 -0.554316
 -1.268513 -2.079429 -1.856290 -0.826684
 -1.386294 -1.863216 -1.618095 -0.924950
 -1.559566 0.000100 0.000100 0.000100
 -1.386294 0.000100 0.000100 0.000100
 -1.769286 0.000100 0.000100 0.000100
 -0.996097 0.000100 0.000100 0.000100
 -1.213024 -2.001471 -1.308334 -1.213024
 -1.011604 -1.586963 -1.219242 -1.992422
 -1.003306 -2.302565 -1.003306 -1.791753
 -1.776489 -1.871798 -1.129866 -1.038895
 -0.896091 -2.100052 -1.326871 -1.589233
 -0.993257 -2.197206 -1.216398 -1.504076
 -0.916293 -1.609436 -1.442383 -1.810105
 -1.727217 -1.321756 -1.609436 -1.034076
 -0.000005 -13.304691 -13.304691 -13.304691
 -0.000009 -12.676088 -12.676088 -12.676088
 -0.000007 -12.971550 -12.971550 -12.971550
 -0.000007 -12.923923 -12.923923 -12.923923
 -14.380827 -14.380827 -0.000002 -14.380827
 -1.386294 -1.386294 -1.386294 -1.386294
 -1.386294 -1.386294 -1.386294 -1.386294
 -1.386294 -1.386294 -1.386294 -1.386294
 -1.386294 -1.386294 -1.386294 -1.386294
 -1.386294 -1.386294 -1.386294 -1.386294
 -14.380827 -14.380827 -0.000002 -14.380827
 -1.386294 -1.386294 -1.386294 -1.386294
 -1.386294 -1.386294 -1.386294 -1.386294
 -1.386294 -1.386294 -1.386294 -1.386294
 -14.380827 -14.380827 -14.380827 -0.000002
 -1.386294 -1.386294 -1.386294 -1.386294
 -1.386294 -1.386294 -1.386294 -1.386294
 -1.386294 -1.386294 -1.386294 -1.386294
 -1.386294 -1.386294 -1.386294 -1.386294
 -0.000002 -14.380827 -14.380827 -14.380827
 -14.380827 -14.380827 -14.380827 -0.000002
 -1.386294 -1.386294 -1.386294 -1.386294
 -1.386294 -1.386294 -1.386294 -1.386294
 -1.386294 -1.386294 -1.386294 -1.386294
 -1.386294 -1.386294 -1.386294 -1.386294
 -1.386294 -1.386294 -1.386294 -1.386294
 -1.386294 -1.386294 -1.386294 -1.386294
 -1.481604 -1.673976 -1.258461 -1.200192
 -1.386294 -1.609435 -1.609435 -1.049825
 -0.788463 -2.803323 -2.110200 -1.011605
 -0.967587 -1.714795 -1.514127 -1.514127
 -1.890845 -1.485384 -1.197704 -1.137080
 -1.386294 -1.754016 -2.005327 -0.815753
 -1.642224 -1.642224 -2.335355 -0.661405
 -0.773195 -2.054114 -1.360977 -1.871796
 -2.379534 -1.686396 -0.770112 -1.349927
 -12.948019 -1.098615 -0.405471 -12.948019
 -12.611551 -0.456766 -1.003306 -12.611551
 -13.017012 -0.671173 -0.715624 -13.017012
 -13.287885 -0.710245 -0.676344 -13.287885
 -1.386294 -1.386294 -1.386294 -1.386294
 -1.110448 -1.877699 -1.264598 -1.446919
 -0.955513 -2.313628 -1.109663 -1.677645
 -1.386294 -1.386294 -1.386294 -1.386294
 -1.435084 -2.063687 -1.198697 -1.098614
 -1.299284 -1.481603 -1.299284 -1.481603
 -1.280935 -1.591087 -1.155772 -1.591087
 -1.531475 -2.224609 -1.126014 -1.045972
 -1.299284 -1.992423 -1.481604 -1.011604
 -1.722761 -2.639022 -1.134983 -0.847304
 -1.098614 -2.197215 -1.424034 -1.155772
 -1.139436 -1.832577 -1.347074 -1.347074
