 -1.391091 0.000100 0.000100 0.000100
 -1.628762 0.000100 0.000100 0.000100
 -1.758814 0.000100 0.000100 0.000100
 -0.960308 0.000100 0.000100 0.000100
 -1.243195 -1.386294 -1.648656 -1.312187
 -0.940987 -1.767657 -2.614936 -1.005525
 -0.944466 -0.944466 -3.583430 -1.637606
 -1.742967 -1.491654 -1.014732 -1.437587
 -0.745336 -1.187167 -1.592629 -4.077444
 -0.583952 -1.243194 -2.159475 -3.258054
 -0.716682 -1.053152 -1.969433 -3.761109
 -1.116963 -0.962813 -1.368276 -3.314143
 -0.000003 -13.774693 -13.774693 -13.774693
 -0.000004 -13.444452 -13.444452 -13.444452
 -0.000008 -12.847937 -12.847937 -12.847937
 -0.000050 -11.002167 -11.002167 -11.002167
 -14.552676 -14.552676 -0.000001 -14.552676
 -1.386294 -1.386294 -1.386294 -1.386294
 -1.386294 -1.386294 -1.386294 -1.386294
 -1.386294 -1.386294 -1.386294 -1.386294
 -1.386294 -1.386294 -1.386294 -1.386294
 -1.386294 -1.386294 -1.386294 -1.386294
 -14.552676 -14.552676 -0.000001 -14.552676
 -1.386294 -1.386294 -1.386294 -1.386294
 -1.386294 -1.386294 -1.386294 -1.386294
 -1.386294 -1.386294 -1.386294 -1.386294
 -14.552676 -14.552676 -14.552676 -0.000001
 -1.386294 -1.386294 -1.386294 -1.386294
 -1.386294 -1.386294 -1.386294 -1.386294
 -1.386294 -1.386294 -1.386294 -1.386294
 -1.386294 -1.386294 -1.386294 -1.386294
 -0.000002 -14.552676 -14.552676 -14.552676
 -14.552676 -14.552676 -0.000001 -14.552676
 -1.386294 -1.386294 -1.386294 -1.386294
 -1.386294 -1.386294 -1.386294 -1.386294
 -1.386294 -1.386294 -1.386294 -1.386294
 -1.386294 -1.386294 -1.386294 -1.386294
 -1.386294 -1.386294 -1.386294 -1.386294
 -1.316983 -1.758814 -1.231461 -1.316983
 -1.386294 -1.386294 -1.386294 -1.386294
 -1.722764 -1.722764 -1.460402 -0.889860
 -1.791754 -1.974072 -3.583430 -0.405472
 -1.402824 -1.913645 -1.913645 -0.778672
 -1.317302 -1.460402 -1.460402 -1.317302
 -0.693151 -3.828550 -2.442331 -0.938273
 -0.838334 -2.917731 -2.917731 -0.777709
 -0.693153 -2.484884 -2.890333 -1.018573
 -1.504077 -2.014899 -1.791757 -0.738612
 -0.942610 -1.399366 -2.734353 -1.208312
 -2.197197 -1.280936 -2.197197 -0.693158
 -1.189587 -1.749192 -2.036866 -0.938276
 -1.945907 -1.466337 -2.208269 -0.660714
 -1.178656 -1.178656 -2.005327 -1.386294
 -1.326871 -1.589233 -3.891728 -0.672949
 -1.049828 -1.203976 -1.609433 -1.897107
 -1.532897 -1.481604 -2.079437 -0.839753
 -1.234746 -1.704745 -2.061416 -0.916293
 -1.060874 -1.553347 -2.852606 -0.955514
 -1.526054 -2.442314 -2.036866 -0.570555
 -1.425009 -1.596858 -1.884538 -0.903714
 -0.924951 -2.114525 -1.863214 -1.116006
 -1.360977 -2.970375 -2.054114 -0.572525
 -1.427116 -1.021656 -2.120246 -1.272967
 -2.163318 -1.421386 -1.826848 -0.728241
 -1.183770 0.000100 0.000100 0.000100
 -1.732335 0.000100 0.000100 0.000100
 -1.833431 0.000100 0.000100 0.000100
 -1.029620 0.000100 0.000100 0.000100
 -1.065824 -2.197219 -1.321756 -1.280934
 -1.006807 -2.564932 -1.466336 -1.118032
 -0.905712 -1.904232 -1.652920 -1.365241
 -1.709520 -2.256060 -1.043043 -1.016375
 -1.258461 -1.769284 -1.110042 -1.532897
 -0.900791 -1.673972 -1.386294 -1.856290
 -1.039425 -1.841767 -1.315677 -1.516347
 -1.813736 -0.995429 -1.430746 -1.477266
 -0.000004 -13.617064 -13.617064 -13.617064
 -0.000004 -13.429854 -13.429854 -13.429854
 -0.000004 -13.604795 -13.604795 -13.604795
 -0.000005 -13.353481 -13.353481 -13.353481
 -14.893922 -14.893922 -0.000001 -14.893922
 -1.386294 -1.386294 -1.386294 -1.386294
 -1.386294 -1.386294 -1.386294 -1.386294
 -1.386294 -1.386294 -1.386294 -1.386294
 -1.386294 -1.386294 -1.386294 -1.386294
 -1.386294 -1.386294 -1.386294 -1.386294
 -14.893922 -14.893922 -0.000001 -14.893922
 -1.386294 -1.386294 -1.386294 -1.386294
 -1.386294 -1.386294 -1.386294 -1.386294
 -1.386294 -1.386294 -1.386294 -1.386294
 -14.893922 -14.893922 -14.893922 -0.000001
 -1.386294 -1.386294 -1.386294 -1.386294
 -1.386294 -1.386294 -1.386294 -1.386294
 -1.386294 -1.386294 -1.386294 -1.386294
 -1.386294 -1.386294 -1.386294 -1.386294
 -0.000001 -14.893922 -14.893922 -14.893922
 -14.893922 -14.893922 -0.000001 -14.893922
 -1.386294 -1.386294 -1.386294 -1.386294
 -1.386294 -1.386294 -1.386294 -1.386294
 -1.386294 -1.386294 -1.386294 -1.386294
 -1.386294 -1.386294 -1.386294 -1.386294
 -1.386294 -1.386294 -1.386294 -1.386294
 -0.947382 -1.420900 -2.217842 -1.339774
 -1.386294 -1.386294 -1.386294 -1.386294
 -1.098613 -2.251287 -1.072638 -1.517322
 -0.895386 -1.777771 -2.470909 -1.084628
 -0.632529 -2.079429 -1.386294 -2.367103
 -1.208312 -2.552034 -1.011603 -1.348073
 -1.305533 -2.475597 -0.911630 -1.414732
 -1.041457 -2.833175 -1.446918 -1.041457
 -0.897943 -1.909539 -1.175574 -1.996550
 -1.568615 -1.443452 -1.280934 -1.280934
 -0.992130 -1.849576 -1.397594 -1.492904
 -1.386294 -1.897113 -1.491654 -0.980833
 -0.875470 -1.619908 -1.925288 -1.428854
 -2.036876 -1.098614 -1.749197 -1.015232
 -0.858229 -2.730017 -1.343735 -1.386294
 -0.908261 -1.642226 -2.335365 -1.182697
 -0.865000 -1.963604 -1.335001 -1.740463
 -1.240787 -1.423108 -1.374318 -1.528468
 -1.080914 -2.233588 -0.934310 -1.828125
 -0.995431 -1.749196 -1.749196 -1.263693
 -1.245217 -1.550596 -1.299284 -1.481604
 -1.252764 -1.415282 -1.475906 -1.415282
 -0.987948 -2.058384 -1.452252 -1.324419
 -1.366876 -1.292769 -1.734598 -1.223777
 -0.765470 -2.056448 -1.889395 -1.363305
 -1.840546 -1.578184 -1.098614 -1.198697
