 -1.249435 0.000100 0.000100 0.000100
 -1.386294 0.000100 0.000100 0.000100
 -1.832581 0.000100 0.000100 0.000100
 -1.192923 0.000100 0.000100 0.000100
 -1.235472 -1.318853 -1.681757 -1.363305
 -0.883503 -1.752536 -4.317393 -0.916293
 -0.875472 -1.568614 -1.473305 -1.925285
 -1.738269 -1.178656 -1.620487 -1.143565
 -0.966442 -1.120592 -1.631416 -2.324557
 -0.666482 -1.359626 -1.906166 -2.512294
 -0.737603 -0.995431 -1.882726 -13.038990
 -1.341843 -0.670677 -1.838277 -2.685565
 -0.000003 -13.981029 -13.981029 -13.981029
 -0.000003 -13.919874 -13.919874 -13.919874
 -0.000006 -13.122372 -13.122372 -13.122372
 -0.000014 -12.254882 -12.254882 -12.254882
 -14.914124 -14.914124 -0.000001 -14.914124
 -1.386294 -1.386294 -1.386294 -1.386294
 -1.386294 -1.386294 -1.386294 -1.386294
 -1.386294 -1.386294 -1.386294 -1.386294
 -1.386294 -1.386294 -1.386294 -1.386294
 -1.386294 -1.386294 -1.386294 -1.386294
 -14.914124 -14.914124 -0.000001 -14.914124
 -1.386294 -1.386294 -1.386294 -1.386294
 -1.386294 -1.386294 -1.386294 -1.386294
 -1.386294 -1.386294 -1.386294 -1.386294
 -14.914124 -14.914124 -14.914124 -0.000001
 -1.386294 -1.386294 -1.386294 -1.386294
 -1.386294 -1.386294 -1.386294 -1.386294
 -1.386294 -1.386294 -1.386294 -1.386294
 -1.386294 -1.386294 -1.386294 -1.386294
 -0.000001 -14.914124 -14.914124 -14.914124
 -14.914124 -0.000001 -14.914124 -14.914124
 -1.386294 -1.386294 -1.386294 -1.386294
 -1.386294 -1.386294 -1.386294 -1.386294
 -1.386294 -1.386294 -1.386294 -1.386294
 -1.386294 -1.386294 -1.386294 -1.386294
 -1.192923 -2.092863 -1.771956 -0.907992
 -1.386294 -1.386294 -1.386294 -1.386294
 -1.386294 -1.386294 -1.386294 -1.386294
 -13.721204 -13.721204 -13.721204 -0.000003
 -12.821269 -12.821269 -12.821269 -0.000008
 -13.142174 -13.142174 -13.142174 -0.000006
 -14.006134 -14.006134 -14.006134 -0.000002
 -1.386294 -1.386294 -1.386294 -1.386294
 -1.386294 -1.386294 -1.386294 -1.386294
 -1.386294 -1.386294 -1.386294 -1.386294
 -1.139435 -1.733490 -1.966112 -1.012435
 -0.953432 -1.568615 -2.772576 -1.067842
 -1.025855 -2.024375 -2.871654 -0.792241
 -1.098615 -1.791755 -2.351360 -0.904460
 -1.600305 -1.433251 -2.052287 -0.841202
 -1.225952 -1.526056 -2.575868 -0.884204
 -1.049824 -2.014897 -2.995706 -0.762143
 -1.686394 -1.909532 -1.686394 -0.730895
 -1.330055 -1.463586 -2.230837 -0.924591
 -1.223776 -1.609437 -2.245420 -0.916292
 -1.003304 -2.148427 -2.995706 -0.762143
 -1.029624 -1.252765 -12.542560 -1.029624
 -1.625310 -1.288839 -2.279233 -0.855204
 -1.462280 -1.573505 -1.841767 -0.910214
 -1.113652 -1.432104 -2.595241 -1.026641
 -0.916297 -1.021656 -12.429233 -1.427116
 -1.504077 -1.658227 -1.791758 -0.865991
 -1.437587 0.000100 0.000100 0.000100
 -1.548812 0.000100 0.000100 0.000100
 -1.742967 0.000100 0.000100 0.000100
 -0.980831 0.000100 0.000100 0.000100
 -1.335002 -2.251263 -0.998536 -1.335002
 -0.753783 -2.833137 -1.446918 -1.446918
 -1.945889 -1.252766 -0.847310 -1.945889
 -1.791753 -2.014891 -1.098616 -1.003306
 -1.609433 -1.386294 -0.916298 -1.897107
 -1.704734 -1.011612 -1.704734 -1.299286
 -1.909532 -1.216398 -0.897947 -1.909532
 -2.397863 -1.481603 -1.704741 -0.693156
 -0.000025 -11.695280 -11.695280 -11.695280
 -0.000014 -12.301401 -12.301401 -12.301401
 -0.000012 -12.429232 -12.429232 -12.429232
 -0.000014 -12.254882 -12.254882 -12.254882
 -13.592372 -13.592372 -0.000004 -13.592372
 -1.386294 -1.386294 -1.386294 -1.386294
 -1.386294 -1.386294 -1.386294 -1.386294
 -1.386294 -1.386294 -1.386294 -1.386294
 -1.386294 -1.386294 -1.386294 -1.386294
 -1.386294 -1.386294 -1.386294 -1.386294
 -13.592372 -13.592372 -0.000004 -13.592372
 -1.386294 -1.386294 -1.386294 -1.386294
 -1.386294 -1.386294 -1.386294 -1.386294
 -1.386294 -1.386294 -1.386294 -1.386294
 -13.592372 -13.592372 -13.592372 -0.000004
 -1.386294 -1.386294 -1.386294 -1.386294
 -1.386294 -1.386294 -1.386294 -1.386294
 -1.386294 -1.386294 -1.386294 -1.386294
 -1.386294 -1.386294 -1.386294 -1.386294
 -0.000004 -13.592372 -13.592372 -13.592372
 -13.592372 -0.000004 -13.592372 -13.592372
 -1.386294 -1.386294 -1.386294 -1.386294
 -1.386294 -1.386294 -1.386294 -1.386294
 -1.386294 -1.386294 -1.386294 -1.386294
 -1.386294 -1.386294 -1.386294 -1.386294
 -1.337504 -1.817075 -1.984127 -0.826681
 -1.386294 -1.386294 -1.386294 -1.386294
 -1.386294 -1.386294 -1.386294 -1.386294
 -12.254882 -12.254882 -12.254882 -0.000014
 -11.775321 -11.775321 -11.775321 -0.000023
 -11.608273 -11.608273 -11.608273 -0.000027
 -12.765700 -12.765700 -12.765700 -0.000009
 -1.386294 -1.386294 -1.386294 -1.386294
 -1.386294 -1.386294 -1.386294 -1.386294
 -1.386294 -1.386294 -1.386294 -1.386294
 -1.609437 -1.437587 -1.437587 -1.123931
 -1.163156 -2.079417 -0.980838 -1.673968
 -0.865006 -1.845814 -1.845814 -1.335002
 -0.747224 -12.154800 -0.998536 -1.845814
 -1.648654 -1.312187 -1.312187 -1.312187
 -1.216398 -1.504076 -1.349927 -1.504076
 -0.875482 -1.386294 -2.484840 -1.386294
 -0.832916 -1.749192 -2.036866 -1.343735
 -1.098618 -2.890294 -1.280936 -1.098618
 -1.980990 -1.575534 -1.170074 -1.064715
 -1.029628 -1.540440 -1.945889 -1.252766
 -2.772514 -1.386294 -0.693160 -1.673968
 -1.658222 -1.658222 -1.098617 -1.252765
 -1.029628 -2.638986 -1.252766 -1.252766
 -2.140040 -1.446918 -1.223779 -1.041461
 -0.860208 -1.648654 -1.871793 -1.466336
 -1.526054 -1.526054 -0.938276 -1.749192
