 -1.274061 0.000100 0.000100 0.000100
 -1.594228 0.000100 0.000100 0.000100
 -1.575536 0.000100 0.000100 0.000100
 -1.170072 0.000100 0.000100 0.000100
 -1.032364 -1.346021 -1.725508 -1.582408
 -1.079922 -1.572395 -2.360842 -1.025855
 -1.044547 -1.504076 -1.591087 -1.504076
 -1.561235 -1.561235 -1.216396 -1.258955
 -0.826681 -1.337504 -1.386294 -2.995712
 -0.522193 -1.679640 -1.880309 -2.691225
 -1.025855 -0.834801 -1.773064 -3.277102
 -1.400893 -0.678761 -1.595048 -3.135467
 -0.000003 -13.873783 -13.873783 -13.873783
 -0.000003 -13.710155 -13.710155 -13.710155
 -0.000006 -13.161592 -13.161592 -13.161592
 -0.000023 -11.775321 -11.775321 -11.775321
 -14.774862 -14.774862 -0.000001 -14.774862
 -1.386294 -1.386294 -1.386294 -1.386294
 -1.386294 -1.386294 -1.386294 -1.386294
 -1.386294 -1.386294 -1.386294 -1.386294
 -1.386294 -1.386294 -1.386294 -1.386294
 -1.386294 -1.386294 -1.386294 -1.386294
 -14.774862 -14.774862 -0.000001 -14.774862
 -1.386294 -1.386294 -1.386294 -1.386294
 -1.386294 -1.386294 -1.386294 -1.386294
 -1.386294 -1.386294 -1.386294 -1.386294
 -14.774862 -14.774862 -14.774862 -0.000001
 -1.386294 -1.386294 -1.386294 -1.386294
 -1.386294 -1.386294 -1.386294 -1.386294
 -1.386294 -1.386294 -1.386294 -1.386294
 -1.386294 -1.386294 -1.386294 -1.386294
 -0.000001 -14.774862 -14.774862 -14.774862
 -14.774862 -14.774862 -14.774862 -0.000001
 -1.386294 -1.386294 -1.386294 -1.386294
 -1.386294 -1.386294 -1.386294 -1.386294
 -1.386294 -1.386294 -1.386294 -1.386294
 -1.386294 -1.386294 -1.386294 -1.386294
 -1.386294 -1.386294 -1.386294 -1.386294
 -1.386294 -1.386294 -1.386294 -1.386294
 -1.233787 -1.757857 -1.316025 -1.316025
 -1.072638 -2.028143 -2.251285 -0.865000
 -0.810934 -2.014895 -2.420352 -1.098614
 -1.683544 -1.609436 -2.169047 -0.693150
 -0.990401 -2.302577 -1.609436 -1.113002
 -1.075357 -1.552279 -2.363202 -1.041455
 -0.615191 -1.819152 -3.610829 -1.308334
 -0.753777 -1.916914 -3.526272 -1.041457
 -1.043043 -1.709520 -1.763587 -1.219974
 -0.000003 -13.835317 -13.835317 -13.835317
 -0.000006 -13.081550 -13.081550 -13.081550
 -0.000011 -12.542559 -12.542559 -12.542559
 -0.000004 -13.629186 -13.629186 -13.629186
 -0.949400 -1.757857 -2.386464 -1.053661
 -1.386294 -1.386294 -1.386294 -1.386294
 -1.386294 -1.386294 -1.386294 -1.386294
 -1.386294 -1.386294 -1.386294 -1.386294
 -1.149385 -1.396245 -2.130209 -1.149385
 -1.098615 -1.727217 -2.420352 -0.916294
 -0.875475 -1.232146 -3.177970 -1.386294
 -1.419817 -1.566420 -1.945907 -0.899943
 -1.191395 -1.479076 -2.172217 -1.037245
 -0.819444 -2.285768 -2.468086 -0.986497
 -1.455286 -1.455286 -2.302565 -0.836254
 -1.699385 -1.354546 -1.893539 -0.895015
 -1.335001 0.000100 0.000100 0.000100
 -1.712294 0.000100 0.000100 0.000100
 -1.945908 0.000100 0.000100 0.000100
 -0.883017 0.000100 0.000100 0.000100
 -2.169040 -2.169040 -0.782765 -1.157455
 -0.875475 -3.177970 -1.098616 -1.568613
 -0.865006 -2.251263 -1.335002 -1.558141
 -1.522426 -1.442383 -1.609436 -1.062896
 -0.887308 -1.734596 -1.580448 -1.580448
 -1.203976 -1.049828 -12.206093 -1.049828
 -0.798512 -1.491654 -1.491654 -2.302570
 -2.970375 -1.265668 -1.024507 -1.178657
 -0.000007 -12.899230 -12.899230 -12.899230
 -0.000009 -12.706860 -12.706860 -12.706860
 -0.000010 -12.611551 -12.611551 -12.611551
 -0.000010 -12.611551 -12.611551 -12.611551
 -14.100693 -14.100693 -0.000002 -14.100693
 -1.386294 -1.386294 -1.386294 -1.386294
 -1.386294 -1.386294 -1.386294 -1.386294
 -1.386294 -1.386294 -1.386294 -1.386294
 -1.386294 -1.386294 -1.386294 -1.386294
 -1.386294 -1.386294 -1.386294 -1.386294
 -14.100693 -14.100693 -0.000002 -14.100693
 -1.386294 -1.386294 -1.386294 -1.386294
 -1.386294 -1.386294 -1.386294 -1.386294
 -1.386294 -1.386294 -1.386294 -1.386294
 -14.100693 -14.100693 -14.100693 -0.000002
 -1.386294 -1.386294 -1.386294 -1.386294
 -1.386294 -1.386294 -1.386294 -1.386294
 -1.386294 -1.386294 -1.386294 -1.386294
 -1.386294 -1.386294 -1.386294 -1.386294
 -0.000002 -14.100693 -14.100693 -14.100693
 -14.100693 -14.100693 -14.100693 -0.000002
 -1.386294 -1.386294 -1.386294 -1.386294
 -1.386294 -1.386294 -1.386294 -1.386294
 -1.386294 -1.386294 -1.386294 -1.386294
 -1.386294 -1.386294 -1.386294 -1.386294
 -1.386294 -1.386294 -1.386294 -1.386294
 -1.386294 -1.386294 -1.386294 -1.386294
 -1.754854 -1.393842 -1.306830 -1.176778
 -0.737607 -3.135412 -1.056058 -2.036866
 -0.857455 -1.704744 -1.550595 -1.704744
 -1.098615 -2.197211 -1.018573 -1.637606
 -1.410987 -1.767657 -0.940987 -1.634128
 -1.077561 -2.058380 -1.142099 -1.547561
 -0.693158 -1.791748 -1.504075 -2.197197
 -1.586963 -2.685553 -0.839755 -1.219242
 -1.232146 -1.568613 -1.232146 -1.568613
 -0.000007 -12.923923 -12.923923 -12.923923
 -0.000018 -12.043577 -12.043577 -12.043577
 -0.000007 -13.017012 -13.017012 -13.017012
 -0.000010 -12.611551 -12.611551 -12.611551
 -1.279431 -1.712294 -1.279431 -1.335001
 -1.386294 -1.386294 -1.386294 -1.386294
 -1.386294 -1.386294 -1.386294 -1.386294
 -1.386294 -1.386294 -1.386294 -1.386294
 -1.126014 -1.819153 -1.531475 -1.213024
 -1.098616 -1.098616 -1.791751 -1.791751
 -1.308334 -1.126014 -1.665004 -1.531475
 -2.456714 -1.358124 -1.763583 -0.722140
 -1.098615 -1.550595 -1.011605 -2.397874
 -1.763583 -1.609435 -1.157455 -1.157455
 -1.139438 -1.609434 -1.832572 -1.139438
 -1.290985 -1.609435 -1.203974 -1.491654
