 -1.285553 0.000100 0.000100 0.000100
 -1.618697 0.000100 0.000100 0.000100
 -1.768979 0.000100 0.000100 0.000100
 -1.036093 0.000100 0.000100 0.000100
 -1.149907 -1.455287 -1.321756 -1.696447
 -1.363305 -1.681755 -1.969433 -0.870832
 -0.971864 -1.413693 -1.308334 -2.224609
 -1.704746 -1.299283 -1.571216 -1.085710
 -0.969403 -1.287855 -1.287855 -2.674130
 -0.517261 -1.178656 -2.852606 -3.258054
 -0.780162 -1.232145 -1.473305 -3.871109
 -1.438480 -0.745336 -1.244325 -13.287885
 -0.000003 -13.698981 -13.698981 -13.698981
 -0.000004 -13.514411 -13.514411 -13.514411
 -0.000006 -13.060496 -13.060496 -13.060496
 -0.000043 -11.156308 -11.156308 -11.156308
 -14.590240 -14.590240 -0.000001 -14.590240
 -1.386294 -1.386294 -1.386294 -1.386294
 -1.386294 -1.386294 -1.386294 -1.386294
 -1.386294 -1.386294 -1.386294 -1.386294
 -1.386294 -1.386294 -1.386294 -1.386294
 -1.386294 -1.386294 -1.386294 -1.386294
 -14.590240 -14.590240 -0.000001 -14.590240
 -1.386294 -1.386294 -1.386294 -1.386294
 -1.386294 -1.386294 -1.386294 -1.386294
 -1.386294 -1.386294 -1.386294 -1.386294
 -14.590240 -14.590240 -14.590240 -0.000001
 -1.386294 -1.386294 -1.386294 -1.386294
 -1.386294 -1.386294 -1.386294 -1.386294
 -1.386294 -1.386294 -1.386294 -1.386294
 -1.386294 -1.386294 -1.386294 -1.386294
 -0.000001 -14.590240 -14.590240 -14.590240
 -14.590240 -14.590240 -14.590240 -0.000001
 -1.386294 -1.386294 -1.386294 -1.386294
 -1.386294 -1.386294 -1.386294 -1.386294
 -1.386294 -1.386294 -1.386294 -1.386294
 -1.386294 -1.386294 -1.386294 -1.386294
 -1.386294 -1.386294 -1.386294 -1.386294
 -1.386294 -1.386294 -1.386294 -1.386294
 -1.269024 -2.288852 -1.075833 -1.285553
 -0.932822 -1.220503 -1.166436 -13.321220
 -0.383004 -1.481603 -2.397863 -12.301401
 -0.807560 -1.126012 -1.470851 -13.514411
 -0.875471 -1.609436 -0.958853 -13.304691
 -1.140725 -1.802120 -2.089800 -0.937126
 -0.986497 -2.285768 -2.285768 -0.858664
 -1.066353 -1.471816 -2.501422 -1.066353
 -1.386294 -1.386294 -1.386294 -1.386294
 -13.514411 -13.514411 -13.514411 -0.000004
 -12.793871 -12.793871 -12.793871 -0.000008
 -12.345852 -12.345852 -12.345852 -0.000013
 -13.641162 -13.641162 -13.641162 -0.000004
 -1.386294 -1.386294 -1.386294 -1.386294
 -1.386294 -1.386294 -1.386294 -1.386294
 -1.386294 -1.386294 -1.386294 -1.386294
 -1.529750 -1.488077 -2.546680 -0.735507
 -1.452252 -1.452252 -2.240698 -0.854419
 -1.119233 -1.945904 -2.505509 -0.800781
 -2.140040 -1.446918 -2.140040 -0.636001
 -1.754017 -1.425515 -2.079438 -0.773192
 -1.365241 -1.904232 -1.770702 -0.854419
 -1.285199 -2.058380 -2.463837 -0.672098
 -0.693156 -2.079425 -3.177970 -1.098616
 -1.337023 -1.504077 -1.956059 -0.984203
 -1.178656 0.000100 0.000100 0.000100
 -1.945907 0.000100 0.000100 0.000100
 -1.566420 0.000100 0.000100 0.000100
 -1.076873 0.000100 0.000100 0.000100
 -1.386294 -1.540443 -1.134983 -1.540443
 -1.466334 -1.871783 -1.178661 -1.178661
 -0.747224 -2.251263 -1.152684 -2.251263
 -2.335355 -2.335355 -0.794936 -1.036096
 -1.145136 -1.992415 -1.011607 -1.704741
 -0.485526 -1.871783 -11.775321 -1.466334
 -1.011605 -1.887062 -1.098615 -1.887062
 -1.749192 -1.526054 -1.526054 -0.938276
 -0.000010 -12.644341 -12.644341 -12.644341
 -0.000020 -11.918417 -11.918417 -11.918417
 -0.000012 -12.388411 -12.388411 -12.388411
 -0.000014 -12.254882 -12.254882 -12.254882
 -13.721204 -13.721204 -0.000003 -13.721204
 -1.386294 -1.386294 -1.386294 -1.386294
 -1.386294 -1.386294 -1.386294 -1.386294
 -1.386294 -1.386294 -1.386294 -1.386294
 -1.386294 -1.386294 -1.386294 -1.386294
 -1.386294 -1.386294 -1.386294 -1.386294
 -13.721204 -13.721204 -0.000003 -13.721204
 -1.386294 -1.386294 -1.386294 -1.386294
 -1.386294 -1.386294 -1.386294 -1.386294
 -1.386294 -1.386294 -1.386294 -1.386294
 -13.721204 -13.721204 -13.721204 -0.000003
 -1.386294 -1.386294 -1.386294 -1.386294
 -1.386294 -1.386294 -1.386294 -1.386294
 -1.386294 -1.386294 -1.386294 -1.386294
 -1.386294 -1.386294 -1.386294 -1.386294
 -0.000003 -13.721204 -13.721204 -13.721204
 -13.721204 -13.721204 -13.721204 -0.000003
 -1.386294 -1.386294 -1.386294 -1.386294
 -1.386294 -1.386294 -1.386294 -1.386294
 -1.386294 -1.386294 -1.386294 -1.386294
 -1.386294 -1.386294 -1.386294 -1.386294
 -1.386294 -1.386294 -1.386294 -1.386294
 -1.386294 -1.386294 -1.386294 -1.386294
 -1.466337 -1.515127 -1.215023 -1.375365
 -0.741946 -1.098617 -1.658222 -12.254882
 -0.597848 -1.609433 -1.386294 -12.206093
 -1.098616 -0.993257 -1.216398 -12.506192
 -1.056058 -1.343735 -0.938276 -12.345852
 -1.152682 -1.440361 -1.440361 -1.558143
 -1.349927 -1.686394 -2.197206 -0.810937
 -1.648654 -1.648654 -1.648654 -0.860208
 -1.386294 -1.386294 -1.386294 -1.386294
 -12.388411 -12.388411 -12.388411 -0.000012
 -12.154800 -12.154800 -12.154800 -0.000016
 -12.043577 -12.043577 -12.043577 -0.000018
 -12.644341 -12.644341 -12.644341 -0.000010
 -1.386294 -1.386294 -1.386294 -1.386294
 -1.386294 -1.386294 -1.386294 -1.386294
 -1.386294 -1.386294 -1.386294 -1.386294
 -1.566420 -1.419817 -1.252764 -1.332806
 -2.251263 -0.747224 -1.335002 -1.845814
 -1.145136 -1.704741 -2.397863 -0.893825
 -1.312187 -1.871793 -1.466336 -1.060876
 -1.791751 -1.568613 -0.980835 -1.386294
 -1.609433 -1.203976 -1.203976 -1.609433
 -1.299284 -2.397863 -1.299284 -1.011607
 -0.893825 -1.992415 -1.992415 -1.145136
 -1.686394 -1.504076 -1.216398 -1.216398
