 -1.412003 0.000100 0.000100 0.000100
 -1.257852 0.000100 0.000100 0.000100
 -1.950998 0.000100 0.000100 0.000100
 -1.108817 0.000100 0.000100 0.000100
 -0.926765 -1.306252 -2.261751 -1.473305
 -0.729518 -1.722764 -2.926713 -1.252764
 -0.847304 -1.252765 -1.722761 -2.233573
 -2.094939 -1.229949 -1.466336 -1.038895
 -0.755670 -1.481604 -1.417066 -2.803341
 -0.653931 -1.203974 -2.302573 -2.525712
 -0.624162 -1.722761 -1.386294 -3.332119
 -1.485384 -0.925772 -1.079922 -3.277102
 -0.000004 -13.641162 -13.641162 -13.641162
 -0.000005 -13.235699 -13.235699 -13.235699
 -0.000006 -13.038990 -13.038990 -13.038990
 -0.000027 -11.608273 -11.608273 -11.608273
 -14.493546 -14.493546 -0.000002 -14.493546
 -1.386294 -1.386294 -1.386294 -1.386294
 -1.386294 -1.386294 -1.386294 -1.386294
 -1.386294 -1.386294 -1.386294 -1.386294
 -1.386294 -1.386294 -1.386294 -1.386294
 -1.386294 -1.386294 -1.386294 -1.386294
 -14.493546 -14.493546 -0.000002 -14.493546
 -1.386294 -1.386294 -1.386294 -1.386294
 -1.386294 -1.386294 -1.386294 -1.386294
 -1.386294 -1.386294 -1.386294 -1.386294
 -14.493546 -14.493546 -14.493546 -0.000002
 -1.386294 -1.386294 -1.386294 -1.386294
 -1.386294 -1.386294 -1.386294 -1.386294
 -1.386294 -1.386294 -1.386294 -1.386294
 -1.386294 -1.386294 -1.386294 -1.386294
 -0.000002 -14.493546 -14.493546 -14.493546
 -14.493546 -14.493546 -14.493546 -0.000002
 -1.386294 -1.386294 -1.386294 -1.386294
 -1.386294 -1.386294 -1.386294 -1.386294
 -1.386294 -1.386294 -1.386294 -1.386294
 -1.386294 -1.386294 -1.386294 -1.386294
 -1.386294 -1.386294 -1.386294 -1.386294
 -1.386294 -1.386294 -1.386294 -1.386294
 -1.294220 -2.025105 -1.078512 -1.371181
 -13.199332 -13.199332 -13.199332 -0.000006
 -12.468452 -12.468452 -12.468452 -0.000012
 -13.415039 -13.415039 -13.415039 -0.000004
 -13.122372 -13.122372 -13.122372 -0.000006
 -1.386294 -1.386294 -1.386294 -1.386294
 -1.386294 -1.386294 -1.386294 -1.386294
 -1.386294 -1.386294 -1.386294 -1.386294
 -1.172330 -1.950998 -1.786695 -0.965716
 -13.321220 -13.321220 -13.321220 -0.000005
 -12.542559 -12.542559 -12.542559 -0.000011
 -12.706861 -12.706861 -12.706861 -0.000009
 -13.527834 -13.527834 -13.527834 -0.000004
 -1.386294 -1.386294 -1.386294 -1.386294
 -1.386294 -1.386294 -1.386294 -1.386294
 -1.386294 -1.386294 -1.386294 -1.386294
 -1.476541 -1.594324 -1.849215 -0.888755
 -1.321756 -1.321756 -2.420352 -0.973452
 -1.491654 -2.590244 -3.688789 -0.393049
 -1.236764 -1.354546 -2.335355 -1.036096
 -1.686397 -1.561235 -2.315000 -0.680880
 -1.167607 -1.504076 -2.708026 -0.916294
 -1.049825 -2.590244 -2.302570 -0.744445
 -0.826689 -1.673968 -2.772514 -1.163156
 -1.306252 -1.345473 -1.673975 -1.268512
 -1.280935 0.000100 0.000100 0.000100
 -1.974072 0.000100 0.000100 0.000100
 -1.280935 0.000100 0.000100 0.000100
 -1.185626 0.000100 0.000100 0.000100
 -1.609428 -1.609428 -1.203979 -1.203979
 -0.510872 -1.609418 -10.819859 -1.609418
 -1.609428 -11.512965 -1.609428 -0.510849
 -1.299286 -1.704734 -1.299286 -1.299286
 -11.512965 -0.916306 -2.302525 -0.693167
 -0.510872 -1.609418 -10.819859 -1.609418
 -0.980846 -1.386294 -2.079391 -1.386294
 -0.955522 -2.564880 -11.775321 -0.619056
 -0.000027 -11.608273 -11.608273 -11.608273
 -0.000038 -11.289832 -11.289832 -11.289832
 -0.000150 -9.903687 -9.903687 -9.903687
 -0.000020 -11.918417 -11.918417 -11.918417
 -12.793870 -12.793870 -0.000008 -12.793870
 -1.386294 -1.386294 -1.386294 -1.386294
 -1.386294 -1.386294 -1.386294 -1.386294
 -1.386294 -1.386294 -1.386294 -1.386294
 -1.386294 -1.386294 -1.386294 -1.386294
 -1.386294 -1.386294 -1.386294 -1.386294
 -12.793870 -12.793870 -0.000008 -12.793870
 -1.386294 -1.386294 -1.386294 -1.386294
 -1.386294 -1.386294 -1.386294 -1.386294
 -1.386294 -1.386294 -1.386294 -1.386294
 -12.793871 -12.793871 -12.793871 -0.000008
 -1.386294 -1.386294 -1.386294 -1.386294
 -1.386294 -1.386294 -1.386294 -1.386294
 -1.386294 -1.386294 -1.386294 -1.386294
 -1.386294 -1.386294 -1.386294 -1.386294
 -0.000008 -12.793870 -12.793870 -12.793870
 -12.793871 -12.793871 -12.793871 -0.000008
 -1.386294 -1.386294 -1.386294 -1.386294
 -1.386294 -1.386294 -1.386294 -1.386294
 -1.386294 -1.386294 -1.386294 -1.386294
 -1.386294 -1.386294 -1.386294 -1.386294
 -1.386294 -1.386294 -1.386294 -1.386294
 -1.386294 -1.386294 -1.386294 -1.386294
 -1.018573 -1.504076 -1.974072 -1.280935
 -11.775321 -11.775321 -11.775321 -0.000023
 -11.289832 -11.289832 -11.289832 -0.000038
 -10.819859 -10.819859 -10.819859 -0.000060
 -11.512965 -11.512965 -11.512965 -0.000030
 -1.386294 -1.386294 -1.386294 -1.386294
 -1.386294 -1.386294 -1.386294 -1.386294
 -1.386294 -1.386294 -1.386294 -1.386294
 -1.185626 -1.386294 -1.504076 -1.504076
 -11.608273 -11.608273 -11.608273 -0.000027
 -11.407610 -11.407610 -11.407610 -0.000033
 -11.289832 -11.289832 -11.289832 -0.000038
 -11.289832 -11.289832 -11.289832 -0.000038
 -1.386294 -1.386294 -1.386294 -1.386294
 -1.386294 -1.386294 -1.386294 -1.386294
 -1.386294 -1.386294 -1.386294 -1.386294
 -0.944466 -1.974072 -1.386294 -1.504076
 -1.540440 -0.559632 -1.945889 -2.638986
 -0.916321 -1.609418 -10.819859 -0.916321
 -1.504072 -2.197169 -1.098623 -1.098623
 -0.980846 -2.079391 -2.079391 -0.980846
 -1.609428 -0.916306 -1.609428 -1.609428
 -1.011612 -1.704734 -1.299286 -1.704734
 -0.693181 -1.098629 -1.791726 -11.002167
 -2.197169 -1.098623 -1.504072 -1.098623
