 -1.257361 0.000100 0.000100 0.000100
 -1.773576 0.000100 0.000100 0.000100
 -1.800975 0.000100 0.000100 0.000100
 -0.965655 0.000100 0.000100 0.000100
 -1.131404 -1.642226 -1.642226 -1.236763
 -0.838334 -1.819152 -2.224609 -1.213024
 -0.875473 -1.791754 -1.637606 -1.504076
 -1.853888 -1.017645 -1.646250 -1.240787
 -1.114362 -1.023391 -1.450832 -2.549431
 -0.770112 -1.216396 -1.591087 -3.295794
 -0.890977 -0.773195 -2.277252 -3.663472
 -1.808285 -0.743581 -1.277661 -2.501422
 -0.000004 -13.487012 -13.487012 -13.487012
 -0.000003 -13.664692 -13.664692 -13.664692
 -0.000006 -13.060496 -13.060496 -13.060496
 -0.000023 -11.775321 -11.775321 -11.775321
 -14.594837 -14.594837 -0.000001 -14.594837
 -1.386294 -1.386294 -1.386294 -1.386294
 -1.386294 -1.386294 -1.386294 -1.386294
 -1.386294 -1.386294 -1.386294 -1.386294
 -1.386294 -1.386294 -1.386294 -1.386294
 -1.386294 -1.386294 -1.386294 -1.386294
 -14.594837 -14.594837 -0.000001 -14.594837
 -1.386294 -1.386294 -1.386294 -1.386294
 -1.386294 -1.386294 -1.386294 -1.386294
 -1.386294 -1.386294 -1.386294 -1.386294
 -14.594837 -14.594837 -14.594837 -0.000001
 -1.386294 -1.386294 -1.386294 -1.386294
 -1.386294 -1.386294 -1.386294 -1.386294
 -1.386294 -1.386294 -1.386294 -1.386294
 -1.386294 -1.386294 -1.386294 -1.386294
 -14.594837 -14.594837 -14.594837 -0.000001
 -1.386294 -1.386294 -1.386294 -1.386294
 -1.386294 -1.386294 -1.386294 -1.386294
 -1.386294 -1.386294 -1.386294 -1.386294
 -1.324052 -2.126396 -2.339970 -0.657108
 -13.270790 -13.270790 -0.000005 -13.270790
 -12.468452 -12.468452 -0.000012 -12.468452
 -12.254882 -12.254882 -0.000014 -12.254882
 -13.937732 -13.937732 -0.000003 -13.937732
 -1.386294 -1.386294 -1.386294 -1.386294
 -1.386294 -1.386294 -1.386294 -1.386294
 -14.594837 -14.594837 -14.594837 -0.000001
 -1.386294 -1.386294 -1.386294 -1.386294
 -1.386294 -1.386294 -1.386294 -1.386294
 -1.386294 -1.386294 -1.386294 -1.386294
 -1.386294 -1.386294 -1.386294 -1.386294
 -2.126396 -1.513294 -1.983296 -0.648298
 -12.468452 -12.468452 -12.468452 -0.000012
 -13.081550 -13.081550 -13.081550 -0.000006
 -12.611551 -12.611551 -12.611551 -0.000010
 -13.946543 -13.946543 -13.946543 -0.000003
 -1.386294 -1.386294 -1.386294 -1.386294
 -1.386294 -1.386294 -1.386294 -1.386294
 -1.386294 -1.386294 -1.386294 -1.386294
 -1.720933 -1.555853 -2.165617 -0.702365
 -1.265668 -1.584118 -2.054114 -0.955515
 -1.882726 -1.882726 -2.219192 -0.532810
 -1.427116 -1.427116 -3.218792 -0.733977
 -2.284230 -1.155771 -2.484899 -0.693149
 -1.157455 -1.945902 -2.169040 -0.847303
 -1.174121 -2.061416 -2.908695 -0.675132
 -0.916298 -2.302555 -2.302555 -0.916298
 -1.848916 -1.463255 -1.791758 -0.810932
 -1.360977 0.000100 0.000100 0.000100
 -1.466337 0.000100 0.000100 0.000100
 -1.466337 0.000100 0.000100 0.000100
 -1.265667 0.000100 0.000100 0.000100
 -1.609433 -1.897107 -1.203976 -1.049828
 -1.098618 -2.890294 -12.100735 -0.492490
 -1.280936 -1.504075 -2.890294 -0.810940
 -1.992415 -1.992415 -1.299284 -0.788466
 -0.587799 -1.791748 -1.504075 -2.890294
 -0.318478 -11.608273 -11.608273 -1.299286
 -0.485526 -2.564880 -2.564880 -1.466334
 -1.280935 -1.637606 -1.386294 -1.280935
 -0.000008 -12.793870 -12.793870 -12.793870
 -0.000027 -11.608273 -11.608273 -11.608273
 -0.000021 -11.849426 -11.849426 -11.849426
 -0.000018 -12.043577 -12.043577 -12.043577
 -13.567055 -13.567055 -0.000004 -13.567055
 -1.386294 -1.386294 -1.386294 -1.386294
 -1.386294 -1.386294 -1.386294 -1.386294
 -1.386294 -1.386294 -1.386294 -1.386294
 -1.386294 -1.386294 -1.386294 -1.386294
 -1.386294 -1.386294 -1.386294 -1.386294
 -13.567055 -13.567055 -0.000004 -13.567055
 -1.386294 -1.386294 -1.386294 -1.386294
 -1.386294 -1.386294 -1.386294 -1.386294
 -1.386294 -1.386294 -1.386294 -1.386294
 -13.567055 -13.567055 -13.567055 -0.000004
 -1.386294 -1.386294 -1.386294 -1.386294
 -1.386294 -1.386294 -1.386294 -1.386294
 -1.386294 -1.386294 -1.386294 -1.386294
 -1.386294 -1.386294 -1.386294 -1.386294
 -13.567055 -13.567055 -13.567055 -0.000004
 -1.386294 -1.386294 -1.386294 -1.386294
 -1.386294 -1.386294 -1.386294 -1.386294
 -1.386294 -1.386294 -1.386294 -1.386294
 -2.054119 -2.054119 -1.098614 -0.890975
 -11.512965 -11.512965 -0.000030 -11.512965
 -11.512965 -11.512965 -0.000030 -11.512965
 -12.468452 -12.468452 -0.000012 -12.468452
 -12.676088 -12.676088 -0.000009 -12.676088
 -1.386294 -1.386294 -1.386294 -1.386294
 -1.386294 -1.386294 -1.386294 -1.386294
 -13.567055 -13.567055 -13.567055 -0.000004
 -1.386294 -1.386294 -1.386294 -1.386294
 -1.386294 -1.386294 -1.386294 -1.386294
 -1.386294 -1.386294 -1.386294 -1.386294
 -1.386294 -1.386294 -1.386294 -1.386294
 -1.648657 -1.871799 -1.265667 -0.989415
 -11.918417 -11.918417 -11.918417 -0.000020
 -11.695280 -11.695280 -11.695280 -0.000025
 -12.301401 -12.301401 -12.301401 -0.000014
 -12.577650 -12.577650 -12.577650 -0.000010
 -1.386294 -1.386294 -1.386294 -1.386294
 -1.386294 -1.386294 -1.386294 -1.386294
 -1.386294 -1.386294 -1.386294 -1.386294
 -1.312187 -1.791757 -1.466337 -1.098614
 -1.098617 -1.945896 -2.351344 -0.847306
 -0.955522 -1.466334 -2.564880 -1.178661
 -1.098618 -1.791748 -1.280936 -1.504075
 -1.466336 -1.466336 -1.648654 -1.060876
 -1.098616 -2.079425 -1.386294 -1.232146
 -0.762152 -2.014880 -2.707977 -1.098619
 -1.871783 -1.871783 -1.178661 -0.955522
 -1.648654 -1.648654 -0.955517 -1.466336
