 -1.229452 0.000100 0.000100 0.000100
 -1.444563 0.000100 0.000100 0.000100
 -2.151132 0.000100 0.000100 0.000100
 -1.034664 0.000100 0.000100 0.000100
 -1.036093 -1.441557 -2.047689 -1.274503
 -1.321756 -1.484274 -2.708035 -0.820983
 -0.615191 -1.126014 -2.512283 -2.917731
 -1.894172 -1.395183 -1.782947 -0.835569
 -1.003304 -0.738612 -1.934857 -4.499714
 -0.585261 -1.233954 -2.289999 -2.983134
 -0.572525 -1.178657 -2.054114 -12.873912
 -1.564985 -0.526095 -1.867265 -3.091026
 -0.000002 -14.014364 -14.014364 -14.014364
 -0.000002 -14.173188 -14.173188 -14.173188
 -0.000007 -12.971550 -12.971550 -12.971550
 -0.000030 -11.512965 -11.512965 -11.512965
 -14.972393 -14.972393 -0.000001 -14.972393
 -1.386294 -1.386294 -1.386294 -1.386294
 -1.386294 -1.386294 -1.386294 -1.386294
 -1.386294 -1.386294 -1.386294 -1.386294
 -1.386294 -1.386294 -1.386294 -1.386294
 -1.386294 -1.386294 -1.386294 -1.386294
 -14.972393 -14.972393 -0.000001 -14.972393
 -1.386294 -1.386294 -1.386294 -1.386294
 -1.386294 -1.386294 -1.386294 -1.386294
 -1.386294 -1.386294 -1.386294 -1.386294
 -14.972393 -14.972393 -14.972393 -0.000001
 -1.386294 -1.386294 -1.386294 -1.386294
 -1.386294 -1.386294 -1.386294 -1.386294
 -1.386294 -1.386294 -1.386294 -1.386294
 -1.386294 -1.386294 -1.386294 -1.386294
 -14.972393 -14.972393 -14.972393 -0.000001
 -1.386294 -1.386294 -1.386294 -1.386294
 -1.386294 -1.386294 -1.386294 -1.386294
 -1.386294 -1.386294 -1.386294 -1.386294
 -1.240263 -1.380025 -2.717525 -0.933738
 -1.087803 -1.154494 -13.732133 -1.056054
 -1.386294 -1.673975 -13.592372 -0.575367
 -1.658222 -1.658222 -12.254882 -0.479584
 -1.783790 -1.301953 -14.038657 -0.579820
 -13.541079 -13.541079 -13.541079 -0.000004
 -13.617064 -13.617064 -13.617064 -0.000004
 -1.386294 -1.386294 -1.386294 -1.386294
 -14.285517 -14.285517 -14.285517 -0.000002
 -1.386294 -1.386294 -1.386294 -1.386294
 -1.386294 -1.386294 -1.386294 -1.386294
 -1.386294 -1.386294 -1.386294 -1.386294
 -1.542543 -1.527945 -1.933409 -0.856777
 -1.329136 -1.275069 -3.526316 -0.852214
 -1.595048 -1.526055 -4.234012 -0.570548
 -1.526055 -1.631414 -2.442331 -0.693152
 -1.537978 -1.408767 -2.072058 -0.879924
 -1.004585 -1.490090 -3.569488 -0.966845
 -1.932834 -1.622682 -4.330638 -0.438916
 -2.079425 -0.980835 -2.079425 -0.980835
 -2.282378 -1.276861 -2.217840 -0.672946
 -1.174121 -1.522425 -2.621021 -0.916293
 -1.450010 -1.686397 -3.701257 -0.587789
 -1.481603 -1.992415 -1.992415 -0.693156
 -2.367119 -1.203973 -2.677272 -0.620828
 -1.134982 -1.386294 -1.945905 -1.252764
 -1.412270 -1.958809 -2.970395 -0.572522
 -2.995652 -1.203976 -1.609433 -0.798517
 -2.155425 -1.074515 -2.460804 -0.782379
 -1.255560 0.000100 0.000100 0.000100
 -1.665939 0.000100 0.000100 0.000100
 -1.656135 0.000100 0.000100 0.000100
 -1.093041 0.000100 0.000100 0.000100
 -1.169708 -1.811561 -1.533930 -1.169708
 -1.138819 -2.222161 -1.945909 -0.847299
 -1.103503 -1.990804 -1.472862 -1.195876
 -1.897119 -1.808566 -1.353505 -0.849152
 -1.046788 -2.058387 -1.131048 -1.616555
 -0.894518 -2.024379 -1.485385 -1.457986
 -0.895238 -1.746013 -1.285198 -1.963077
 -1.579733 -1.668964 -1.391332 -1.030625
 -0.000001 -15.045153 -15.045153 -15.045153
 -0.000002 -14.363634 -14.363634 -14.363634
 -0.000001 -14.883665 -14.883665 -14.883665
 -0.000001 -14.801329 -14.801329 -14.801329
 -16.189486 -16.189486 -0.000000 -16.189486
 -1.386294 -1.386294 -1.386294 -1.386294
 -1.386294 -1.386294 -1.386294 -1.386294
 -1.386294 -1.386294 -1.386294 -1.386294
 -1.386294 -1.386294 -1.386294 -1.386294
 -1.386294 -1.386294 -1.386294 -1.386294
 -16.189486 -16.189486 -0.000000 -16.189486
 -1.386294 -1.386294 -1.386294 -1.386294
 -1.386294 -1.386294 -1.386294 -1.386294
 -1.386294 -1.386294 -1.386294 -1.386294
 -16.189486 -16.189486 -16.189486 -0.000000
 -1.386294 -1.386294 -1.386294 -1.386294
 -1.386294 -1.386294 -1.386294 -1.386294
 -1.386294 -1.386294 -1.386294 -1.386294
 -1.386294 -1.386294 -1.386294 -1.386294
 -16.189486 -16.189486 -16.189486 -0.000000
 -1.386294 -1.386294 -1.386294 -1.386294
 -1.386294 -1.386294 -1.386294 -1.386294
 -1.386294 -1.386294 -1.386294 -1.386294
 -1.675840 -1.532408 -1.326656 -1.104215
 -1.295972 -0.946597 -14.513647 -1.083798
 -1.257083 -1.809150 -14.657080 -0.594708
 -1.017761 -1.418383 -14.862831 -0.925102
 -1.342331 -1.062747 -15.085272 -0.933289
 -14.969243 -14.969243 -14.969243 -0.000001
 -14.940441 -14.940441 -14.940441 -0.000001
 -1.386294 -1.386294 -1.386294 -1.386294
 -15.317364 -15.317364 -15.317364 -0.000001
 -1.386294 -1.386294 -1.386294 -1.386294
 -1.386294 -1.386294 -1.386294 -1.386294
 -1.386294 -1.386294 -1.386294 -1.386294
 -1.685840 -1.617853 -1.081992 -1.282052
 -1.103651 -1.709785 -1.555635 -1.285972
 -1.318241 -1.532650 -1.805943 -1.043805
 -0.984499 -1.802809 -1.466337 -1.466337
 -1.745849 -1.379605 -1.406634 -1.112126
 -1.207194 -1.807967 -1.297142 -1.333074
 -1.117218 -1.945909 -2.012600 -0.925551
 -1.060872 -1.741748 -1.412270 -1.447988
 -1.914361 -1.523495 -1.412270 -0.938983
 -1.254483 -2.035736 -1.278874 -1.184687
 -1.320448 -1.563394 -1.725912 -1.062619
 -1.078572 -1.795815 -1.502055 -1.304696
 -1.732670 -1.566878 -1.279196 -1.089954
 -1.026042 -2.020293 -1.504077 -1.249185
 -1.018168 -1.884976 -1.818285 -1.125139
 -1.189047 -1.799306 -1.489152 -1.189047
 -1.972897 -1.380395 -1.380395 -1.027256
