 -1.148623 0.000100 0.000100 0.000100
 -1.362197 0.000100 0.000100 0.000100
 -2.182094 0.000100 0.000100 0.000100
 -1.158285 0.000100 0.000100 0.000100
 -1.147884 -1.348554 -1.648657 -1.466337
 -0.847300 -1.945907 -3.332176 -0.934311
 -0.838334 -1.045972 -2.512283 -2.001471
 -1.302525 -1.233532 -1.801514 -1.302525
 -0.684338 -1.063827 -2.088327 -3.628746
 -0.693150 -1.074516 -1.921809 -4.406624
 -1.122145 -0.816765 -1.458614 -12.971550
 -1.791757 -0.529520 -1.727219 -2.708038
 -0.000002 -14.054530 -14.054530 -14.054530
 -0.000002 -14.144817 -14.144817 -14.144817
 -0.000006 -13.161592 -13.161592 -13.161592
 -0.000030 -11.512965 -11.512965 -11.512965
 -15.003355 -15.003355 -0.000001 -15.003355
 -1.386294 -1.386294 -1.386294 -1.386294
 -1.386294 -1.386294 -1.386294 -1.386294
 -1.386294 -1.386294 -1.386294 -1.386294
 -1.386294 -1.386294 -1.386294 -1.386294
 -1.386294 -1.386294 -1.386294 -1.386294
 -15.003355 -15.003355 -0.000001 -15.003355
 -1.386294 -1.386294 -1.386294 -1.386294
 -1.386294 -1.386294 -1.386294 -1.386294
 -1.386294 -1.386294 -1.386294 -1.386294
 -15.003355 -15.003355 -15.003355 -0.000001
 -1.386294 -1.386294 -1.386294 -1.386294
 -1.386294 -1.386294 -1.386294 -1.386294
 -1.386294 -1.386294 -1.386294 -1.386294
 -1.386294 -1.386294 -1.386294 -1.386294
 -15.003355 -15.003355 -15.003355 -0.000001
 -1.386294 -1.386294 -1.386294 -1.386294
 -1.386294 -1.386294 -1.386294 -1.386294
 -1.386294 -1.386294 -1.386294 -1.386294
 -1.249719 -1.544518 -2.797278 -0.823201
 -1.598855 -2.145395 -0.573005 -2.145395
 -1.683544 -2.302577 -1.113002 -0.952660
 -0.916298 -2.995652 -0.693157 -2.995652
 -2.404859 -1.834318 -0.842680 -1.141173
 -0.603000 -1.773064 -1.262243 -13.180640
 -0.518799 -1.339775 -1.945903 -12.948019
 -0.870079 -1.283641 -1.190550 -14.207556
 -1.609437 -0.859134 -0.976917 -13.652996
 -1.226788 -2.182295 -1.799305 -0.847299
 -1.483668 -1.866658 -3.188396 -0.549362
 -1.252764 -1.694594 -2.793195 -0.756328
 -1.386294 -1.386294 -1.386294 -1.386294
 -1.655422 -1.192800 -2.879183 -0.799759
 -1.232145 -2.079433 -3.871109 -0.575369
 -0.826684 -2.079429 -3.465648 -0.900791
 -1.933408 -0.974560 -2.766312 -0.879250
 -13.429854 -13.429854 -13.429854 -0.000004
 -13.785055 -13.785055 -13.785055 -0.000003
 -12.043577 -12.043577 -12.043577 -0.000018
 -14.193950 -14.193950 -14.193950 -0.000002
 -1.386294 -1.386294 -1.386294 -1.386294
 -1.386294 -1.386294 -1.386294 -1.386294
 -1.386294 -1.386294 -1.386294 -1.386294
 -2.079440 -1.177893 -2.657516 -0.699264
 -1.315677 -1.921806 -1.767657 -0.880363
 -1.619387 -2.130209 -2.417889 -0.520778
 -1.343735 -0.938276 -2.442314 -1.343735
 -2.002706 -1.567389 -1.797912 -0.711725
 -1.272799 0.000100 0.000100 0.000100
 -1.716485 0.000100 0.000100 0.000100
 -1.749491 0.000100 0.000100 0.000100
 -1.004045 0.000100 0.000100 0.000100
 -1.190180 -1.869720 -1.510347 -1.136834
 -1.011602 -1.945908 -2.146578 -0.976510
 -0.943504 -2.364884 -1.538210 -1.197284
 -1.760408 -1.706341 -1.295046 -0.987219
 -0.952198 -1.771224 -1.459445 -1.552971
 -0.860202 -1.823010 -1.689480 -1.466337
 -0.924260 -1.840548 -1.349927 -1.686398
 -1.742488 -1.489039 -1.337023 -1.088562
 -0.000001 -14.827113 -14.827113 -14.827113
 -0.000002 -14.279247 -14.279247 -14.279247
 -0.000002 -14.543061 -14.543061 -14.543061
 -0.000001 -14.585621 -14.585621 -14.585621
 -15.963778 -15.963778 -0.000000 -15.963778
 -1.386294 -1.386294 -1.386294 -1.386294
 -1.386294 -1.386294 -1.386294 -1.386294
 -1.386294 -1.386294 -1.386294 -1.386294
 -1.386294 -1.386294 -1.386294 -1.386294
 -1.386294 -1.386294 -1.386294 -1.386294
 -15.963778 -15.963778 -0.000000 -15.963778
 -1.386294 -1.386294 -1.386294 -1.386294
 -1.386294 -1.386294 -1.386294 -1.386294
 -1.386294 -1.386294 -1.386294 -1.386294
 -15.963778 -15.963778 -15.963778 -0.000000
 -1.386294 -1.386294 -1.386294 -1.386294
 -1.386294 -1.386294 -1.386294 -1.386294
 -1.386294 -1.386294 -1.386294 -1.386294
 -1.386294 -1.386294 -1.386294 -1.386294
 -15.963778 -15.963778 -15.963778 -0.000000
 -1.386294 -1.386294 -1.386294 -1.386294
 -1.386294 -1.386294 -1.386294 -1.386294
 -1.386294 -1.386294 -1.386294 -1.386294
 -1.549431 -1.611774 -1.629474 -0.936327
 -1.252763 -1.871801 -1.566420 -1.045124
 -1.030790 -1.504077 -2.369071 -1.116312
 -0.934310 -1.905087 -1.386294 -1.568615
 -1.689976 -1.435084 -1.597603 -0.980830
 -1.030450 -1.572774 -0.830837 -14.695139
 -0.587788 -1.357474 -1.675927 -14.352006
 -0.910213 -1.698668 -0.880360 -14.310209
 -1.334290 -1.361689 -0.733081 -14.848697
 -1.453953 -1.879620 -1.127051 -1.238842
 -1.200578 -2.142618 -1.812378 -0.871396
 -1.386294 -1.978797 -1.165507 -1.203973
 -1.386294 -1.386294 -1.386294 -1.386294
 -1.261937 -1.627871 -1.725509 -1.071584
 -1.345136 -1.601069 -2.294212 -0.827881
 -1.171450 -1.394593 -2.023200 -1.171450
 -1.692191 -1.529673 -2.040497 -0.756484
 -14.599414 -14.599414 -14.599414 -0.000001
 -14.441451 -14.441451 -14.441451 -0.000002
 -13.989468 -13.989468 -13.989468 -0.000003
 -15.015476 -15.015476 -15.015476 -0.000001
 -1.386294 -1.386294 -1.386294 -1.386294
 -1.386294 -1.386294 -1.386294 -1.386294
 -1.386294 -1.386294 -1.386294 -1.386294
 -1.659688 -1.690843 -1.346266 -1.007235
 -1.332550 -1.958254 -1.482832 -0.999406
 -1.092304 -1.661397 -1.730389 -1.212448
 -1.025146 -1.578530 -1.743609 -1.346729
 -1.703151 -1.556548 -1.455744 -0.984030
