 -1.332227 0.000100 0.000100 0.000100
 -1.483458 0.000100 0.000100 0.000100
 -1.637608 0.000100 0.000100 0.000100
 -1.155771 0.000100 0.000100 0.000100
 -1.403994 -1.740463 -1.740463 -0.907560
 -0.947384 -1.694593 -2.793183 -1.001451
 -1.098615 -1.029622 -1.791755 -1.945903
 -1.734599 -1.223776 -1.511457 -1.174986
 -0.858664 -1.244325 -1.512587 -2.691225
 -0.621692 -1.349927 -1.791756 -3.295794
 -0.664982 -1.252764 -1.945902 -2.862162
 -1.446919 -0.664163 -1.511457 -3.526316
 -0.000003 -13.687682 -13.687682 -13.687682
 -0.000004 -13.541079 -13.541079 -13.541079
 -0.000007 -12.948019 -12.948019 -12.948019
 -0.000030 -11.512965 -11.512965 -11.512965
 -14.585621 -14.585621 -0.000001 -14.585621
 -1.386294 -1.386294 -1.386294 -1.386294
 -1.386294 -1.386294 -1.386294 -1.386294
 -1.386294 -1.386294 -1.386294 -1.386294
 -1.386294 -1.386294 -1.386294 -1.386294
 -1.386294 -1.386294 -1.386294 -1.386294
 -14.585621 -14.585621 -0.000001 -14.585621
 -1.386294 -1.386294 -1.386294 -1.386294
 -1.386294 -1.386294 -1.386294 -1.386294
 -1.386294 -1.386294 -1.386294 -1.386294
 -14.585621 -14.585621 -14.585621 -0.000001
 -1.386294 -1.386294 -1.386294 -1.386294
 -1.386294 -1.386294 -1.386294 -1.386294
 -1.386294 -1.386294 -1.386294 -1.386294
 -1.386294 -1.386294 -1.386294 -1.386294
 -14.585621 -14.585621 -14.585621 -0.000001
 -1.386294 -1.386294 -1.386294 -1.386294
 -1.386294 -1.386294 -1.386294 -1.386294
 -1.386294 -1.386294 -1.386294 -1.386294
 -0.968560 -2.117180 -2.117180 -0.968560
 -13.617064 -13.617064 -0.000004 -13.617064
 -12.468452 -12.468452 -0.000012 -12.468452
 -12.468452 -12.468452 -0.000012 -12.468452
 -13.617064 -13.617064 -0.000004 -13.617064
 -1.386294 -1.386294 -1.386294 -1.386294
 -1.386294 -1.386294 -1.386294 -1.386294
 -14.585621 -14.585621 -14.585621 -0.000001
 -1.386294 -1.386294 -1.386294 -1.386294
 -1.386294 -1.386294 -1.386294 -1.386294
 -1.386294 -1.386294 -1.386294 -1.386294
 -1.386294 -1.386294 -1.386294 -1.386294
 -1.314836 -1.764360 -1.791759 -0.932628
 -0.693151 -1.352393 -1.421385 -13.270790
 -0.720551 -0.902872 -2.224609 -12.821269
 -0.364650 -1.386294 -2.890333 -12.793870
 -1.041455 -0.779092 -1.670061 -13.652996
 -1.014056 -2.060020 -2.322381 -0.887305
 -1.648657 -1.412270 -2.970395 -0.667832
 -1.504076 -1.637606 -3.583430 -0.587793
 -1.386294 -1.386294 -1.386294 -1.386294
 -1.003304 -1.791756 -2.148427 -1.049824
 -1.360977 -2.054114 -2.564926 -0.619045
 -1.609431 -1.321758 -11.918417 -0.628623
 -1.791758 -1.292769 -2.427741 -0.753774
 -1.243195 -1.312187 -1.871797 -1.243195
 -1.211092 -1.547561 -2.751510 -0.854419
 -0.865006 -2.944360 -1.845814 -0.998536
 -1.751752 -1.366092 -2.020015 -0.823769
 -1.313388 0.000100 0.000100 0.000100
 -2.140062 0.000100 0.000100 0.000100
 -1.601069 0.000100 0.000100 0.000100
 -0.887304 0.000100 0.000100 0.000100
 -1.067844 -1.856290 -1.386294 -1.386294
 -1.252766 -1.252766 -11.849426 -0.847310
 -0.980835 -1.791751 -1.386294 -1.568613
 -1.812374 -2.100052 -1.406914 -0.756330
 -0.900791 -1.519824 -1.856290 -1.519824
 -0.865006 -1.558141 -1.558141 -1.845814
 -1.312187 -1.648654 -1.178658 -1.466336
 -1.791755 -1.252764 -1.435084 -1.172722
 -0.000009 -12.765699 -12.765699 -12.765699
 -0.000011 -12.542559 -12.542559 -12.542559
 -0.000011 -12.506192 -12.506192 -12.506192
 -0.000010 -12.577650 -12.577650 -12.577650
 -13.989468 -13.989468 -0.000003 -13.989468
 -1.386294 -1.386294 -1.386294 -1.386294
 -1.386294 -1.386294 -1.386294 -1.386294
 -1.386294 -1.386294 -1.386294 -1.386294
 -1.386294 -1.386294 -1.386294 -1.386294
 -1.386294 -1.386294 -1.386294 -1.386294
 -13.989468 -13.989468 -0.000003 -13.989468
 -1.386294 -1.386294 -1.386294 -1.386294
 -1.386294 -1.386294 -1.386294 -1.386294
 -1.386294 -1.386294 -1.386294 -1.386294
 -13.989468 -13.989468 -13.989468 -0.000003
 -1.386294 -1.386294 -1.386294 -1.386294
 -1.386294 -1.386294 -1.386294 -1.386294
 -1.386294 -1.386294 -1.386294 -1.386294
 -1.386294 -1.386294 -1.386294 -1.386294
 -13.989468 -13.989468 -13.989468 -0.000003
 -1.386294 -1.386294 -1.386294 -1.386294
 -1.386294 -1.386294 -1.386294 -1.386294
 -1.386294 -1.386294 -1.386294 -1.386294
 -1.783390 -1.834683 -1.017924 -1.168206
 -12.206093 -12.206093 -0.000015 -12.206093
 -12.154800 -12.154800 -0.000016 -12.154800
 -12.971550 -12.971550 -0.000007 -12.971550
 -12.821269 -12.821269 -0.000008 -12.821269
 -1.386294 -1.386294 -1.386294 -1.386294
 -1.386294 -1.386294 -1.386294 -1.386294
 -13.989468 -13.989468 -13.989468 -0.000003
 -1.386294 -1.386294 -1.386294 -1.386294
 -1.386294 -1.386294 -1.386294 -1.386294
 -1.386294 -1.386294 -1.386294 -1.386294
 -1.386294 -1.386294 -1.386294 -1.386294
 -1.446919 -2.071070 -0.907924 -1.446919
 -0.934314 -1.029624 -1.386294 -12.542560
 -1.609431 -0.762152 -1.098619 -11.918417
 -0.735711 -1.386294 -1.306252 -13.081550
 -1.252765 -0.934314 -1.134983 -12.542560
 -0.762144 -2.197213 -1.408767 -1.727217
 -0.855670 -2.590244 -2.079432 -0.980833
 -0.961415 -1.734596 -1.734596 -1.329137
 -1.386294 -1.386294 -1.386294 -1.386294
 -1.159238 -2.140057 -1.159238 -1.366876
 -1.029628 -1.945889 -1.252766 -1.540440
 -0.606146 -1.992415 -1.299284 -3.090961
 -1.673972 -1.856290 -0.980833 -1.268513
 -1.178657 -1.871796 -1.098615 -1.584118
 -2.079417 -1.163156 -1.673968 -0.980838
 -1.335002 -2.028139 -1.440361 -0.998532
 -1.648654 -1.312187 -1.871793 -0.955517
