 -1.239137 0.000100 0.000100 0.000100
 -1.338666 0.000100 0.000100 0.000100
 -1.822721 0.000100 0.000100 0.000100
 -1.249719 0.000100 0.000100 0.000100
 -1.057371 -1.663504 -1.663504 -1.295781
 -0.957841 -1.969437 -2.844894 -0.870830
 -0.925772 -1.405342 -1.485384 -2.024375
 -1.498772 -1.324419 -1.547562 -1.211091
 -0.875470 -1.155771 -1.424035 -3.583489
 -0.555949 -1.223776 -2.273589 -3.526316
 -0.916293 -0.962813 -1.609436 -4.007240
 -1.578978 -0.768050 -1.355835 -2.628791
 -0.000002 -14.046625 -14.046625 -14.046625
 -0.000002 -13.997835 -13.997835 -13.997835
 -0.000004 -13.444452 -13.444452 -13.444452
 -0.000023 -11.775321 -11.775321 -11.775321
 -15.003355 -15.003355 -0.000001 -15.003355
 -1.386294 -1.386294 -1.386294 -1.386294
 -1.386294 -1.386294 -1.386294 -1.386294
 -1.386294 -1.386294 -1.386294 -1.386294
 -1.386294 -1.386294 -1.386294 -1.386294
 -1.386294 -1.386294 -1.386294 -1.386294
 -15.003355 -15.003355 -0.000001 -15.003355
 -1.386294 -1.386294 -1.386294 -1.386294
 -1.386294 -1.386294 -1.386294 -1.386294
 -1.386294 -1.386294 -1.386294 -1.386294
 -15.003355 -15.003355 -15.003355 -0.000001
 -1.386294 -1.386294 -1.386294 -1.386294
 -1.386294 -1.386294 -1.386294 -1.386294
 -1.386294 -1.386294 -1.386294 -1.386294
 -1.386294 -1.386294 -1.386294 -1.386294
 -0.000001 -15.003355 -15.003355 -15.003355
 -15.003355 -0.000001 -15.003355 -15.003355
 -1.386294 -1.386294 -1.386294 -1.386294
 -1.386294 -1.386294 -1.386294 -1.386294
 -1.386294 -1.386294 -1.386294 -1.386294
 -1.386294 -1.386294 -1.386294 -1.386294
 -0.940984 -2.182094 -1.841769 -1.083484
 -1.386294 -1.386294 -1.386294 -1.386294
 -1.386294 -1.386294 -1.386294 -1.386294
 -0.693149 -1.188469 -1.633154 -14.062374
 -0.352828 -2.001471 -1.819152 -12.821269
 -0.815753 -1.060874 -1.553347 -13.161592
 -0.684180 -1.342234 -1.451433 -13.919874
 -0.925207 -1.797693 -2.490837 -1.035555
 -1.291984 -2.112959 -1.945907 -0.773192
 -1.511457 -2.140059 -2.427737 -0.555949
 -1.386294 -1.386294 -1.386294 -1.386294
 -1.176322 -1.376992 -2.593379 -1.009268
 -1.016937 -2.240698 -3.850056 -0.672098
 -0.723925 -1.887062 -2.110200 -1.417066
 -1.285199 -1.547562 -2.240706 -0.905710
 -1.070442 -1.609437 -2.014900 -1.127601
 -1.314321 -2.595241 -3.511501 -0.467027
 -0.767262 -2.639022 -1.945899 -1.134983
 -1.450833 -1.241113 -2.287076 -0.980830
 -0.991193 -1.530188 -2.377479 -1.140725
 -1.609436 -2.094939 -2.564935 -0.510829
 -0.857455 -1.887062 -12.706861 -0.857455
 -1.799305 -1.363989 -1.945908 -0.829907
 -0.887305 -1.398129 -2.650880 -1.307157
 -1.329136 -1.821609 -2.427737 -0.723003
 -1.193925 -2.397874 -1.550595 -0.931563
 -1.588531 -1.218158 -2.011386 -1.004584
 -1.361803 0.000100 0.000100 0.000100
 -1.638790 0.000100 0.000100 0.000100
 -1.617736 0.000100 0.000100 0.000100
 -1.046287 0.000100 0.000100 0.000100
 -0.794933 -2.047687 -1.729236 -1.419084
 -0.854419 -2.240698 -1.452252 -1.452252
 -1.037990 -1.791755 -1.306252 -1.568614
 -1.398129 -2.140061 -0.976917 -1.351609
 -1.196252 -1.363305 -1.458615 -1.563975
 -1.036096 -1.824542 -1.236764 -1.642224
 -1.069200 -1.432104 -1.160171 -2.258774
 -1.980996 -1.495493 -1.757855 -0.764609
 -0.000004 -13.429854 -13.429854 -13.429854
 -0.000005 -13.235699 -13.235699 -13.235699
 -0.000005 -13.304691 -13.304691 -13.304691
 -0.000005 -13.270790 -13.270790 -13.270790
 -14.699280 -14.699280 -0.000001 -14.699280
 -1.386294 -1.386294 -1.386294 -1.386294
 -1.386294 -1.386294 -1.386294 -1.386294
 -1.386294 -1.386294 -1.386294 -1.386294
 -1.386294 -1.386294 -1.386294 -1.386294
 -1.386294 -1.386294 -1.386294 -1.386294
 -14.699280 -14.699280 -0.000001 -14.699280
 -1.386294 -1.386294 -1.386294 -1.386294
 -1.386294 -1.386294 -1.386294 -1.386294
 -1.386294 -1.386294 -1.386294 -1.386294
 -14.699280 -14.699280 -14.699280 -0.000001
 -1.386294 -1.386294 -1.386294 -1.386294
 -1.386294 -1.386294 -1.386294 -1.386294
 -1.386294 -1.386294 -1.386294 -1.386294
 -1.386294 -1.386294 -1.386294 -1.386294
 -0.000001 -14.699280 -14.699280 -14.699280
 -14.699280 -0.000001 -14.699280 -14.699280
 -1.386294 -1.386294 -1.386294 -1.386294
 -1.386294 -1.386294 -1.386294 -1.386294
 -1.386294 -1.386294 -1.386294 -1.386294
 -1.386294 -1.386294 -1.386294 -1.386294
 -1.000302 -1.825375 -1.557112 -1.345803
 -1.386294 -1.386294 -1.386294 -1.386294
 -1.386294 -1.386294 -1.386294 -1.386294
 -0.617438 -1.716046 -1.269761 -13.698981
 -0.719128 -1.466336 -1.265667 -12.873912
 -0.840786 -1.629238 -0.987389 -13.142174
 -1.052094 -1.658226 -0.775842 -13.353481
 -1.045970 -1.765090 -1.451433 -1.413693
 -1.142099 -1.652920 -1.652920 -1.211092
 -1.295323 -1.540444 -1.435084 -1.295323
 -1.386294 -1.386294 -1.386294 -1.386294
 -1.208312 -2.041215 -1.124931 -1.399366
 -1.056055 -1.749196 -1.430746 -1.430746
 -1.062896 -2.621021 -1.062896 -1.442383
 -1.593932 -1.760985 -1.023391 -1.325670
 -0.895386 -2.183231 -1.266948 -1.623621
 -1.299284 -1.887062 -2.803323 -0.663301
 -0.860203 -2.054119 -1.648657 -1.360977
 -1.696447 -1.791756 -1.321756 -0.958853
 -1.187844 -1.767660 -1.187844 -1.516347
 -1.417066 -1.704744 -1.887062 -0.857455
 -1.197704 -2.178523 -1.197704 -1.262243
 -2.694613 -1.213024 -1.531476 -0.870080
 -1.349927 -1.791756 -0.944464 -1.686396
 -1.306252 -1.673974 -1.232145 -1.386294
 -0.831300 -2.047687 -1.642226 -1.419084
 -2.054119 -1.584119 -0.989415 -1.221215
