 -1.216692 0.000100 0.000100 0.000100
 -1.491128 0.000100 0.000100 0.000100
 -2.056020 0.000100 0.000100 0.000100
 -1.047793 0.000100 0.000100 0.000100
 -1.114742 -1.362578 -1.995098 -1.272966
 -1.375823 -1.418383 -3.455235 -0.747216
 -1.155772 -0.993254 -1.909537 -1.791756
 -2.512300 -1.259543 -1.861716 -0.734534
 -1.077560 -0.905710 -1.407800 -4.543199
 -0.651302 -1.124589 -2.197220 -3.152719
 -0.936096 -0.753775 -1.985909 -13.142174
 -1.246533 -0.680726 -1.742968 -3.465719
 -0.000002 -14.279247 -14.279247 -14.279247
 -0.000002 -14.408840 -14.408840 -14.408840
 -0.000004 -13.473026 -13.473026 -13.473026
 -0.000027 -11.608273 -11.608273 -11.608273
 -15.255346 -15.255346 -0.000001 -15.255346
 -1.386294 -1.386294 -1.386294 -1.386294
 -1.386294 -1.386294 -1.386294 -1.386294
 -1.386294 -1.386294 -1.386294 -1.386294
 -1.386294 -1.386294 -1.386294 -1.386294
 -1.386294 -1.386294 -1.386294 -1.386294
 -15.255346 -15.255346 -0.000001 -15.255346
 -1.386294 -1.386294 -1.386294 -1.386294
 -1.386294 -1.386294 -1.386294 -1.386294
 -1.386294 -1.386294 -1.386294 -1.386294
 -15.255346 -15.255346 -15.255346 -0.000001
 -1.386294 -1.386294 -1.386294 -1.386294
 -1.386294 -1.386294 -1.386294 -1.386294
 -1.386294 -1.386294 -1.386294 -1.386294
 -1.386294 -1.386294 -1.386294 -1.386294
 -15.255346 -0.000001 -15.255346 -15.255346
 -1.386294 -1.386294 -1.386294 -1.386294
 -0.951255 -1.901870 -3.211787 -0.857620
 -1.386294 -1.386294 -1.386294 -1.386294
 -1.386294 -1.386294 -1.386294 -1.386294
 -1.915695 -2.321158 -0.468779 -2.049226
 -1.435084 -2.063687 -1.098614 -1.198697
 -1.734591 -1.223779 -1.041461 -1.734591
 -2.297011 -1.275363 -0.856653 -1.632037
 -0.958853 -1.791756 -2.148427 -1.098614
 -1.661396 -1.971549 -3.676256 -0.437625
 -1.472862 -1.889022 -2.838097 -0.578079
 -2.410789 -1.648657 -2.054119 -0.528070
 -1.225952 -1.526056 -2.036878 -1.025282
 -1.496642 -1.806794 -3.511501 -0.541134
 -1.354546 -1.236764 -2.740803 -0.949085
 -1.514912 -1.369200 -2.150898 -0.892861
 -1.149385 -1.524078 -2.823348 -0.901550
 -1.504077 -1.822529 -3.496478 -0.534679
 -0.927990 -1.458614 -3.761109 -1.053152
 -1.690877 -1.473814 -2.414793 -0.698751
 -1.210404 -1.599868 -2.447159 -0.883192
 -1.444114 -1.849576 -3.389995 -0.556813
 -0.860208 -1.648654 -2.159466 -1.312187
 -2.368764 -1.108514 -2.828293 -0.659247
 -1.516347 -1.462280 -2.209488 -0.823202
 -1.117482 -2.033768 -2.726908 -0.741005
 -0.810937 -1.909532 -2.602654 -1.098616
 -2.192379 -1.184742 -2.437501 -0.702904
 -1.219241 -1.432814 -2.174746 -1.043351
 -1.714797 -2.040217 -3.506528 -0.415518
 -1.386294 -1.637606 -2.890333 -0.693153
 -1.761906 -1.083575 -2.292532 -0.944462
 -1.276661 0.000100 0.000100 0.000100
 -1.663120 0.000100 0.000100 0.000100
 -1.611329 0.000100 0.000100 0.000100
 -1.103030 0.000100 0.000100 0.000100
 -1.265256 -1.803110 -1.159096 -1.430131
 -1.229774 -1.878468 -1.612765 -1.034282
 -1.095463 -1.846878 -1.281565 -1.468442
 -1.632471 -1.603761 -1.131402 -1.269988
 -0.903342 -1.650556 -1.344525 -1.950660
 -0.871840 -1.665527 -1.704748 -1.556328
 -0.909748 -1.602895 -1.272653 -2.154390
 -1.666325 -1.197847 -1.508696 -1.244731
 -0.000001 -15.523890 -15.523890 -15.523890
 -0.000001 -15.085272 -15.085272 -15.085272
 -0.000001 -15.160984 -15.160984 -15.160984
 -0.000001 -14.900702 -14.900702 -14.900702
 -16.580572 -16.580572 -0.000000 -16.580572
 -1.386294 -1.386294 -1.386294 -1.386294
 -1.386294 -1.386294 -1.386294 -1.386294
 -1.386294 -1.386294 -1.386294 -1.386294
 -1.386294 -1.386294 -1.386294 -1.386294
 -1.386294 -1.386294 -1.386294 -1.386294
 -16.580572 -16.580572 -0.000000 -16.580572
 -1.386294 -1.386294 -1.386294 -1.386294
 -1.386294 -1.386294 -1.386294 -1.386294
 -1.386294 -1.386294 -1.386294 -1.386294
 -16.580572 -16.580572 -16.580572 -0.000000
 -1.386294 -1.386294 -1.386294 -1.386294
 -1.386294 -1.386294 -1.386294 -1.386294
 -1.386294 -1.386294 -1.386294 -1.386294
 -1.386294 -1.386294 -1.386294 -1.386294
 -16.580572 -0.000000 -16.580572 -16.580572
 -1.386294 -1.386294 -1.386294 -1.386294
 -1.173787 -1.710748 -1.798077 -1.065782
 -1.386294 -1.386294 -1.386294 -1.386294
 -1.386294 -1.386294 -1.386294 -1.386294
 -1.054781 -1.632096 -1.742096 -1.269191
 -1.024754 -1.727656 -2.021895 -1.105606
 -1.117807 -2.138165 -1.765491 -0.957034
 -1.603968 -1.314016 -1.909999 -0.962115
 -1.128852 -1.890052 -1.254893 -1.425345
 -1.219477 -1.672951 -1.706287 -1.092478
 -0.877071 -1.650259 -1.570217 -1.692819
 -1.552177 -1.560911 -1.228205 -1.253684
 -1.183485 -1.776881 -1.310047 -1.367206
 -1.366092 -1.833431 -1.406914 -1.078410
 -1.126218 -1.842531 -1.479626 -1.239241
 -1.690663 -1.628531 -1.120119 -1.227091
 -1.073178 -1.700075 -1.502907 -1.374653
 -1.178655 -1.697448 -1.945909 -1.004302
 -1.035243 -1.768663 -1.505246 -1.376992
 -1.761778 -1.439879 -1.439879 -1.037477
 -1.305084 -1.600798 -1.206145 -1.479438
 -1.236763 -1.625698 -1.824549 -1.045225
 -1.043923 -1.603538 -1.664162 -1.357138
 -1.628406 -1.281352 -1.409527 -1.266426
 -1.161284 -1.796443 -1.314191 -1.376992
 -1.266948 -1.568053 -1.477669 -1.266948
 -1.090515 -1.921812 -1.399937 -1.305627
 -1.760154 -1.472472 -1.472472 -0.996238
 -1.210925 -1.766672 -1.426347 -1.234456
 -1.257792 -1.768617 -1.606099 -1.065715
 -1.162634 -1.695744 -1.527608 -1.248895
 -1.960947 -1.330321 -1.459255 -1.014805
