 -1.073079 0.000100 0.000100 0.000100
 -1.548137 0.000100 0.000100 0.000100
 -2.114532 0.000100 0.000100 0.000100
 -1.124815 0.000100 0.000100 0.000100
 -0.994935 -1.601069 -1.945908 -1.252763
 -1.008230 -1.359626 -4.303970 -1.008230
 -0.793235 -1.252764 -1.435084 -3.737579
 -2.019335 -0.943199 -2.019335 -1.063827
 -0.722137 -0.916292 -2.351369 -3.960767
 -0.703302 -1.039773 -2.110209 -3.496478
 -0.927990 -0.816765 -1.969433 -3.761109
 -1.619387 -0.520778 -1.670680 -3.921927
 -0.000002 -14.130324 -14.130324 -14.130324
 -0.000002 -14.260199 -14.260199 -14.260199
 -0.000006 -13.060496 -13.060496 -13.060496
 -0.000038 -11.289832 -11.289832 -11.289832
 -15.062544 -15.062544 -0.000001 -15.062544
 -1.386294 -1.386294 -1.386294 -1.386294
 -1.386294 -1.386294 -1.386294 -1.386294
 -1.386294 -1.386294 -1.386294 -1.386294
 -1.386294 -1.386294 -1.386294 -1.386294
 -1.386294 -1.386294 -1.386294 -1.386294
 -15.062544 -15.062544 -0.000001 -15.062544
 -1.386294 -1.386294 -1.386294 -1.386294
 -1.386294 -1.386294 -1.386294 -1.386294
 -1.386294 -1.386294 -1.386294 -1.386294
 -15.062544 -15.062544 -15.062544 -0.000001
 -1.386294 -1.386294 -1.386294 -1.386294
 -1.386294 -1.386294 -1.386294 -1.386294
 -1.386294 -1.386294 -1.386294 -1.386294
 -1.386294 -1.386294 -1.386294 -1.386294
 -15.062544 -15.062544 -15.062544 -0.000001
 -1.386294 -1.386294 -1.386294 -1.386294
 -1.386294 -1.386294 -1.386294 -1.386294
 -1.386294 -1.386294 -1.386294 -1.386294
 -1.257083 -1.618096 -2.761157 -0.789608
 -1.504077 -2.515670 -0.587789 -1.956059
 -1.289668 -1.669155 -1.526055 -1.143065
 -1.145136 -2.397863 -0.893825 -1.704741
 -1.971551 -1.695298 -0.857903 -1.373716
 -0.847300 -1.304057 -1.203974 -13.458841
 -0.454741 -1.386294 -2.159475 -13.161592
 -0.735113 -1.154966 -1.582409 -14.193950
 -0.980831 -0.916293 -1.491654 -13.592372
 -0.966617 -1.726453 -2.695848 -0.982877
 -1.522426 -1.704747 -2.908708 -0.606138
 -1.059393 -1.321756 -3.624296 -1.021653
 -1.386294 -1.386294 -1.386294 -1.386294
 -1.351203 -1.828125 -2.320598 -0.729517
 -1.015232 -1.461517 -3.540915 -0.976012
 -0.641865 -1.558141 -1.845814 -2.251263
 -1.596014 -1.861716 -2.289158 -0.615187
 -0.592053 -1.211091 -1.904235 -13.753639
 -0.614370 -0.932822 -2.724561 -13.321220
 -0.438263 -1.236764 -2.740803 -12.644341
 -1.303407 -0.523250 -1.996552 -14.297939
 -1.132746 -1.507438 -2.059505 -1.112127
 -1.445328 -2.283653 -3.110324 -0.481536
 -1.252764 -1.435084 -2.639034 -0.904460
 -1.386294 -1.386294 -1.386294 -1.386294
 -1.439216 -1.316615 -2.495261 -0.885833
 -1.187167 -1.592629 -2.468086 -0.899486
 -0.969405 -1.757852 -2.674112 -0.969405
 -1.797912 -1.380178 -1.659762 -0.934868
 -1.259822 0.000100 0.000100 0.000100
 -1.645849 0.000100 0.000100 0.000100
 -1.651947 0.000100 0.000100 0.000100
 -1.103313 0.000100 0.000100 0.000100
 -1.254831 -1.878019 -1.353771 -1.191652
 -1.051126 -1.924856 -1.864231 -1.051126
 -1.062573 -1.898139 -1.347309 -1.407933
 -1.795299 -1.611206 -1.282348 -1.030327
 -1.147620 -1.761778 -1.049822 -1.827161
 -0.904043 -1.842311 -1.490091 -1.554629
 -0.954077 -1.731416 -1.108228 -2.228818
 -1.821612 -1.230045 -1.357307 -1.242704
 -0.000001 -15.444752 -15.444752 -15.444752
 -0.000001 -15.088078 -15.088078 -15.088078
 -0.000001 -15.430931 -15.430931 -15.430931
 -0.000001 -15.027452 -15.027452 -15.027452
 -16.652246 -16.652246 -0.000000 -16.652246
 -1.386294 -1.386294 -1.386294 -1.386294
 -1.386294 -1.386294 -1.386294 -1.386294
 -1.386294 -1.386294 -1.386294 -1.386294
 -1.386294 -1.386294 -1.386294 -1.386294
 -1.386294 -1.386294 -1.386294 -1.386294
 -16.652246 -16.652246 -0.000000 -16.652246
 -1.386294 -1.386294 -1.386294 -1.386294
 -1.386294 -1.386294 -1.386294 -1.386294
 -1.386294 -1.386294 -1.386294 -1.386294
 -16.652246 -16.652246 -16.652246 -0.000000
 -1.386294 -1.386294 -1.386294 -1.386294
 -1.386294 -1.386294 -1.386294 -1.386294
 -1.386294 -1.386294 -1.386294 -1.386294
 -1.386294 -1.386294 -1.386294 -1.386294
 -16.652246 -16.652246 -16.652246 -0.000000
 -1.386294 -1.386294 -1.386294 -1.386294
 -1.386294 -1.386294 -1.386294 -1.386294
 -1.386294 -1.386294 -1.386294 -1.386294
 -1.583974 -1.531110 -1.569789 -0.993017
 -1.175802 -1.475906 -2.007785 -1.113001
 -1.012957 -1.691288 -2.060648 -1.123305
 -1.035836 -1.883133 -1.429466 -1.372308
 -1.551049 -1.612607 -1.521636 -0.993568
 -0.871493 -1.583871 -0.976853 -15.428941
 -0.556572 -1.558907 -1.530333 -15.003355
 -0.741623 -1.554209 -1.163782 -14.969243
 -1.282724 -1.384507 -0.750201 -15.536490
 -1.320336 -1.847248 -1.167707 -1.331032
 -1.352569 -1.633471 -1.518695 -1.117255
 -1.073254 -1.870198 -1.378301 -1.378301
 -1.386294 -1.386294 -1.386294 -1.386294
 -1.053551 -1.964110 -1.376324 -1.352794
 -1.138545 -1.687110 -1.706529 -1.161018
 -0.914115 -1.722331 -1.640414 -1.484659
 -1.802523 -1.613730 -1.410131 -0.936843
 -0.878903 -1.638425 -0.940389 -15.473740
 -0.759259 -1.337023 -1.311705 -14.904074
 -0.693148 -1.720663 -1.136150 -15.150513
 -1.185624 -1.147403 -0.975552 -15.432918
 -1.195922 -1.816309 -1.343022 -1.295013
 -0.961411 -1.884132 -1.720807 -1.249093
 -1.088612 -1.949265 -1.323013 -1.368037
 -1.386294 -1.386294 -1.386294 -1.386294
 -1.081190 -1.811280 -1.423900 -1.360274
 -1.260455 -1.557187 -1.850947 -1.053661
 -0.829782 -1.885143 -1.684473 -1.484984
 -1.751371 -1.579521 -1.321214 -1.039648
