 -1.327296 0.000100 0.000100 0.000100
 -1.587579 0.000100 0.000100 0.000100
 -1.732760 0.000100 0.000100 0.000100
 -1.039615 0.000100 0.000100 0.000100
 -1.673974 -1.306252 -1.306252 -1.306252
 -0.777709 -1.531475 -2.224609 -1.531475
 -1.067844 -1.519824 -1.519824 -1.519824
 -1.593932 -1.386294 -1.593932 -1.067842
 -1.078812 -1.078812 -1.427116 -2.525712
 -0.606141 -1.481604 -2.174741 -2.174741
 -0.838334 -0.777709 -2.512283 -3.610829
 -1.966107 -0.478041 -1.514127 -3.911931
 -0.000005 -13.369229 -13.369229 -13.369229
 -0.000004 -13.527834 -13.527834 -13.527834
 -0.000010 -12.644341 -12.644341 -12.644341
 -0.000027 -11.608273 -11.608273 -11.608273
 -14.408839 -14.408839 -0.000002 -14.408839
 -1.386294 -1.386294 -1.386294 -1.386294
 -1.386294 -1.386294 -1.386294 -1.386294
 -1.386294 -1.386294 -1.386294 -1.386294
 -1.386294 -1.386294 -1.386294 -1.386294
 -1.386294 -1.386294 -1.386294 -1.386294
 -14.408839 -14.408839 -0.000002 -14.408839
 -1.386294 -1.386294 -1.386294 -1.386294
 -1.386294 -1.386294 -1.386294 -1.386294
 -1.386294 -1.386294 -1.386294 -1.386294
 -14.408839 -14.408839 -14.408839 -0.000002
 -1.386294 -1.386294 -1.386294 -1.386294
 -1.386294 -1.386294 -1.386294 -1.386294
 -1.386294 -1.386294 -1.386294 -1.386294
 -1.386294 -1.386294 -1.386294 -1.386294
 -14.408839 -14.408839 -0.000002 -14.408839
 -1.386294 -1.386294 -1.386294 -1.386294
 -1.386294 -1.386294 -1.386294 -1.386294
 -0.000002 -14.408840 -14.408840 -14.408840
 -1.386294 -1.386294 -1.386294 -1.386294
 -1.414307 -2.063001 -1.247254 -1.071363
 -1.386294 -1.386294 -1.386294 -1.386294
 -1.386294 -1.386294 -1.386294 -1.386294
 -1.386294 -1.386294 -1.386294 -1.386294
 -12.994539 -12.994539 -12.994539 -0.000007
 -12.345852 -12.345852 -12.345852 -0.000013
 -13.161592 -13.161592 -13.161592 -0.000006
 -13.337481 -13.337481 -13.337481 -0.000005
 -1.386294 -1.386294 -1.386294 -1.386294
 -1.386294 -1.386294 -1.386294 -1.386294
 -1.386294 -1.386294 -1.386294 -1.386294
 -1.587579 -1.672136 -1.701989 -0.854693
 -0.838334 -2.512283 -2.224609 -0.971864
 -0.887308 -1.446918 -2.833175 -1.223777
 -0.723925 -1.417066 -2.803322 -1.550595
 -1.778854 -1.571216 -2.041215 -0.706222
 -1.304949 -1.679640 -2.285768 -0.819444
 -1.475905 -1.763583 -12.765700 -0.510832
 -2.197197 -1.504075 -2.197197 -0.587799
 -1.669155 -1.238375 -1.931517 -0.976012
 -1.178657 -1.584118 -2.564926 -0.890977
 -1.228667 -2.104124 -2.327262 -0.717845
 -0.810940 -2.890294 -1.791748 -1.098618
 -1.710788 -1.423108 -2.020941 -0.807925
 -1.452252 -1.770702 -1.652920 -0.905712
 -1.446918 -2.140053 -2.427727 -0.581928
 -1.252765 -1.435084 -2.351344 -0.965087
 -2.172217 -1.536234 -1.730388 -0.705889
 -1.282091 0.000100 0.000100 0.000100
 -1.542373 0.000100 0.000100 0.000100
 -1.785995 0.000100 0.000100 0.000100
 -1.075755 0.000100 0.000100 0.000100
 -1.306252 -2.079433 -0.826682 -1.791755
 -1.045972 -2.224609 -1.665004 -1.045972
 -0.728245 -1.575534 -1.757852 -1.980990
 -1.592629 -1.998090 -1.133100 -1.081807
 -0.860204 -1.466336 -1.553347 -2.005327
 -0.693156 -1.386294 -1.791751 -2.484873
 -0.773193 -1.754016 -1.466336 -2.005327
 -1.727217 -1.034076 -2.014895 -1.098614
 -0.000005 -13.400002 -13.400002 -13.400002
 -0.000007 -12.971550 -12.971550 -12.971550
 -0.000009 -12.706860 -12.706860 -12.706860
 -0.000010 -12.644341 -12.644341 -12.644341
 -14.363634 -14.363634 -0.000002 -14.363634
 -1.386294 -1.386294 -1.386294 -1.386294
 -1.386294 -1.386294 -1.386294 -1.386294
 -1.386294 -1.386294 -1.386294 -1.386294
 -1.386294 -1.386294 -1.386294 -1.386294
 -1.386294 -1.386294 -1.386294 -1.386294
 -14.363634 -14.363634 -0.000002 -14.363634
 -1.386294 -1.386294 -1.386294 -1.386294
 -1.386294 -1.386294 -1.386294 -1.386294
 -1.386294 -1.386294 -1.386294 -1.386294
 -14.363634 -14.363634 -14.363634 -0.000002
 -1.386294 -1.386294 -1.386294 -1.386294
 -1.386294 -1.386294 -1.386294 -1.386294
 -1.386294 -1.386294 -1.386294 -1.386294
 -1.386294 -1.386294 -1.386294 -1.386294
 -14.363634 -14.363634 -0.000002 -14.363634
 -1.386294 -1.386294 -1.386294 -1.386294
 -1.386294 -1.386294 -1.386294 -1.386294
 -0.000002 -14.363634 -14.363634 -14.363634
 -1.386294 -1.386294 -1.386294 -1.386294
 -1.026158 -1.626930 -2.208850 -1.092849
 -1.386294 -1.386294 -1.386294 -1.386294
 -1.386294 -1.386294 -1.386294 -1.386294
 -1.386294 -1.386294 -1.386294 -1.386294
 -13.337481 -13.337481 -13.337481 -0.000005
 -12.736712 -12.736712 -12.736712 -0.000009
 -12.154800 -12.154800 -12.154800 -0.000016
 -13.270790 -13.270790 -13.270790 -0.000005
 -1.386294 -1.386294 -1.386294 -1.386294
 -1.386294 -1.386294 -1.386294 -1.386294
 -1.386294 -1.386294 -1.386294 -1.386294
 -1.569772 -1.785995 -1.164308 -1.164308
 -1.280935 -1.386294 -1.791754 -1.185626
 -1.575534 -1.980990 -1.980990 -0.659253
 -1.155772 -1.504076 -1.424034 -1.504076
 -2.043067 -1.424034 -1.504076 -0.897945
 -1.290985 -1.609435 -1.290985 -1.386294
 -0.929540 -2.538951 -1.558143 -1.152682
 -1.252764 -2.862162 -0.990402 -1.252764
 -1.455287 -2.014897 -1.203974 -1.098614
 -1.139436 -2.525712 -0.820984 -1.832577
 -1.098617 -2.351344 -2.351344 -0.741946
 -0.693151 -2.525712 -1.347074 -1.832577
 -2.159475 -1.243195 -2.005327 -0.773193
 -1.216396 -1.686396 -1.424034 -1.280935
 -1.139438 -1.272967 -2.120246 -1.272967
 -0.950979 -1.386294 -2.685553 -1.219242
 -1.609436 -1.609436 -1.832577 -0.820984
