 -1.228666 0.000100 0.000100 0.000100
 -1.609437 0.000100 0.000100 0.000100
 -1.955713 0.000100 0.000100 0.000100
 -1.005522 0.000100 0.000100 0.000100
 -0.916293 -1.791756 -2.148427 -1.149907
 -0.823204 -2.327262 -1.921806 -1.148625
 -1.064715 -1.575534 -1.980990 -1.170074
 -1.544899 -1.181995 -1.919589 -1.098614
 -0.723003 -1.223776 -1.654557 -3.526316
 -0.465369 -1.276294 -2.374890 -12.971550
 -1.029624 -1.029624 -1.252765 -12.542560
 -1.550596 -0.723922 -1.245217 -4.189561
 -0.000004 -13.641162 -13.641162 -13.641162
 -0.000004 -13.514411 -13.514411 -13.514411
 -0.000007 -12.994539 -12.994539 -12.994539
 -0.000100 -10.309086 -10.309086 -10.309086
 -14.533352 -14.533352 -0.000001 -14.533352
 -1.386294 -1.386294 -1.386294 -1.386294
 -1.386294 -1.386294 -1.386294 -1.386294
 -1.386294 -1.386294 -1.386294 -1.386294
 -1.386294 -1.386294 -1.386294 -1.386294
 -1.386294 -1.386294 -1.386294 -1.386294
 -14.533352 -14.533352 -0.000001 -14.533352
 -1.386294 -1.386294 -1.386294 -1.386294
 -1.386294 -1.386294 -1.386294 -1.386294
 -1.386294 -1.386294 -1.386294 -1.386294
 -14.533352 -14.533352 -14.533352 -0.000001
 -1.386294 -1.386294 -1.386294 -1.386294
 -1.386294 -1.386294 -1.386294 -1.386294
 -1.386294 -1.386294 -1.386294 -1.386294
 -1.386294 -1.386294 -1.386294 -1.386294
 -14.533352 -14.533352 -0.000001 -14.533352
 -1.386294 -1.386294 -1.386294 -1.386294
 -1.386294 -1.386294 -1.386294 -1.386294
 -14.533352 -0.979205 -1.826501 -0.769134
 -1.386294 -1.386294 -1.386294 -1.386294
 -1.386294 -1.386294 -1.386294 -1.386294
 -1.124931 -1.945906 -1.399366 -1.252764
 -1.887062 -3.496420 -0.663301 -1.193925
 -3.455235 -3.167562 -0.277214 -1.781286
 -1.417066 -2.397874 -1.704744 -0.723925
 -2.079417 -1.673968 -2.772514 -0.470019
 -1.848916 -2.284230 -2.197220 -0.462626
 -1.925285 -2.261751 -1.473305 -0.652330
 -1.223777 -1.446918 -2.833175 -0.887308
 -1.992415 -1.481603 -3.090961 -0.526104
 -1.321757 -1.609435 -3.401111 -0.693154
 -1.313388 -2.581891 -1.601069 -0.790141
 -1.331235 -1.773064 -2.360842 -0.751420
 -1.722761 -1.252765 -12.542560 -0.624162
 -1.540443 -1.540443 -3.332119 -0.624162
 -1.619908 -1.999395 -2.079437 -0.613107
 -1.704745 -1.145134 -3.091002 -0.788462
 -1.280935 -2.197211 -2.890333 -0.587793
 -1.280936 -0.944470 -2.890294 -1.280936
 -2.274928 -1.207094 -1.964776 -0.781010
 -0.887308 -1.580448 -2.140053 -1.329137
 -1.152681 -1.740463 -2.656739 -0.824178
 -1.386294 -1.897107 -2.995652 -0.597848
 -1.652922 -1.142098 -2.597374 -0.879735
 -1.116963 -1.522425 -2.908695 -0.916293
 -1.347074 -1.966107 -2.120255 -0.733973
 -2.079417 -2.079417 -1.386294 -0.693160
 -2.032917 -1.540444 -1.791757 -0.717247
 -1.334880 0.000100 0.000100 0.000100
 -1.664921 0.000100 0.000100 0.000100
 -1.652182 0.000100 0.000100 0.000100
 -1.032899 0.000100 0.000100 0.000100
 -1.269024 -1.962170 -1.004141 -1.551256
 -1.079564 -2.054122 -1.386294 -1.265666
 -1.010810 -1.927100 -1.233954 -1.612607
 -1.554743 -1.909116 -0.981398 -1.325169
 -0.848012 -1.941636 -1.427830 -1.668992
 -0.989414 -1.523495 -1.563501 -1.605173
 -1.029984 -1.702928 -1.137615 -1.964292
 -1.928518 -0.978326 -1.698502 -1.218277
 -0.000001 -15.503760 -15.503760 -15.503760
 -0.000001 -15.118424 -15.118424 -15.118424
 -0.000001 -15.226499 -15.226499 -15.226499
 -0.000001 -15.009434 -15.009434 -15.009434
 -16.618265 -16.618265 -0.000000 -16.618265
 -1.386294 -1.386294 -1.386294 -1.386294
 -1.386294 -1.386294 -1.386294 -1.386294
 -1.386294 -1.386294 -1.386294 -1.386294
 -1.386294 -1.386294 -1.386294 -1.386294
 -1.386294 -1.386294 -1.386294 -1.386294
 -16.618265 -16.618265 -0.000000 -16.618265
 -1.386294 -1.386294 -1.386294 -1.386294
 -1.386294 -1.386294 -1.386294 -1.386294
 -1.386294 -1.386294 -1.386294 -1.386294
 -16.618265 -16.618265 -16.618265 -0.000000
 -1.386294 -1.386294 -1.386294 -1.386294
 -1.386294 -1.386294 -1.386294 -1.386294
 -1.386294 -1.386294 -1.386294 -1.386294
 -1.386294 -1.386294 -1.386294 -1.386294
 -16.618265 -16.618265 -0.000000 -16.618265
 -1.386294 -1.386294 -1.386294 -1.386294
 -1.386294 -1.386294 -1.386294 -1.386294
 -16.618265 -1.633373 -0.813511 -1.017684
 -1.386294 -1.386294 -1.386294 -1.386294
 -1.386294 -1.386294 -1.386294 -1.386294
 -1.003867 -1.842725 -2.373352 -0.962368
 -0.974013 -1.989243 -2.040536 -1.033732
 -1.662853 -2.020792 -1.530428 -0.773470
 -1.185086 -1.938051 -1.185086 -1.408229
 -1.134015 -1.827160 -1.827160 -1.031361
 -0.962624 -2.010972 -1.378451 -1.459797
 -1.788724 -1.761817 -1.025373 -1.195900
 -1.060363 -1.918758 -1.233455 -1.534347
 -1.038217 -1.764886 -1.787875 -1.179628
 -1.062680 -1.791759 -1.235634 -1.623767
 -1.524764 -1.430354 -1.430354 -1.191125
 -1.116312 -1.718487 -1.605547 -1.229641
 -1.252763 -1.646667 -1.755866 -1.053150
 -0.962137 -1.719000 -1.745668 -1.331235
 -1.784486 -1.475298 -1.374202 -1.048780
 -1.221304 -1.979456 -1.121554 -1.421975
 -1.163151 -1.836495 -1.519826 -1.173201
 -1.054553 -1.916321 -1.413693 -1.342234
 -1.621249 -1.892564 -0.903651 -1.400088
 -1.218572 -1.736777 -1.240878 -1.430746
 -1.042821 -1.690505 -1.808288 -1.206709
 -1.134119 -1.864080 -1.228827 -1.466983
 -1.630640 -1.784790 -1.257436 -1.044177
 -1.229725 -1.866519 -1.236998 -1.336697
 -1.310133 -1.756419 -1.756419 -0.954793
 -1.063367 -1.880811 -1.611682 -1.195044
 -1.798404 -1.562015 -1.551544 -0.884784
