 -1.232144 0.000100 0.000100 0.000100
 -1.525131 0.000100 0.000100 0.000100
 -1.878770 0.000100 0.000100 0.000100
 -1.084819 0.000100 0.000100 0.000100
 -0.709151 -2.351365 -1.945905 -1.309922
 -0.959779 -1.652920 -2.240698 -1.142099
 -0.857455 -1.550595 -1.887062 -1.550595
 -1.346021 -1.582408 -1.582408 -1.112407
 -0.910214 -0.910214 -1.767660 -3.713527
 -0.777709 -0.971864 -1.819152 -12.821269
 -0.818315 -1.128468 -1.580448 -3.526272
 -1.370546 -0.741940 -1.745237 -2.351365
 -0.000004 -13.604795 -13.604795 -13.604795
 -0.000003 -13.687682 -13.687682 -13.687682
 -0.000008 -12.847937 -12.847937 -12.847937
 -0.000033 -11.407610 -11.407610 -11.407610
 -14.585621 -14.585621 -0.000001 -14.585621
 -1.386294 -1.386294 -1.386294 -1.386294
 -1.386294 -1.386294 -1.386294 -1.386294
 -1.386294 -1.386294 -1.386294 -1.386294
 -1.386294 -1.386294 -1.386294 -1.386294
 -1.386294 -1.386294 -1.386294 -1.386294
 -14.585621 -14.585621 -0.000001 -14.585621
 -1.386294 -1.386294 -1.386294 -1.386294
 -1.386294 -1.386294 -1.386294 -1.386294
 -1.386294 -1.386294 -1.386294 -1.386294
 -14.585621 -14.585621 -14.585621 -0.000001
 -1.386294 -1.386294 -1.386294 -1.386294
 -1.386294 -1.386294 -1.386294 -1.386294
 -1.386294 -1.386294 -1.386294 -1.386294
 -1.386294 -1.386294 -1.386294 -1.386294
 -14.585621 -14.585621 -0.000001 -14.585621
 -1.386294 -1.386294 -1.386294 -1.386294
 -1.386294 -1.386294 -1.386294 -1.386294
 -0.000001 -14.585621 -14.585621 -14.585621
 -1.386294 -1.386294 -1.386294 -1.386294
 -1.216396 -2.602685 -0.730888 -1.909541
 -1.386294 -1.386294 -1.386294 -1.386294
 -1.386294 -1.386294 -1.386294 -1.386294
 -1.386294 -1.386294 -1.386294 -1.386294
 -0.521300 -1.673974 -1.519825 -13.369229
 -0.470019 -0.980837 -11.982954 -11.982954
 -0.601342 -1.348554 -1.648657 -13.854735
 -0.900791 -1.067844 -1.386294 -12.676089
 -0.986496 -1.880311 -1.880311 -1.133099
 -0.767258 -2.233583 -2.926713 -0.980832
 -1.029622 -1.540443 -3.044482 -0.965084
 -1.386294 -1.386294 -1.386294 -1.386294
 -1.223776 -1.877699 -1.877699 -0.916292
 -1.098615 -2.397874 -2.397874 -0.723925
 -0.496447 -3.135412 -2.036866 -1.526054
 -1.321756 -1.609437 -1.752536 -1.021653
 -0.990401 -1.850597 -1.945906 -1.113002
 -1.067844 -2.772551 -2.367103 -0.693154
 -0.980833 -2.367103 -3.465648 -0.693153
 -1.573505 -1.315677 -3.308079 -0.717842
 -0.893820 -1.887066 -2.580203 -1.011603
 -1.072640 -1.845821 -2.944399 -0.804377
 -1.041461 -0.887312 -2.140040 -2.140040
 -1.914817 -1.375823 -1.988924 -0.769689
 -0.875471 -1.609436 -2.484893 -1.203974
 -1.211092 -1.547561 -2.463837 -0.905712
 -1.011607 -1.992415 -3.090961 -0.788466
 -1.374866 -1.374866 -1.632694 -1.207812
 -1.129865 0.000100 0.000100 0.000100
 -1.860752 0.000100 0.000100 0.000100
 -1.807263 0.000100 0.000100 0.000100
 -1.029278 0.000100 0.000100 0.000100
 -1.290504 -2.351372 -0.775840 -1.776010
 -1.076873 -3.412218 -1.076873 -1.252764
 -0.953432 -2.618428 -0.980831 -1.791757
 -1.678772 -1.815973 -0.876427 -1.450514
 -1.098613 -1.405342 -1.262242 -1.977860
 -0.908261 -1.236763 -2.181216 -1.642226
 -0.714113 -1.747127 -1.477464 -2.226698
 -1.516347 -1.098613 -1.867743 -1.228666
 -0.000001 -14.617514 -14.617514 -14.617514
 -0.000002 -14.151986 -14.151986 -14.151986
 -0.000002 -14.046625 -14.046625 -14.046625
 -0.000003 -13.774693 -13.774693 -13.774693
 -15.581953 -15.581953 -0.000001 -15.581953
 -1.386294 -1.386294 -1.386294 -1.386294
 -1.386294 -1.386294 -1.386294 -1.386294
 -1.386294 -1.386294 -1.386294 -1.386294
 -1.386294 -1.386294 -1.386294 -1.386294
 -1.386294 -1.386294 -1.386294 -1.386294
 -15.581953 -15.581953 -0.000001 -15.581953
 -1.386294 -1.386294 -1.386294 -1.386294
 -1.386294 -1.386294 -1.386294 -1.386294
 -1.386294 -1.386294 -1.386294 -1.386294
 -15.581953 -15.581953 -15.581953 -0.000001
 -1.386294 -1.386294 -1.386294 -1.386294
 -1.386294 -1.386294 -1.386294 -1.386294
 -1.386294 -1.386294 -1.386294 -1.386294
 -1.386294 -1.386294 -1.386294 -1.386294
 -15.581953 -15.581953 -0.000001 -15.581953
 -1.386294 -1.386294 -1.386294 -1.386294
 -1.386294 -1.386294 -1.386294 -1.386294
 -0.000001 -15.581953 -15.581953 -15.581953
 -1.386294 -1.386294 -1.386294 -1.386294
 -0.858183 -2.094945 -1.736883 -1.284016
 -1.386294 -1.386294 -1.386294 -1.386294
 -1.386294 -1.386294 -1.386294 -1.386294
 -1.386294 -1.386294 -1.386294 -1.386294
 -0.959552 -1.958079 -0.742745 -14.723771
 -0.587790 -2.079436 -1.141173 -13.487012
 -0.627398 -1.543686 -1.376632 -13.845074
 -1.155771 -1.686398 -0.693148 -14.297939
 -1.065957 -1.700607 -1.533553 -1.357663
 -0.875470 -1.925288 -1.791757 -1.306252
 -0.908259 -1.581603 -1.581603 -1.684787
 -1.386294 -1.386294 -1.386294 -1.386294
 -0.842824 -2.271675 -1.557024 -1.364120
 -1.002470 -1.646824 -1.858132 -1.257361
 -0.736074 -2.699673 -1.888750 -1.195605
 -1.806796 -1.496642 -1.314321 -1.069199
 -1.180984 -2.003341 -1.080179 -1.520490
 -0.972734 -2.460800 -1.573505 -1.110884
 -0.942044 -2.062631 -1.274177 -1.592630
 -1.701810 -2.000302 -0.779091 -1.498212
 -1.098613 -1.863217 -1.227230 -1.521469
 -1.085191 -2.358146 -1.470851 -1.085191
 -0.908857 -1.936008 -1.411485 -1.565635
 -1.693778 -1.478667 -1.105993 -1.357307
 -1.007641 -2.022869 -1.528175 -1.252763
 -1.109309 -1.452252 -2.463845 -1.046788
 -0.993253 -1.755391 -1.755391 -1.258955
 -1.722765 -1.609437 -1.180443 -1.157453
