 -1.135792 0.000100 0.000100 0.000100
 -1.502254 0.000100 0.000100 0.000100
 -1.762980 0.000100 0.000100 0.000100
 -1.256419 0.000100 0.000100 0.000100
 -0.788459 -1.769284 -1.644122 -1.704746
 -0.932822 -1.625965 -3.417683 -0.975382
 -1.211092 -1.547561 -1.547561 -1.285199
 -1.717649 -1.360977 -2.410789 -0.745793
 -0.760590 -1.631416 -2.324557 -1.430746
 -0.865000 -1.152681 -2.944412 -1.558143
 -0.944466 -1.098615 -2.197211 -1.791754
 -2.409187 -1.544197 -0.992130 -1.121342
 -13.698981 -13.698981 -0.000003 -13.698981
 -13.415039 -13.415039 -0.000004 -13.415039
 -13.102169 -13.102169 -0.000006 -13.102169
 -13.444452 -13.444452 -0.000004 -13.444452
 -1.386294 -1.386294 -1.386294 -1.386294
 -1.386294 -1.386294 -1.386294 -1.386294
 -14.823470 -14.823470 -0.000001 -14.823470
 -1.386294 -1.386294 -1.386294 -1.386294
 -1.386294 -1.386294 -1.386294 -1.386294
 -1.386294 -1.386294 -1.386294 -1.386294
 -14.823470 -14.823470 -0.000001 -14.823470
 -1.386294 -1.386294 -1.386294 -1.386294
 -1.386294 -1.386294 -1.386294 -1.386294
 -1.386294 -1.386294 -1.386294 -1.386294
 -14.823470 -14.823470 -14.823470 -0.000001
 -1.386294 -1.386294 -1.386294 -1.386294
 -1.386294 -1.386294 -1.386294 -1.386294
 -1.386294 -1.386294 -1.386294 -1.386294
 -1.386294 -1.386294 -1.386294 -1.386294
 -0.000001 -14.823470 -14.823470 -14.823470
 -0.000001 -14.823470 -14.823470 -14.823470
 -1.386294 -1.386294 -1.386294 -1.386294
 -1.386294 -1.386294 -1.386294 -1.386294
 -1.386294 -1.386294 -1.386294 -1.386294
 -1.350448 -2.317289 -0.817338 -1.605795
 -1.386294 -1.386294 -1.386294 -1.386294
 -1.386294 -1.386294 -1.386294 -1.386294
 -1.386294 -1.386294 -1.386294 -1.386294
 -1.084628 -1.864781 -1.554629 -1.218158
 -1.216398 -2.197206 -1.504076 -0.993257
 -1.499953 -1.617736 -2.230837 -0.752741
 -1.609436 -1.234746 -1.704745 -1.116963
 -0.847300 -1.850597 -2.302577 -1.157454
 -0.897944 -2.379534 -2.890346 -0.810933
 -1.145134 -1.992423 -3.091002 -0.693152
 -1.229452 -1.773066 -1.890848 -0.949868
 -0.937126 -1.355835 -2.782939 -1.242507
 -0.744445 -1.897113 -3.688789 -1.049825
 -0.934314 -1.722761 -1.945899 -1.252765
 -1.513294 -1.646824 -2.293447 -0.721058
 -0.858229 -2.036878 -2.219198 -1.087803
 -1.047321 -1.645154 -2.944412 -0.907560
 -1.299284 -1.145136 -12.301401 -0.893825
 -1.801514 -1.200742 -2.332138 -0.828068
 -1.271226 -1.462280 -2.460800 -0.910214
 -1.338285 -1.808285 -2.319104 -0.743581
 -0.832916 -1.056058 -2.442314 -2.036866
 -2.043070 -1.386294 -2.043070 -0.711841
 -1.007643 -2.351365 -1.745237 -1.007643
 -0.940009 -2.549431 -3.465692 -0.693150
 -1.064715 -1.575534 -1.980990 -1.170074
 -1.592630 -1.474847 -1.880311 -0.878866
 -1.150109 0.000100 0.000100 0.000100
 -2.030466 0.000100 0.000100 0.000100
 -1.605584 0.000100 0.000100 0.000100
 -1.045969 0.000100 0.000100 0.000100
 -0.972734 -2.008820 -1.841767 -1.110884
 -0.581928 -2.833175 -1.734596 -1.580448
 -0.732372 -1.754016 -1.648656 -1.871797
 -1.620487 -2.208269 -2.112959 -0.559618
 -1.006240 -1.967647 -2.047689 -1.006240
 -0.632529 -1.519824 -1.856290 -2.367103
 -0.597842 -2.302570 -2.590244 -1.290985
 -1.710080 -1.904235 -1.770704 -0.693149
 -13.710155 -13.710155 -0.000003 -13.710155
 -12.847937 -12.847937 -0.000008 -12.847937
 -12.793870 -12.793870 -0.000008 -12.793870
 -13.764221 -13.764221 -0.000003 -13.764221
 -1.386294 -1.386294 -1.386294 -1.386294
 -1.386294 -1.386294 -1.386294 -1.386294
 -14.767170 -14.767170 -0.000001 -14.767170
 -1.386294 -1.386294 -1.386294 -1.386294
 -1.386294 -1.386294 -1.386294 -1.386294
 -1.386294 -1.386294 -1.386294 -1.386294
 -14.767170 -14.767170 -0.000001 -14.767170
 -1.386294 -1.386294 -1.386294 -1.386294
 -1.386294 -1.386294 -1.386294 -1.386294
 -1.386294 -1.386294 -1.386294 -1.386294
 -14.767170 -14.767170 -14.767170 -0.000001
 -1.386294 -1.386294 -1.386294 -1.386294
 -1.386294 -1.386294 -1.386294 -1.386294
 -1.386294 -1.386294 -1.386294 -1.386294
 -1.386294 -1.386294 -1.386294 -1.386294
 -0.000001 -14.767170 -14.767170 -14.767170
 -0.000001 -14.767170 -14.767170 -14.767170
 -1.386294 -1.386294 -1.386294 -1.386294
 -1.386294 -1.386294 -1.386294 -1.386294
 -1.386294 -1.386294 -1.386294 -1.386294
 -0.912438 -1.945909 -1.625002 -1.352136
 -1.386294 -1.386294 -1.386294 -1.386294
 -1.386294 -1.386294 -1.386294 -1.386294
 -1.386294 -1.386294 -1.386294 -1.386294
 -1.118031 -2.341799 -1.006806 -1.553348
 -0.838334 -2.224609 -1.665004 -1.308334
 -1.041456 -1.366876 -1.446918 -1.852379
 -1.806794 -1.639742 -0.946598 -1.371479
 -1.150573 -1.661396 -1.596858 -1.233954
 -1.897113 -1.386294 -1.386294 -1.049825
 -1.327798 -1.853888 -1.423108 -1.086637
 -1.478101 -2.097134 -1.645154 -0.784958
 -1.054162 -1.481604 -1.550596 -1.550596
 -1.098615 -1.504076 -2.197213 -1.098615
 -1.047321 -1.963604 -1.845823 -1.047321
 -2.025949 -1.332806 -1.419817 -1.014353
 -1.157454 -2.302577 -0.952660 -1.609436
 -1.152681 -1.963604 -1.152681 -1.478101
 -0.916294 -2.120255 -1.427116 -1.427116
 -1.698667 -2.104129 -0.910214 -1.228666
 -1.059393 -1.919589 -1.272966 -1.484274
 -0.725943 -1.642224 -2.047681 -1.642224
 -1.132515 -2.101910 -1.364316 -1.203974
 -1.658226 -1.658226 -1.198697 -1.147404
 -1.187844 -2.327270 -1.228666 -1.187844
 -1.123932 -1.203974 -2.302570 -1.290985
 -1.208961 -1.565634 -1.639742 -1.208961
 -1.415282 -1.763586 -1.358124 -1.113002
