 -1.164426 0.000100 0.000100 0.000100
 -1.367366 0.000100 0.000100 0.000100
 -2.011721 0.000100 0.000100 0.000100
 -1.206099 0.000100 0.000100 0.000100
 -1.001451 -1.493924 -1.945904 -1.326871
 -1.203974 -1.491654 -1.897113 -1.123932
 -1.098617 -1.098617 -1.658222 -1.945896
 -2.058380 -1.077561 -1.285199 -1.365241
 -1.196252 -1.053153 -1.681755 -1.815285
 -0.816765 -1.196252 -2.662564 -1.681755
 -1.003306 -0.836254 -12.611551 -1.609435
 -1.767657 -0.880363 -1.921806 -1.315677
 -13.122372 -13.122372 -13.122372 -0.000006
 -13.270790 -13.270790 -13.270790 -0.000005
 -12.043577 -12.043577 -12.043577 -0.000018
 -12.676089 -12.676089 -12.676089 -0.000009
 -1.386294 -1.386294 -1.386294 -1.386294
 -1.386294 -1.386294 -1.386294 -1.386294
 -1.386294 -1.386294 -1.386294 -1.386294
 -14.266589 -14.266589 -0.000002 -14.266589
 -1.386294 -1.386294 -1.386294 -1.386294
 -1.386294 -1.386294 -1.386294 -1.386294
 -14.266589 -14.266589 -0.000002 -14.266589
 -1.386294 -1.386294 -1.386294 -1.386294
 -1.386294 -1.386294 -1.386294 -1.386294
 -1.386294 -1.386294 -1.386294 -1.386294
 -14.266589 -14.266589 -14.266589 -0.000002
 -1.386294 -1.386294 -1.386294 -1.386294
 -1.386294 -1.386294 -1.386294 -1.386294
 -1.386294 -1.386294 -1.386294 -1.386294
 -1.386294 -1.386294 -1.386294 -1.386294
 -0.000002 -14.266589 -14.266589 -14.266589
 -0.000002 -14.266589 -14.266589 -14.266589
 -1.386294 -1.386294 -1.386294 -1.386294
 -1.386294 -1.386294 -1.386294 -1.386294
 -1.386294 -1.386294 -1.386294 -1.386294
 -1.067262 -2.348191 -1.272056 -1.272056
 -1.386294 -1.386294 -1.386294 -1.386294
 -1.386294 -1.386294 -1.386294 -1.386294
 -1.386294 -1.386294 -1.386294 -1.386294
 -1.424034 -1.686396 -1.909537 -0.853493
 -0.762152 -2.014880 -2.014880 -1.321758
 -0.950979 -1.704745 -3.091002 -0.950979
 -1.386294 -1.586963 -1.586963 -1.076142
 -0.826682 -1.791755 -2.484890 -1.163152
 -1.064715 -2.268664 -3.367210 -0.659253
 -1.435084 -1.435084 -12.254882 -0.646637
 -1.304949 -1.880309 -2.285768 -0.745336
 -1.060874 -1.243194 -3.951151 -1.060874
 -1.139438 -1.427116 -12.429233 -0.820987
 -0.788474 -2.397832 -11.608273 -0.788474
 -1.400893 -1.461517 -2.442336 -0.832912
 -1.163152 -1.386294 -2.261751 -1.098614
 -1.335001 -1.239692 -3.637496 -0.865002
 -1.252770 -11.156307 -1.945867 -0.559648
 -1.450832 -1.519825 -2.549431 -0.757689
 -0.847302 -0.904460 -1.791755 -12.948019
 -0.902872 -0.666484 -2.512283 -12.821269
 -0.539016 -1.098621 -2.484840 -11.695280
 -1.356442 -0.552072 -1.791756 -13.400002
 -13.253399 -13.253399 -13.253399 -0.000005
 -13.567055 -13.567055 -13.567055 -0.000004
 -12.301401 -12.301401 -12.301401 -0.000014
 -1.386294 -1.386294 -1.386294 -1.386294
 -1.270782 0.000100 0.000100 0.000100
 -1.640528 0.000100 0.000100 0.000100
 -1.722766 0.000100 0.000100 0.000100
 -1.058608 0.000100 0.000100 0.000100
 -1.299284 -2.061416 -1.299284 -1.116963
 -0.929540 -1.845821 -1.845821 -1.239692
 -0.990402 -1.945902 -1.763583 -1.157455
 -1.654557 -1.511457 -1.223776 -1.223776
 -0.591368 -2.233583 -2.639039 -1.317302
 -1.550595 -1.550595 -1.417066 -1.098615
 -1.285199 -1.452252 -1.652920 -1.211092
 -2.995706 -1.696447 -1.897116 -0.483431
 -13.199332 -13.199332 -13.199332 -0.000006
 -12.765700 -12.765700 -12.765700 -0.000009
 -12.611551 -12.611551 -12.611551 -0.000010
 -13.554151 -13.554151 -13.554151 -0.000004
 -1.386294 -1.386294 -1.386294 -1.386294
 -1.386294 -1.386294 -1.386294 -1.386294
 -1.386294 -1.386294 -1.386294 -1.386294
 -14.488457 -14.488457 -0.000002 -14.488457
 -1.386294 -1.386294 -1.386294 -1.386294
 -1.386294 -1.386294 -1.386294 -1.386294
 -14.488457 -14.488457 -0.000002 -14.488457
 -1.386294 -1.386294 -1.386294 -1.386294
 -1.386294 -1.386294 -1.386294 -1.386294
 -1.386294 -1.386294 -1.386294 -1.386294
 -14.488457 -14.488457 -14.488457 -0.000002
 -1.386294 -1.386294 -1.386294 -1.386294
 -1.386294 -1.386294 -1.386294 -1.386294
 -1.386294 -1.386294 -1.386294 -1.386294
 -1.386294 -1.386294 -1.386294 -1.386294
 -0.000002 -14.488457 -14.488457 -14.488457
 -0.000002 -14.488457 -14.488457 -14.488457
 -1.386294 -1.386294 -1.386294 -1.386294
 -1.386294 -1.386294 -1.386294 -1.386294
 -1.386294 -1.386294 -1.386294 -1.386294
 -1.015435 -1.667196 -1.945909 -1.183770
 -1.386294 -1.386294 -1.386294 -1.386294
 -1.386294 -1.386294 -1.386294 -1.386294
 -1.386294 -1.386294 -1.386294 -1.386294
 -1.490090 -3.164040 -0.861485 -1.171638
 -0.475430 -2.001471 -2.512283 -1.819152
 -0.693154 -2.233573 -1.252765 -2.233573
 -1.386294 -1.696447 -0.958853 -1.696447
 -1.128467 -2.140059 -1.275069 -1.275069
 -1.145136 -1.704741 -1.992415 -1.011607
 -0.863049 -1.673974 -1.519825 -1.760985
 -1.658225 -1.658225 -1.339775 -1.029622
 -0.900789 -1.519825 -2.367113 -1.268512
 -1.067844 -2.367103 -2.367103 -0.757692
 -1.077561 -1.904232 -1.547561 -1.211092
 -1.262243 -2.178523 -1.773064 -0.834801
 -1.386294 -2.022278 -1.128467 -1.223776
 -1.098616 -1.321757 -2.014891 -1.321757
 -1.134983 -2.639022 -1.386294 -1.029624
 -1.304057 -2.302577 -1.113002 -1.203974
 -0.871842 -2.061416 -0.788461 -13.217681
 -0.773197 -1.178658 -1.466336 -12.468452
 -0.889860 -1.252764 -1.192140 -13.235699
 -0.986497 -1.244325 -1.081807 -13.287885
 -13.592372 -13.592372 -13.592372 -0.000004
 -13.081550 -13.081550 -13.081550 -0.000006
 -13.429854 -13.429854 -13.429854 -0.000004
 -1.386294 -1.386294 -1.386294 -1.386294
