 -1.027408 0.000100 0.000100 0.000100
 -1.730917 0.000100 0.000100 0.000100
 -1.991200 0.000100 0.000100 0.000100
 -1.113483 0.000100 0.000100 0.000100
 -1.108976 -1.935651 -1.578978 -1.140725
 -0.875472 -1.925285 -1.925285 -1.232145
 -0.720551 -2.001471 -1.665004 -1.665004
 -1.444114 -1.156433 -1.544197 -1.444114
 -1.252764 -1.045125 -2.112959 -1.419817
 -1.349927 -1.280935 -2.197215 -1.044547
 -0.834801 -1.079922 -2.871654 -1.773064
 -1.582408 -1.032364 -1.892560 -1.245938
 -13.567055 -13.567055 -13.567055 -0.000004
 -13.721204 -13.721204 -13.721204 -0.000003
 -12.644341 -12.644341 -12.644341 -0.000010
 -13.473026 -13.473026 -13.473026 -0.000004
 -1.386294 -1.386294 -1.386294 -1.386294
 -1.386294 -1.386294 -1.386294 -1.386294
 -1.386294 -1.386294 -1.386294 -1.386294
 -14.812461 -14.812461 -0.000001 -14.812461
 -1.386294 -1.386294 -1.386294 -1.386294
 -1.386294 -1.386294 -1.386294 -1.386294
 -14.812461 -14.812461 -0.000001 -14.812461
 -1.386294 -1.386294 -1.386294 -1.386294
 -1.386294 -1.386294 -1.386294 -1.386294
 -1.386294 -1.386294 -1.386294 -1.386294
 -14.812461 -14.812461 -14.812461 -0.000001
 -1.386294 -1.386294 -1.386294 -1.386294
 -1.386294 -1.386294 -1.386294 -1.386294
 -1.386294 -1.386294 -1.386294 -1.386294
 -1.386294 -1.386294 -1.386294 -1.386294
 -0.000001 -14.812461 -14.812461 -14.812461
 -0.000001 -14.812461 -14.812461 -14.812461
 -1.386294 -1.386294 -1.386294 -1.386294
 -1.386294 -1.386294 -1.386294 -1.386294
 -1.386294 -1.386294 -1.386294 -1.386294
 -1.339439 -2.466622 -0.831435 -1.524581
 -1.386294 -1.386294 -1.386294 -1.386294
 -1.386294 -1.386294 -1.386294 -1.386294
 -1.386294 -1.386294 -1.386294 -1.386294
 -1.372308 -2.183231 -1.697728 -0.796946
 -1.526054 -3.135412 -2.442314 -0.427455
 -1.215337 -1.403389 -3.384369 -0.858663
 -1.512587 -1.679640 -1.998090 -0.781704
 -1.004585 -1.623621 -2.065450 -1.171638
 -0.896091 -1.945904 -2.282371 -1.058609
 -1.098616 -1.098616 -12.506192 -1.098616
 -1.419084 -2.422380 -1.987066 -0.630629
 -1.075357 -1.803591 -2.833198 -0.831735
 -1.315677 -1.767657 -3.020385 -0.669055
 -1.824542 -1.036096 -2.047681 -1.036096
 -1.645155 -1.180851 -2.097137 -0.974999
 -1.260254 -1.314321 -2.007463 -1.160171
 -1.069200 -1.565634 -2.818379 -0.946598
 -0.916297 -2.120246 -1.832572 -1.139438
 -1.460402 -1.192139 -2.926726 -0.889859
 -13.567055 -13.567055 -13.567055 -0.000004
 -13.444452 -13.444452 -13.444452 -0.000004
 -12.345852 -12.345852 -12.345852 -0.000013
 -13.825465 -13.825465 -13.825465 -0.000003
 -1.386294 -1.386294 -1.386294 -1.386294
 -1.386294 -1.386294 -1.386294 -1.386294
 -1.386294 -1.386294 -1.386294 -1.386294
 -1.474984 -1.298054 -2.075757 -0.986999
 -1.497998 0.000100 0.000100 0.000100
 -1.816451 0.000100 0.000100 0.000100
 -1.444888 0.000100 0.000100 0.000100
 -0.972733 0.000100 0.000100 0.000100
 -1.062896 -2.397882 -1.299284 -1.234746
 -1.123932 -2.079432 -1.897113 -0.916295
 -1.421385 -1.980996 -1.287855 -1.064713
 -1.760009 -1.824547 -1.098613 -1.098613
 -0.991642 -2.181216 -1.562184 -1.182697
 -1.704744 -1.887062 -2.803323 -0.500782
 -0.923673 -2.140059 -1.821609 -1.128467
 -1.710788 -2.116250 -1.779781 -0.634654
 -13.473026 -13.473026 -13.473026 -0.000004
 -12.611551 -12.611551 -12.611551 -0.000010
 -12.899230 -12.899230 -12.899230 -0.000008
 -13.864305 -13.864305 -13.864305 -0.000003
 -1.386294 -1.386294 -1.386294 -1.386294
 -1.386294 -1.386294 -1.386294 -1.386294
 -1.386294 -1.386294 -1.386294 -1.386294
 -14.715673 -14.715673 -0.000001 -14.715673
 -1.386294 -1.386294 -1.386294 -1.386294
 -1.386294 -1.386294 -1.386294 -1.386294
 -14.715673 -14.715673 -0.000001 -14.715673
 -1.386294 -1.386294 -1.386294 -1.386294
 -1.386294 -1.386294 -1.386294 -1.386294
 -1.386294 -1.386294 -1.386294 -1.386294
 -14.715673 -14.715673 -14.715673 -0.000001
 -1.386294 -1.386294 -1.386294 -1.386294
 -1.386294 -1.386294 -1.386294 -1.386294
 -1.386294 -1.386294 -1.386294 -1.386294
 -1.386294 -1.386294 -1.386294 -1.386294
 -0.000001 -14.715673 -14.715673 -14.715673
 -0.000001 -14.715673 -14.715673 -14.715673
 -1.386294 -1.386294 -1.386294 -1.386294
 -1.386294 -1.386294 -1.386294 -1.386294
 -1.386294 -1.386294 -1.386294 -1.386294
 -1.005522 -1.655183 -2.008823 -1.174598
 -1.386294 -1.386294 -1.386294 -1.386294
 -1.386294 -1.386294 -1.386294 -1.386294
 -1.386294 -1.386294 -1.386294 -1.386294
 -0.836250 -2.014899 -1.555370 -1.504077
 -1.285199 -1.652920 -1.547561 -1.142099
 -0.857455 -2.397874 -1.550595 -1.299284
 -1.765782 -2.133503 -1.034898 -1.034898
 -0.843089 -1.536234 -1.730388 -1.730388
 -0.723925 -2.110200 -1.704743 -1.550595
 -1.435084 -1.435084 -1.252764 -1.435084
 -1.554629 -2.183231 -1.372308 -0.861485
 -1.290985 -1.437587 -1.437587 -1.386294
 -1.219242 -1.586963 -1.838274 -1.076142
 -1.386294 -2.233583 -1.386294 -0.934312
 -1.481604 -1.992425 -1.299284 -1.011603
 -1.067842 -2.079435 -1.593932 -1.114362
 -0.988614 -1.815285 -1.815285 -1.196252
 -1.227231 -1.863214 -1.575535 -1.064713
 -1.504077 -1.504077 -1.450010 -1.136354
 -13.500805 -13.500805 -13.500805 -0.000004
 -12.948020 -12.948020 -12.948020 -0.000007
 -13.142174 -13.142174 -13.142174 -0.000006
 -13.592372 -13.592372 -13.592372 -0.000004
 -1.386294 -1.386294 -1.386294 -1.386294
 -1.386294 -1.386294 -1.386294 -1.386294
 -1.386294 -1.386294 -1.386294 -1.386294
 -1.593308 -1.744131 -1.535039 -0.900162
