 -1.089043 0.000100 0.000100 0.000100
 -1.754018 0.000100 0.000100 0.000100
 -1.903550 0.000100 0.000100 0.000100
 -1.074859 0.000100 0.000100 0.000100
 -1.070443 -1.683544 -1.763586 -1.203974
 -1.185626 -1.504076 -1.504076 -1.386294
 -1.354546 -1.488076 -1.354546 -1.354546
 -1.429466 -1.127187 -1.490090 -1.554629
 -1.049824 -1.203974 -2.148427 -1.455287
 -1.041456 -1.223777 -2.140057 -1.446918
 -0.950979 -1.145134 -2.397879 -1.586963
 -1.485384 -1.137080 -1.485384 -1.485384
 -13.429854 -13.429854 -13.429854 -0.000004
 -13.369229 -13.369229 -13.369229 -0.000005
 -12.577650 -12.577650 -12.577650 -0.000010
 -13.060496 -13.060496 -13.060496 -0.000006
 -1.386294 -1.386294 -1.386294 -1.386294
 -1.386294 -1.386294 -1.386294 -1.386294
 -1.386294 -1.386294 -1.386294 -1.386294
 -14.547880 -14.547880 -0.000001 -14.547880
 -1.386294 -1.386294 -1.386294 -1.386294
 -1.386294 -1.386294 -1.386294 -1.386294
 -14.547880 -14.547880 -0.000001 -14.547880
 -1.386294 -1.386294 -1.386294 -1.386294
 -1.386294 -1.386294 -1.386294 -1.386294
 -1.386294 -1.386294 -1.386294 -1.386294
 -14.547880 -14.547880 -14.547880 -0.000001
 -1.386294 -1.386294 -1.386294 -1.386294
 -1.386294 -1.386294 -1.386294 -1.386294
 -1.386294 -1.386294 -1.386294 -1.386294
 -1.386294 -1.386294 -1.386294 -1.386294
 -0.000002 -14.547880 -14.547880 -14.547880
 -0.000002 -14.547880 -14.547880 -14.547880
 -1.386294 -1.386294 -1.386294 -1.386294
 -1.386294 -1.386294 -1.386294 -1.386294
 -1.386294 -1.386294 -1.386294 -1.386294
 -1.348554 -2.629483 -0.752572 -1.623966
 -1.386294 -1.386294 -1.386294 -1.386294
 -1.386294 -1.386294 -1.386294 -1.386294
 -1.386294 -1.386294 -1.386294 -1.386294
 -1.155772 -1.909537 -1.504076 -1.155772
 -1.098619 -2.707977 -1.321758 -1.098619
 -1.217672 -1.406914 -3.198652 -0.871397
 -1.315677 -2.614936 -1.921806 -0.669055
 -0.831300 -1.929905 -1.729236 -1.419084
 -1.098615 -1.504076 -12.793870 -0.810935
 -0.955517 -1.871793 -3.258012 -0.860208
 -1.211942 -1.945907 -1.865865 -0.904458
 -1.008230 -1.470851 -1.739113 -1.470851
 -1.011605 -1.704744 -2.803323 -0.931563
 -0.916297 -1.272967 -2.525695 -1.427116
 -1.386294 -1.622682 -2.251285 -0.804375
 -0.887305 -1.821609 -1.734599 -1.386294
 -1.034076 -1.504076 -2.708026 -1.034076
 -0.820987 -1.832572 -1.609434 -1.609434
 -1.683544 -1.475906 -1.850597 -0.847300
 -0.785523 -1.386294 -1.223776 -13.429854
 -0.880363 -1.074517 -1.410987 -12.923923
 -0.600781 -0.869043 -3.433900 -12.644341
 -0.635992 -1.041456 -2.140059 -13.429854
 -0.663879 -1.319284 -1.524078 -13.825465
 -0.481842 -1.511457 -1.821609 -13.429854
 -0.331364 -1.584118 -2.564926 -12.873912
 -1.386294 -1.386294 -1.386294 -1.386294
 -1.521753 0.000100 0.000100 0.000100
 -1.682095 0.000100 0.000100 0.000100
 -1.461855 0.000100 0.000100 0.000100
 -1.010928 0.000100 0.000100 0.000100
 -1.349927 -1.996550 -1.216396 -1.175574
 -1.098614 -2.442336 -1.749197 -0.901904
 -1.563975 -1.969437 -1.409825 -0.899001
 -1.609437 -1.909541 -1.013455 -1.241714
 -0.962277 -1.849576 -1.849576 -1.192800
 -1.326871 -1.406914 -1.694593 -1.183772
 -1.079921 -1.830224 -1.108092 -1.773066
 -2.136133 -1.378451 -1.442989 -0.932165
 -13.795312 -13.795312 -13.795312 -0.000003
 -13.527834 -13.527834 -13.527834 -0.000004
 -13.687682 -13.687682 -13.687682 -0.000003
 -13.910825 -13.910825 -13.910825 -0.000003
 -1.386294 -1.386294 -1.386294 -1.386294
 -1.386294 -1.386294 -1.386294 -1.386294
 -1.386294 -1.386294 -1.386294 -1.386294
 -15.126544 -15.126544 -0.000001 -15.126544
 -1.386294 -1.386294 -1.386294 -1.386294
 -1.386294 -1.386294 -1.386294 -1.386294
 -15.126544 -15.126544 -0.000001 -15.126544
 -1.386294 -1.386294 -1.386294 -1.386294
 -1.386294 -1.386294 -1.386294 -1.386294
 -1.386294 -1.386294 -1.386294 -1.386294
 -15.126544 -15.126544 -15.126544 -0.000001
 -1.386294 -1.386294 -1.386294 -1.386294
 -1.386294 -1.386294 -1.386294 -1.386294
 -1.386294 -1.386294 -1.386294 -1.386294
 -1.386294 -1.386294 -1.386294 -1.386294
 -0.000001 -15.126543 -15.126543 -15.126543
 -0.000001 -15.126543 -15.126543 -15.126543
 -1.386294 -1.386294 -1.386294 -1.386294
 -1.386294 -1.386294 -1.386294 -1.386294
 -1.386294 -1.386294 -1.386294 -1.386294
 -1.079920 -1.473551 -1.890850 -1.271811
 -1.386294 -1.386294 -1.386294 -1.386294
 -1.386294 -1.386294 -1.386294 -1.386294
 -1.386294 -1.386294 -1.386294 -1.386294
 -1.252763 -2.003066 -0.965082 -1.617405
 -1.498212 -1.734599 -1.307157 -1.110448
 -0.934312 -1.627454 -2.079434 -1.252764
 -1.508896 -1.699950 -0.980831 -1.508896
 -1.021652 -2.040217 -1.386294 -1.347074
 -1.131404 -1.824546 -1.824546 -1.036094
 -1.000975 -1.989582 -1.206826 -1.626679
 -1.631416 -1.477266 -1.631416 -0.966442
 -1.000975 -1.817733 -1.429969 -1.466337
 -1.149907 -1.696447 -2.302575 -0.916293
 -1.011602 -1.644122 -1.481604 -1.532897
 -1.572396 -1.331235 -1.773066 -1.025854
 -0.924950 -1.809149 -1.319603 -1.757856
 -1.059393 -1.678429 -1.373049 -1.544899
 -0.810933 -1.974077 -1.568615 -1.568615
 -1.424035 -1.909540 -0.968560 -1.463255
 -0.577077 -1.823010 -1.284016 -14.077878
 -0.551181 -1.304949 -1.880309 -13.287885
 -0.902240 -1.830224 -0.834799 -13.873783
 -0.998531 -1.111859 -1.195240 -13.541079
 -0.891325 -1.397594 -1.070910 -14.392126
 -0.585261 -1.536234 -1.479076 -13.579793
 -0.804374 -1.691675 -0.998530 -13.946543
 -1.386294 -1.386294 -1.386294 -1.386294
