 -1.148262 0.000100 0.000100 0.000100
 -1.319805 0.000100 0.000100 0.000100
 -2.042627 0.000100 0.000100 0.000100
 -1.251982 0.000100 0.000100 0.000100
 -0.918758 -1.702287 -2.094328 -1.218862
 -1.134331 -1.586315 -2.197222 -1.014530
 -0.755281 -1.474401 -1.585626 -2.339391
 -1.683125 -1.184135 -1.598568 -1.184135
 -0.960308 -1.247990 -2.509117 -1.391091
 -0.912896 -1.493925 -3.044511 -1.119232
 -0.947383 -1.001450 -2.020015 -2.187067
 -1.419084 -0.949081 -1.729238 -1.642227
 -14.613020 -1.641477 -1.819157 -0.439834
 -14.513647 -1.519115 -1.692386 -0.515814
 -13.458841 -1.029621 -1.475906 -0.881202
 -14.200776 -1.352847 -1.379515 -0.713768
 -1.386294 -1.386294 -1.386294 -1.386294
 -14.220979 -14.220979 -0.000002 -14.220979
 -14.046625 -14.046625 -0.000002 -14.046625
 -15.107495 -15.107495 -0.000001 -15.107495
 -1.386294 -1.386294 -1.386294 -1.386294
 -1.386294 -1.386294 -1.386294 -1.386294
 -15.671809 -15.671809 -0.000000 -15.671809
 -1.386294 -1.386294 -1.386294 -1.386294
 -1.386294 -1.386294 -1.386294 -1.386294
 -1.386294 -1.386294 -1.386294 -1.386294
 -15.671809 -15.671809 -15.671809 -0.000000
 -1.386294 -1.386294 -1.386294 -1.386294
 -1.386294 -1.386294 -1.386294 -1.386294
 -1.386294 -1.386294 -1.386294 -1.386294
 -1.386294 -1.386294 -1.386294 -1.386294
 -15.671809 -2.171008 -0.855666 -0.774493
 -1.386294 -1.386294 -1.386294 -1.386294
 -0.626901 -2.498689 -4.290365 -0.994624
 -0.207640 -2.561276 -3.120888 -2.715426
 -0.710242 -1.836827 -2.853757 -1.232628
 -3.438931 -3.924434 -0.090385 -3.364824
 -3.205425 -3.205425 -0.176934 -2.512294
 -3.401111 -12.611551 -0.105370 -2.708014
 -3.265743 -2.677965 -0.130267 -4.182003
 -1.992415 -1.481603 -1.481603 -0.893825
 -1.897107 -2.995652 -2.995652 -0.287695
 -1.995920 -2.545965 -3.519411 -0.279585
 -3.177970 -2.484873 -2.484873 -0.233626
 -1.264598 -1.877699 -2.044752 -0.831735
 -1.331235 -1.572395 -3.277102 -0.712199
 -1.609434 -1.139438 -3.218792 -0.820987
 -1.355332 -1.701608 -1.904836 -0.889402
 -1.350788 -1.423108 -1.976492 -1.017644
 -1.483286 -2.006532 -3.169669 -0.516446
 -1.008666 -2.140061 -2.650880 -0.805067
 -1.769780 -1.471287 -2.708046 -0.628609
 -1.352847 -1.694595 -2.045991 -0.847299
 -1.593933 -1.807506 -3.242575 -0.521299
 -1.466336 -1.648656 -2.564932 -0.693151
 -1.814377 -1.082764 -2.750467 -0.833549
 -1.233270 -1.476891 -2.359275 -0.952368
 -1.573505 -1.964370 -3.020415 -0.504748
 -0.980832 -2.079433 -2.261751 -0.926765
 -2.151761 -1.229774 -2.151761 -0.744266
 -1.131403 -1.684786 -1.775758 -1.131403
 -1.320045 -2.093232 -3.191833 -0.564768
 -1.003304 -2.014897 -2.302575 -0.916293
 -1.488077 -1.379864 -2.270835 -0.869038
 -1.349195 0.000100 0.000100 0.000100
 -1.599504 0.000100 0.000100 0.000100
 -1.638925 0.000100 0.000100 0.000100
 -1.066052 0.000100 0.000100 0.000100
 -1.231139 -1.808214 -1.440278 -1.180153
 -1.260679 -2.071779 -1.444902 -1.036179
 -1.097613 -1.974521 -1.558545 -1.148654
 -1.850651 -1.638624 -1.353996 -0.940553
 -1.199102 -1.700593 -1.754379 -1.070184
 -1.245468 -1.706670 -1.936117 -0.950722
 -1.269325 -1.737478 -1.291561 -1.316120
 -1.620457 -1.502736 -1.731549 -0.909660
 -18.012863 -1.542000 -1.395205 -0.619404
 -17.729931 -1.077098 -1.807850 -0.702368
 -17.726734 -1.393526 -2.025669 -0.478204
 -18.324610 -1.714872 -1.469829 -0.527551
 -1.386294 -1.386294 -1.386294 -1.386294
 -17.910688 -17.910688 0.000000 -17.910688
 -17.770210 -17.770210 0.000000 -17.770210
 -18.793623 -18.793623 0.000000 -18.793623
 -1.386294 -1.386294 -1.386294 -1.386294
 -1.386294 -1.386294 -1.386294 -1.386294
 -19.366259 -19.366259 0.000000 -19.366259
 -1.386294 -1.386294 -1.386294 -1.386294
 -1.386294 -1.386294 -1.386294 -1.386294
 -1.386294 -1.386294 -1.386294 -1.386294
 -19.366259 -19.366259 -19.366259 0.000000
 -1.386294 -1.386294 -1.386294 -1.386294
 -1.386294 -1.386294 -1.386294 -1.386294
 -1.386294 -1.386294 -1.386294 -1.386294
 -1.386294 -1.386294 -1.386294 -1.386294
 -19.366259 -1.645951 -1.112577 -0.737182
 -1.386294 -1.386294 -1.386294 -1.386294
 -1.187457 -1.754198 -1.811699 -1.025599
 -1.202241 -2.047575 -1.085813 -1.457552
 -1.717988 -1.598698 -1.671139 -0.843085
 -1.162864 -1.638909 -1.723756 -1.155743
 -1.201948 -1.830557 -1.962484 -0.919900
 -1.189703 -1.777161 -1.627821 -1.108015
 -1.611761 -1.526874 -1.544319 -0.994811
 -1.276522 -1.905973 -1.213798 -1.290078
 -1.210857 -1.960278 -1.606792 -1.019683
 -1.086518 -1.988245 -1.365275 -1.307982
 -1.703150 -1.717179 -1.086770 -1.200596
 -1.247835 -1.822157 -1.359122 -1.223117
 -1.257385 -1.651954 -1.639034 -1.109388
 -1.208436 -1.828127 -1.279844 -1.337348
 -1.684793 -1.505504 -1.318036 -1.124080
 -1.186318 -1.726996 -1.536710 -1.198152
 -1.284485 -1.627533 -1.952047 -0.955005
 -1.127667 -1.787224 -1.609438 -1.175101
 -1.765684 -1.450194 -1.548158 -0.962946
 -1.217773 -1.861067 -1.267631 -1.320105
 -1.185931 -1.753379 -1.604485 -1.138318
 -1.046560 -1.861992 -1.460766 -1.341568
 -1.678746 -1.593812 -1.237304 -1.139194
 -1.192248 -1.819206 -1.421427 -1.227794
 -1.214818 -1.634574 -1.736154 -1.102610
 -1.155709 -1.793711 -1.346739 -1.351943
 -1.717689 -1.495281 -1.432582 -1.028223
 -1.231524 -1.725488 -1.451083 -1.218240
 -1.262560 -1.712243 -1.815053 -0.984084
 -1.177328 -1.730901 -1.533387 -1.207409
 -1.783523 -1.498080 -1.465001 -0.974666
