 -1.181648 0.000100 0.000100 0.000100
 -1.398319 0.000100 0.000100 0.000100
 -2.434407 0.000100 0.000100 0.000100
 -1.025644 0.000100 0.000100 0.000100
 -0.942610 -1.571216 -1.635754 -1.571216
 -1.082614 -1.419084 -2.047687 -1.236763
 -1.011607 -0.893825 -3.090961 -1.704741
 -1.609437 -1.065824 -1.666595 -1.321756
 -0.878072 -1.299283 -2.957491 -1.348073
 -0.766175 -1.960090 -3.164040 -1.043806
 -0.622535 -1.228667 -3.713482 -1.921806
 -1.419084 -1.182697 -2.181216 -1.082614
 -13.835317 -1.041455 -1.629239 -0.796333
 -13.337481 -1.729236 -1.642226 -0.463577
 -11.918417 -0.916301 -1.321758 -1.098619
 -13.487012 -1.386294 -1.185625 -0.810933
 -1.386294 -1.386294 -1.386294 -1.386294
 -13.473026 -13.473026 -0.000004 -13.473026
 -13.270790 -13.270790 -0.000005 -13.270790
 -14.014364 -14.014364 -0.000002 -14.014364
 -1.386294 -1.386294 -1.386294 -1.386294
 -1.386294 -1.386294 -1.386294 -1.386294
 -14.735795 -14.735795 -0.000001 -14.735795
 -1.386294 -1.386294 -1.386294 -1.386294
 -1.386294 -1.386294 -1.386294 -1.386294
 -1.386294 -1.386294 -1.386294 -1.386294
 -14.735795 -14.735795 -14.735795 -0.000001
 -1.386294 -1.386294 -1.386294 -1.386294
 -1.386294 -1.386294 -1.386294 -1.386294
 -1.386294 -1.386294 -1.386294 -1.386294
 -1.386294 -1.386294 -1.386294 -1.386294
 -0.000001 -14.735795 -14.735795 -14.735795
 -14.735795 -14.735795 -14.735795 -0.000001
 -1.386294 -1.386294 -1.386294 -1.386294
 -1.386294 -1.386294 -1.386294 -1.386294
 -1.386294 -1.386294 -1.386294 -1.386294
 -1.386294 -1.386294 -1.386294 -1.386294
 -1.386294 -1.386294 -1.386294 -1.386294
 -1.386294 -1.386294 -1.386294 -1.386294
 -0.697140 -2.028944 -14.735795 -0.992854
 -1.067114 -2.263360 -2.055722 -0.858023
 -1.299284 -1.704744 -2.110200 -0.857455
 -1.386294 -1.386294 -1.386294 -1.386294
 -1.642226 -1.824547 -1.165305 -1.098613
 -1.029621 -1.475906 -3.149855 -0.990401
 -1.041457 -1.446918 -12.736712 -0.887308
 -1.493924 -1.945904 -2.793183 -0.559620
 -0.974051 -2.100057 -2.100057 -0.974051
 -1.398129 -1.877699 -3.344010 -0.571453
 -1.122145 -1.458614 -3.068012 -0.927990
 -1.791748 -1.504075 -2.197197 -0.693158
 -1.127601 -1.475906 -2.014900 -1.157454
 -1.232144 -1.141173 -2.484895 -1.185625
 -1.533929 -1.366876 -3.238636 -0.712954
 -0.965087 -1.658222 -2.351344 -1.098617
 -1.271632 -1.376992 -2.726908 -0.911630
 -1.203974 -1.475906 -2.639043 -0.916293
 -1.260254 -2.258774 -2.818379 -0.593778
 -1.223779 -2.140040 -12.043577 -0.530642
 -1.866658 -1.207416 -3.881518 -0.642887
 -1.203974 -1.609436 -2.995706 -0.798511
 -1.044547 -1.686396 -3.295794 -0.853493
 -0.788474 -2.397832 -1.299286 -1.704734
 -1.504077 -1.252763 -2.639049 -0.865991
 -1.372794 0.000100 0.000100 0.000100
 -1.679819 0.000100 0.000100 0.000100
 -1.566676 0.000100 0.000100 0.000100
 -1.045670 0.000100 0.000100 0.000100
 -1.207812 -2.009171 -1.437386 -1.110173
 -1.232144 -1.961657 -1.519825 -1.052803
 -1.093972 -2.038432 -1.563975 -1.122143
 -1.814106 -1.764509 -1.448993 -0.841789
 -1.137079 -1.968811 -1.916167 -0.935339
 -1.360319 -1.805003 -1.805003 -0.880747
 -1.178655 -1.791759 -1.844402 -1.000974
 -1.859998 -1.778653 -1.810401 -0.669679
 -14.751605 -1.734600 -1.075356 -0.729080
 -14.316288 -1.299283 -1.810107 -0.573347
 -14.304093 -1.597242 -1.482832 -0.561152
 -15.312900 -1.812099 -1.497388 -0.489431
 -1.386294 -1.386294 -1.386294 -1.386294
 -14.488457 -14.488457 -0.000002 -14.488457
 -14.735795 -14.735795 -0.000001 -14.735795
 -15.578528 -15.578528 -0.000001 -15.578528
 -1.386294 -1.386294 -1.386294 -1.386294
 -1.386294 -1.386294 -1.386294 -1.386294
 -16.147655 -16.147655 -0.000000 -16.147655
 -1.386294 -1.386294 -1.386294 -1.386294
 -1.386294 -1.386294 -1.386294 -1.386294
 -1.386294 -1.386294 -1.386294 -1.386294
 -16.147655 -16.147655 -16.147655 -0.000000
 -1.386294 -1.386294 -1.386294 -1.386294
 -1.386294 -1.386294 -1.386294 -1.386294
 -1.386294 -1.386294 -1.386294 -1.386294
 -1.386294 -1.386294 -1.386294 -1.386294
 -0.000000 -16.147655 -16.147655 -16.147655
 -16.147655 -16.147655 -16.147655 -0.000000
 -1.386294 -1.386294 -1.386294 -1.386294
 -1.386294 -1.386294 -1.386294 -1.386294
 -1.386294 -1.386294 -1.386294 -1.386294
 -1.386294 -1.386294 -1.386294 -1.386294
 -1.386294 -1.386294 -1.386294 -1.386294
 -1.386294 -1.386294 -1.386294 -1.386294
 -1.396051 -1.178412 -16.147655 -0.810445
 -1.110447 -1.985914 -1.398129 -1.250804
 -1.104942 -1.997701 -1.569247 -1.124173
 -1.386294 -1.386294 -1.386294 -1.386294
 -1.822804 -1.649532 -1.027003 -1.244067
 -1.106246 -1.858581 -1.477809 -1.254666
 -1.374318 -1.646251 -1.678000 -1.001115
 -1.249356 -1.918972 -1.249356 -1.273453
 -1.555712 -1.798273 -1.311259 -1.038752
 -1.245595 -1.620288 -1.620288 -1.150285
 -1.040457 -1.507076 -2.345401 -1.110661
 -1.158511 -1.601715 -1.509908 -1.333452
 -1.782626 -1.383241 -1.541465 -1.002469
 -1.272966 -1.810108 -1.354091 -1.210052
 -1.026086 -1.613872 -1.682865 -1.360092
 -1.039772 -1.854279 -1.438119 -1.376244
 -1.539438 -1.658983 -1.313482 -1.119987
 -1.146567 -1.893780 -1.382955 -1.269627
 -1.040549 -1.577349 -1.882730 -1.244644
 -1.199965 -1.710790 -1.390319 -1.312760
 -1.507439 -1.569959 -1.462987 -1.081973
 -1.153234 -1.969440 -1.363305 -1.241202
 -1.169487 -1.813036 -1.951186 -0.956565
 -1.137833 -1.605173 -1.741748 -1.192641
 -1.561428 -1.443646 -1.500804 -1.105192
