 -1.300581 0.000100 0.000100 0.000100
 -1.300581 0.000100 0.000100 0.000100
 -2.147877 0.000100 0.000100 0.000100
 -1.083168 0.000100 0.000100 0.000100
 -1.113002 -1.850597 -1.475906 -1.252764
 -1.358124 -1.475906 -1.945906 -0.990401
 -0.510833 -2.014891 -2.302565 -1.791753
 -1.693318 -1.133705 -1.826848 -1.098613
 -1.059393 -1.321756 -1.752536 -1.544899
 -1.244325 -1.304949 -2.691225 -0.986497
 -0.816765 -1.122145 -2.151752 -2.151752
 -1.437587 -0.916293 -1.817075 -1.609437
 -13.604795 -0.000004 -13.604795 -13.604795
 -13.617064 -0.000004 -13.617064 -13.617064
 -12.765699 -0.000009 -12.765699 -12.765699
 -13.287885 -0.000005 -13.287885 -13.287885
 -1.386294 -1.386294 -1.386294 -1.386294
 -14.759418 -14.759418 -0.000001 -14.759418
 -1.386294 -1.386294 -1.386294 -1.386294
 -1.386294 -1.386294 -1.386294 -1.386294
 -1.386294 -1.386294 -1.386294 -1.386294
 -1.386294 -1.386294 -1.386294 -1.386294
 -14.759418 -14.759418 -0.000001 -14.759418
 -1.386294 -1.386294 -1.386294 -1.386294
 -1.386294 -1.386294 -1.386294 -1.386294
 -1.386294 -1.386294 -1.386294 -1.386294
 -14.759418 -14.759418 -14.759418 -0.000001
 -1.386294 -1.386294 -1.386294 -1.386294
 -1.386294 -1.386294 -1.386294 -1.386294
 -1.386294 -1.386294 -1.386294 -1.386294
 -1.386294 -1.386294 -1.386294 -1.386294
 -0.000001 -14.759418 -14.759418 -14.759418
 -0.000001 -14.759418 -14.759418 -14.759418
 -1.386294 -1.386294 -1.386294 -1.386294
 -1.386294 -1.386294 -1.386294 -1.386294
 -1.386294 -1.386294 -1.386294 -1.386294
 -1.471539 -1.965556 -0.964109 -1.390193
 -1.386294 -1.386294 -1.386294 -1.386294
 -1.386294 -1.386294 -1.386294 -1.386294
 -1.386294 -1.386294 -1.386294 -1.386294
 -1.244325 -1.592629 -2.468086 -0.858664
 -1.098615 -2.484885 -1.791754 -0.875473
 -1.449473 -1.119233 -3.198652 -0.921407
 -1.268512 -1.760985 -2.212965 -0.826681
 -0.990401 -1.763586 -2.302577 -1.029621
 -1.421385 -1.495493 -2.674130 -0.764609
 -1.481603 -1.299284 -2.397863 -0.893825
 -1.453953 -1.494775 -2.033768 -0.888641
 -0.881202 -1.763586 -2.302577 -1.157454
 -1.442383 -1.368276 -2.621021 -0.829283
 -0.897947 -1.349927 -2.602654 -1.349927
 -1.709520 -1.435084 -2.708040 -0.664978
 -0.875471 -1.791757 -1.974077 -1.280934
 -1.227231 -1.421385 -2.268674 -1.015923
 -0.693157 -2.995652 -1.897107 -1.203976
 -2.033768 -0.888641 -2.593379 -0.959258
 -0.828695 -1.697728 -1.864781 -1.490090
 -1.777771 -1.318241 -2.876366 -0.679164
 -0.656787 -1.909532 -1.909532 -1.686394
 -2.280106 -1.145133 -1.586964 -0.980831
 -0.893820 -1.887066 -2.580203 -1.011603
 -1.268512 -1.519825 -4.158789 -0.724899
 -1.045972 -1.213024 -3.610829 -1.126014
 -1.555370 -1.098613 -1.860750 -1.203974
 -1.349480 0.000100 0.000100 0.000100
 -1.361602 0.000100 0.000100 0.000100
 -1.760987 0.000100 0.000100 0.000100
 -1.163151 0.000100 0.000100 0.000100
 -1.051546 -2.020941 -1.853888 -1.017645
 -1.187844 -3.308079 -1.005523 -1.228666
 -1.234746 -1.609436 -1.609436 -1.174121
 -1.139435 -2.040217 -1.272966 -1.309334
 -1.098613 -1.406097 -1.916920 -1.292769
 -1.152682 -1.440361 -3.637496 -0.865002
 -1.362197 -1.148624 -1.921809 -1.271226
 -1.540444 -0.921407 -2.020015 -1.366092
 -13.687682 -0.000003 -13.687682 -13.687682
 -13.805464 -0.000003 -13.805464 -13.805464
 -12.923923 -0.000007 -12.923923 -12.923923
 -13.732133 -0.000003 -13.732133 -13.732133
 -1.386294 -1.386294 -1.386294 -1.386294
 -14.978662 -14.978662 -0.000001 -14.978662
 -1.386294 -1.386294 -1.386294 -1.386294
 -1.386294 -1.386294 -1.386294 -1.386294
 -1.386294 -1.386294 -1.386294 -1.386294
 -1.386294 -1.386294 -1.386294 -1.386294
 -14.978662 -14.978662 -0.000001 -14.978662
 -1.386294 -1.386294 -1.386294 -1.386294
 -1.386294 -1.386294 -1.386294 -1.386294
 -1.386294 -1.386294 -1.386294 -1.386294
 -14.978662 -14.978662 -14.978662 -0.000001
 -1.386294 -1.386294 -1.386294 -1.386294
 -1.386294 -1.386294 -1.386294 -1.386294
 -1.386294 -1.386294 -1.386294 -1.386294
 -1.386294 -1.386294 -1.386294 -1.386294
 -0.000001 -14.978662 -14.978662 -14.978662
 -0.000001 -14.978662 -14.978662 -14.978662
 -1.386294 -1.386294 -1.386294 -1.386294
 -1.386294 -1.386294 -1.386294 -1.386294
 -1.386294 -1.386294 -1.386294 -1.386294
 -0.980830 -1.361602 -1.817077 -1.578666
 -1.386294 -1.386294 -1.386294 -1.386294
 -1.386294 -1.386294 -1.386294 -1.386294
 -1.386294 -1.386294 -1.386294 -1.386294
 -1.232144 -1.696448 -1.176574 -1.529395
 -1.005523 -1.767660 -1.148624 -1.921809
 -1.006807 -1.466336 -1.386294 -1.871797
 -1.791756 -1.624704 -0.893820 -1.481604
 -0.864999 -1.845824 -1.375823 -1.781286
 -1.166436 -1.471816 -1.808285 -1.220503
 -0.897061 -2.149818 -1.233532 -1.690289
 -1.402824 -1.402824 -1.625965 -1.166436
 -0.992391 -1.421386 -1.618095 -1.662547
 -1.134982 -1.386294 -1.386294 -1.722764
 -0.896748 -1.932834 -1.440361 -1.558144
 -1.974077 -1.232144 -1.791757 -0.909372
 -1.128466 -1.533930 -1.406097 -1.533930
 -1.308333 -1.665006 -1.126012 -1.531476
 -0.908858 -2.125244 -1.260254 -1.639742
 -1.348073 -1.635754 -1.299283 -1.299283
 -1.049823 -1.427116 -1.897117 -1.347074
 -1.187167 -1.512587 -1.679640 -1.244325
 -1.054650 -1.544197 -1.397594 -1.655422
 -1.504077 -1.332227 -1.878767 -1.018571
 -1.078811 -1.514127 -1.514127 -1.514127
 -1.484274 -1.484274 -1.272966 -1.321756
 -1.304949 -1.774949 -1.592629 -1.033017
 -1.815287 -1.122144 -1.681757 -1.122144
