 -1.162082 0.000100 0.000100 0.000100
 -1.446919 0.000100 0.000100 0.000100
 -1.935271 0.000100 0.000100 0.000100
 -1.179324 0.000100 0.000100 0.000100
 -1.073295 -1.543298 -1.871800 -1.235814
 -0.980831 -1.532897 -2.531417 -1.110042
 -0.993254 -1.349927 -1.349927 -2.197215
 -1.800491 -1.161414 -1.653889 -1.107347
 -0.911838 -1.460402 -2.521267 -1.252763
 -0.854417 -1.365241 -2.346063 -1.498772
 -0.815040 -1.019833 -2.164956 -2.501422
 -1.414732 -1.271632 -1.839613 -1.146469
 -14.137597 -1.631416 -1.430746 -0.570546
 -13.835317 -1.406097 -1.791758 -0.530630
 -12.948020 -1.252764 -1.172722 -0.904460
 -13.732133 -1.225952 -1.302913 -0.832911
 -1.386294 -1.386294 -1.386294 -1.386294
 -13.721204 -13.721204 -0.000003 -13.721204
 -13.687682 -13.687682 -0.000003 -13.687682
 -14.483342 -14.483342 -0.000002 -14.483342
 -1.386294 -1.386294 -1.386294 -1.386294
 -1.386294 -1.386294 -1.386294 -1.386294
 -15.134597 -15.134597 -0.000001 -15.134597
 -1.386294 -1.386294 -1.386294 -1.386294
 -1.386294 -1.386294 -1.386294 -1.386294
 -1.386294 -1.386294 -1.386294 -1.386294
 -15.134597 -15.134597 -15.134597 -0.000001
 -1.386294 -1.386294 -1.386294 -1.386294
 -1.386294 -1.386294 -1.386294 -1.386294
 -1.386294 -1.386294 -1.386294 -1.386294
 -1.386294 -1.386294 -1.386294 -1.386294
 -0.000001 -15.134597 -15.134597 -15.134597
 -15.134597 -0.162205 -1.898903 -15.134597
 -1.386294 -1.386294 -1.386294 -1.386294
 -1.386294 -1.386294 -1.386294 -1.386294
 -1.386294 -1.386294 -1.386294 -1.386294
 -1.386294 -1.386294 -1.386294 -1.386294
 -1.405343 -2.394753 -1.017120 -1.197703
 -1.134982 -3.332161 -0.806479 -1.627454
 -1.386294 -1.386294 -1.386294 -1.386294
 -1.428854 -1.673975 -1.925288 -0.850778
 -1.036096 -2.740803 -1.824542 -0.869043
 -1.763587 -2.233588 -2.744410 -0.419856
 -1.728388 -2.107876 -1.537334 -0.721587
 -0.909820 -1.635754 -2.957491 -1.047970
 -1.037990 -1.673974 -3.178012 -0.875472
 -0.796335 -1.734598 -3.931733 -1.041456
 -1.376244 -1.791758 -2.243742 -0.744973
 -1.132230 -1.299283 -3.004018 -1.034591
 -1.245217 -1.791756 -2.110207 -0.857453
 -1.134983 -1.386294 -12.542560 -0.847304
 -1.701607 -1.485385 -2.671002 -0.650065
 -1.130362 -1.268512 -2.954894 -1.067842
 -1.575535 -1.575535 -3.079593 -0.615763
 -1.427116 -1.609434 -1.609434 -1.021656
 -1.646251 -1.141696 -2.547033 -0.892481
 -1.170072 -1.900956 -2.268677 -0.828324
 -1.690289 -1.926676 -2.555279 -0.523857
 -0.730895 -1.504076 -2.602654 -1.504076
 -1.590509 -1.227605 -2.111804 -0.961902
 -1.109663 -1.738269 -2.208269 -0.955513
 -1.337504 -2.184796 -2.772574 -0.575367
 -1.072640 -2.028139 -2.251277 -0.865002
 -1.640209 -1.321756 -2.014901 -0.901254
 -1.254749 0.000100 0.000100 0.000100
 -1.652293 0.000100 0.000100 0.000100
 -1.643457 0.000100 0.000100 0.000100
 -1.108869 0.000100 0.000100 0.000100
 -1.050106 -1.889856 -1.424800 -1.353056
 -1.069456 -2.016382 -1.357138 -1.323236
 -1.095684 -1.919859 -1.488077 -1.226712
 -1.771350 -1.791759 -1.156984 -1.053265
 -1.187606 -1.639591 -1.793741 -1.094660
 -1.314321 -1.620695 -1.927424 -0.946597
 -1.265666 -1.648658 -1.352678 -1.320155
 -1.759771 -1.559101 -1.684870 -0.839047
 -15.315134 -1.593933 -1.572194 -0.528845
 -15.071128 -1.064996 -1.701903 -0.748799
 -15.042224 -1.771439 -2.003240 -0.363823
 -15.646491 -1.903550 -1.772711 -0.384062
 -1.386294 -1.386294 -1.386294 -1.386294
 -15.104744 -15.104744 -0.000001 -15.104744
 -14.943683 -14.943683 -0.000001 -14.943683
 -16.206106 -16.206106 -0.000000 -16.206106
 -1.386294 -1.386294 -1.386294 -1.386294
 -1.386294 -1.386294 -1.386294 -1.386294
 -16.685680 -16.685680 -0.000000 -16.685680
 -1.386294 -1.386294 -1.386294 -1.386294
 -1.386294 -1.386294 -1.386294 -1.386294
 -1.386294 -1.386294 -1.386294 -1.386294
 -16.685680 -16.685680 -16.685680 -0.000000
 -1.386294 -1.386294 -1.386294 -1.386294
 -1.386294 -1.386294 -1.386294 -1.386294
 -1.386294 -1.386294 -1.386294 -1.386294
 -1.386294 -1.386294 -1.386294 -1.386294
 -0.000000 -16.685680 -16.685680 -16.685680
 -16.685680 -0.714925 -0.671834 -16.685680
 -1.386294 -1.386294 -1.386294 -1.386294
 -1.386294 -1.386294 -1.386294 -1.386294
 -1.386294 -1.386294 -1.386294 -1.386294
 -1.386294 -1.386294 -1.386294 -1.386294
 -1.040103 -1.595629 -1.972923 -1.188261
 -1.070164 -1.546010 -1.679541 -1.356768
 -1.386294 -1.386294 -1.386294 -1.386294
 -1.157305 -1.909135 -1.363749 -1.266703
 -1.126239 -1.973535 -1.561556 -1.117870
 -1.037988 -1.856297 -1.519826 -1.306252
 -1.504077 -1.761906 -1.200612 -1.187278
 -1.250857 -1.676524 -1.237611 -1.441210
 -1.020835 -1.968215 -1.598469 -1.211353
 -1.063367 -1.837638 -1.390789 -1.399838
 -1.769031 -1.613276 -1.345013 -0.994978
 -1.185809 -1.707807 -1.632096 -1.146588
 -1.218005 -1.422305 -1.911151 -1.154826
 -1.049193 -1.687280 -1.855417 -1.176455
 -1.697882 -1.260668 -1.595752 -1.106518
 -1.026386 -1.954040 -1.327338 -1.448945
 -1.058607 -1.893724 -1.564542 -1.226330
 -0.943558 -2.018071 -1.361293 -1.507247
 -1.544010 -1.687111 -1.207538 -1.195704
 -1.068495 -1.666808 -1.524978 -1.386294
 -1.094983 -1.556328 -1.704748 -1.299283
 -1.041815 -1.778856 -1.491174 -1.373391
 -1.491419 -1.472727 -1.384174 -1.220384
 -1.177750 -1.708377 -1.577349 -1.189584
 -1.311777 -1.665417 -1.680684 -1.034791
 -1.075970 -1.711129 -1.567090 -1.310371
 -1.710081 -1.508342 -1.425345 -1.028769
