 -1.218572 0.000100 0.000100 0.000100
 -1.609438 0.000100 0.000100 0.000100
 -1.951723 0.000100 0.000100 0.000100
 -1.015231 0.000100 0.000100 0.000100
 -1.069626 -1.734599 -2.060020 -1.041455
 -1.056054 -1.749197 -2.442336 -0.938272
 -0.947384 -1.406913 -1.589233 -1.812374
 -1.937940 -1.021652 -1.650259 -1.190728
 -1.232144 -1.619908 -2.166448 -0.926764
 -1.170072 -1.330414 -2.519988 -1.064712
 -0.974562 -1.405342 -1.890845 -1.485384
 -1.983295 -1.646824 -1.194841 -1.002470
 -13.710155 -1.132515 -1.408767 -0.836250
 -13.541079 -1.622682 -1.195240 -0.693150
 -13.287885 -1.187167 -1.679640 -0.676344
 -13.997835 -1.843051 -1.149906 -0.644359
 -1.386294 -1.386294 -1.386294 -1.386294
 -13.604795 -13.604795 -0.000004 -13.604795
 -13.753639 -13.753639 -0.000003 -13.753639
 -14.346141 -14.346141 -0.000002 -14.346141
 -1.386294 -1.386294 -1.386294 -1.386294
 -1.386294 -1.386294 -1.386294 -1.386294
 -15.053886 -15.053886 -0.000001 -15.053886
 -1.386294 -1.386294 -1.386294 -1.386294
 -1.386294 -1.386294 -1.386294 -1.386294
 -1.386294 -1.386294 -1.386294 -1.386294
 -15.053886 -15.053886 -15.053886 -0.000001
 -1.386294 -1.386294 -1.386294 -1.386294
 -1.386294 -1.386294 -1.386294 -1.386294
 -1.386294 -1.386294 -1.386294 -1.386294
 -1.386294 -1.386294 -1.386294 -1.386294
 -0.000001 -15.053885 -15.053885 -15.053885
 -15.053886 -15.053886 -15.053886 -0.000001
 -1.386294 -1.386294 -1.386294 -1.386294
 -1.386294 -1.386294 -1.386294 -1.386294
 -1.386294 -1.386294 -1.386294 -1.386294
 -1.386294 -1.386294 -1.386294 -1.386294
 -1.386294 -1.386294 -1.386294 -1.386294
 -1.386294 -1.386294 -1.386294 -1.386294
 -15.053886 -15.053886 -0.000001 -15.053886
 -1.386294 -1.386294 -1.386294 -1.386294
 -1.386294 -1.386294 -1.386294 -1.386294
 -1.700409 -2.154664 -2.511338 -0.477569
 -1.386294 -1.386294 -1.386294 -1.386294
 -1.309922 -3.044495 -2.533683 -0.505552
 -0.916294 -1.609435 -3.688789 -0.980833
 -1.252765 -1.252765 -12.542560 -0.847304
 -1.191589 -1.839614 -1.728389 -1.022171
 -1.229452 -1.618916 -2.583989 -0.834799
 -1.667704 -1.890845 -2.871654 -0.504560
 -1.481604 -1.992423 -2.685553 -0.565319
 -1.697729 -1.429466 -2.011386 -0.812694
 -1.299283 -1.453433 -3.650613 -0.760289
 -1.056054 -1.669155 -3.540915 -0.832912
 -0.723925 -2.397874 -2.803322 -1.011605
 -1.585627 -1.448426 -1.678000 -0.984854
 -1.186582 -1.720662 -2.356645 -0.864999
 -1.245938 -1.892560 -2.904145 -0.679544
 -1.213024 -1.413693 -2.917732 -0.902872
 -1.945908 -1.415282 -1.806147 -0.798509
 -1.398717 -1.504077 -1.909539 -0.960464
 -1.554629 -2.065450 -2.470909 -0.549111
 -1.335002 -1.845821 -2.944399 -0.641859
 -1.305756 -1.676128 -1.952381 -0.916292
 -1.439719 0.000100 0.000100 0.000100
 -1.996290 0.000100 0.000100 0.000100
 -1.464412 0.000100 0.000100 0.000100
 -0.926458 0.000100 0.000100 0.000100
 -1.148624 -1.698667 -1.315677 -1.462280
 -1.142099 -2.058380 -1.452252 -1.142099
 -1.123931 -1.984127 -1.386294 -1.246533
 -1.661883 -1.661883 -1.206409 -1.135792
 -1.131403 -1.642226 -1.967647 -1.066865
 -1.064713 -1.662545 -2.268674 -1.015923
 -1.407800 -1.904235 -1.452252 -0.987948
 -1.670680 -1.976060 -2.130209 -0.589771
 -13.732133 -1.882728 -1.120592 -0.650590
 -13.253399 -1.152681 -1.403994 -0.824178
 -13.180640 -2.024375 -1.667704 -0.386778
 -14.180157 -1.974079 -1.280934 -0.538998
 -1.386294 -1.386294 -1.386294 -1.386294
 -13.287885 -13.287885 -0.000005 -13.287885
 -13.753639 -13.753639 -0.000003 -13.753639
 -14.473033 -14.473033 -0.000002 -14.473033
 -1.386294 -1.386294 -1.386294 -1.386294
 -1.386294 -1.386294 -1.386294 -1.386294
 -15.056780 -15.056780 -0.000001 -15.056780
 -1.386294 -1.386294 -1.386294 -1.386294
 -1.386294 -1.386294 -1.386294 -1.386294
 -1.386294 -1.386294 -1.386294 -1.386294
 -15.056780 -15.056780 -15.056780 -0.000001
 -1.386294 -1.386294 -1.386294 -1.386294
 -1.386294 -1.386294 -1.386294 -1.386294
 -1.386294 -1.386294 -1.386294 -1.386294
 -1.386294 -1.386294 -1.386294 -1.386294
 -0.000001 -15.056780 -15.056780 -15.056780
 -15.056780 -15.056780 -15.056780 -0.000001
 -1.386294 -1.386294 -1.386294 -1.386294
 -1.386294 -1.386294 -1.386294 -1.386294
 -1.386294 -1.386294 -1.386294 -1.386294
 -1.386294 -1.386294 -1.386294 -1.386294
 -1.386294 -1.386294 -1.386294 -1.386294
 -1.386294 -1.386294 -1.386294 -1.386294
 -15.056780 -15.056780 -0.000001 -15.056780
 -1.386294 -1.386294 -1.386294 -1.386294
 -1.386294 -1.386294 -1.386294 -1.386294
 -1.202048 -1.626931 -1.231318 -1.555979
 -1.386294 -1.386294 -1.386294 -1.386294
 -1.243194 -1.754017 -1.553348 -1.118031
 -1.041456 -2.273589 -2.140059 -0.852214
 -1.059774 -1.842530 -1.396245 -1.396245
 -1.651400 -1.805550 -1.400088 -0.923166
 -1.079382 -2.236829 -1.138222 -1.456675
 -1.262243 -1.485384 -2.178523 -0.974562
 -0.994624 -1.892560 -1.805550 -1.154966
 -1.543298 -1.466337 -1.466337 -1.124589
 -1.159238 -1.985912 -1.069626 -1.580450
 -1.115143 -2.164956 -1.166436 -1.402823
 -0.745793 -1.871799 -1.871799 -1.523495
 -1.562917 -1.435084 -1.358124 -1.219974
 -0.971862 -2.144577 -1.342234 -1.413693
 -1.227231 -1.662545 -1.863214 -1.015923
 -1.006240 -1.967647 -1.441557 -1.354546
 -1.791757 -1.211942 -1.658227 -1.063522
 -1.207094 -2.033768 -1.305533 -1.207094
 -0.991642 -2.335365 -1.488076 -1.182697
 -1.152681 -2.028143 -1.497519 -1.111859
 -2.217220 -1.181134 -1.437066 -1.059774
