 -1.143168 0.000100 0.000100 0.000100
 -1.386294 0.000100 0.000100 0.000100
 -1.843535 0.000100 0.000100 0.000100
 -1.298519 0.000100 0.000100 0.000100
 -0.964183 -1.500486 -1.843430 -1.437966
 -1.107830 -1.513294 -2.052287 -1.136001
 -0.901904 -1.189585 -2.288188 -1.669155
 -1.783390 -0.972462 -1.601069 -1.377926
 -0.859539 -1.336462 -1.975540 -1.741926
 -0.945644 -1.212272 -2.023199 -1.704747
 -1.160171 -0.738960 -2.007463 -2.595241
 -1.665007 -0.880890 -1.451433 -1.819157
 -0.501798 -1.812377 -2.045991 -2.282378
 -0.522000 -1.643339 -2.708043 -1.919591
 -0.610912 -1.358124 -2.302577 -2.302577
 -1.343735 -1.238375 -1.343735 -1.669155
 -0.572520 -1.899972 -14.665663 -1.250629
 -1.375365 -1.871799 -13.721204 -0.521878
 -0.462628 -3.295794 -13.199332 -1.098614
 -1.558143 -1.152681 -13.253399 -0.747218
 -14.513647 -14.513647 -0.000002 -14.513647
 -13.444452 -13.444452 -0.000004 -13.444452
 -1.386294 -1.386294 -1.386294 -1.386294
 -14.322330 -14.322330 -0.000002 -14.322330
 -1.386294 -1.386294 -1.386294 -1.386294
 -1.386294 -1.386294 -1.386294 -1.386294
 -15.287984 -15.287984 -15.287984 -0.000001
 -1.386294 -1.386294 -1.386294 -1.386294
 -1.386294 -1.386294 -1.386294 -1.386294
 -1.386294 -1.386294 -1.386294 -1.386294
 -1.386294 -1.386294 -1.386294 -1.386294
 -0.153387 -4.131719 -2.942145 -2.611904
 -15.134597 -1.260817 -2.592049 -0.443618
 -11.156307 -1.252770 -1.945867 -0.559648
 -12.345852 -0.496447 -1.526054 -1.749192
 -12.676088 -0.575371 -2.772551 -0.980833
 -1.386294 -1.386294 -1.386294 -1.386294
 -14.151986 -14.151986 -0.000002 -14.151986
 -12.793870 -12.793870 -0.000008 -12.793870
 -14.771024 -14.771024 -0.000001 -14.771024
 -1.386294 -1.386294 -1.386294 -1.386294
 -1.386294 -1.386294 -1.386294 -1.386294
 -2.165618 -2.034590 -3.187266 -0.337850
 -1.386294 -1.386294 -1.386294 -1.386294
 -0.967587 -2.120255 -2.525712 -0.867504
 -1.098614 -1.558143 -2.944412 -0.907560
 -1.280936 -1.791748 -12.100735 -0.587799
 -1.409060 -1.596658 -2.002122 -0.872259
 -1.168206 -1.643628 -3.169669 -0.790141
 -1.722765 -1.722765 -2.821364 -0.538999
 -1.119233 -1.406913 -2.505509 -1.058609
 -1.813737 -1.364788 -3.017702 -0.629969
 -1.119233 -1.217672 -3.891774 -1.029621
 -1.483668 -1.396657 -3.881518 -0.682893
 -1.526054 -1.526054 -2.442314 -0.737607
 -1.829146 -1.164988 -2.986593 -0.740105
 -0.987948 -1.176000 -2.597374 -1.407800
 -1.700786 -1.745238 -2.756831 -0.545824
 -0.887312 -1.446918 -2.140040 -1.446918
 -1.859316 -1.198961 -2.348863 -0.804669
 -1.386294 -1.519825 -2.367117 -0.826680
 -1.248425 -2.036879 -3.135478 -0.617800
 -0.875473 -2.484885 -2.890333 -0.810935
 -1.807759 -1.329724 -2.351372 -0.741938
 -1.326751 0.000100 0.000100 0.000100
 -1.782151 0.000100 0.000100 0.000100
 -1.437080 0.000100 0.000100 0.000100
 -1.112410 0.000100 0.000100 0.000100
 -1.108046 -1.735841 -1.591409 -1.238198
 -1.196393 -1.654226 -2.130702 -0.947463
 -1.092732 -1.739418 -1.676747 -1.197007
 -1.738873 -1.495980 -1.505183 -0.972131
 -1.237641 -1.710502 -1.508602 -1.177856
 -1.234895 -1.803041 -1.688324 -1.023017
 -1.242110 -1.771893 -1.731262 -1.010178
 -1.721846 -1.593910 -1.395852 -0.992868
 -1.199389 -1.754408 -1.423386 -1.256266
 -1.122993 -2.018167 -1.678046 -1.035474
 -1.174974 -1.752167 -1.421489 -1.285831
 -1.712641 -1.754629 -1.246036 -1.024441
 -0.948330 -1.968690 -17.748512 -0.748717
 -1.078460 -1.466128 -17.279057 -0.846150
 -0.976155 -1.909857 -17.679813 -0.744142
 -1.769114 -1.566811 -17.942644 -0.476736
 -17.895926 -17.895926 0.000000 -17.895926
 -17.356470 -17.356470 -0.000000 -17.356470
 -1.386294 -1.386294 -1.386294 -1.386294
 -18.410530 -18.410530 0.000000 -18.410530
 -1.386294 -1.386294 -1.386294 -1.386294
 -1.386294 -1.386294 -1.386294 -1.386294
 -19.076437 -19.076437 -19.076437 0.000000
 -1.386294 -1.386294 -1.386294 -1.386294
 -1.386294 -1.386294 -1.386294 -1.386294
 -1.386294 -1.386294 -1.386294 -1.386294
 -1.386294 -1.386294 -1.386294 -1.386294
 -1.685496 -1.814438 -1.617045 -0.791347
 -17.390942 -1.668856 -1.289992 -0.623128
 -17.262001 -1.668153 -1.158003 -0.698578
 -17.459393 -2.215966 -1.248718 -0.504050
 -18.285089 -1.974723 -1.193190 -0.583490
 -1.386294 -1.386294 -1.386294 -1.386294
 -17.180735 -17.180735 -0.000000 -17.180735
 -17.861015 -17.861015 0.000000 -17.861015
 -18.484406 -18.484406 0.000000 -18.484406
 -1.386294 -1.386294 -1.386294 -1.386294
 -1.386294 -1.386294 -1.386294 -1.386294
 -1.105801 -1.913834 -1.628353 -1.123044
 -1.386294 -1.386294 -1.386294 -1.386294
 -1.272563 -2.183826 -1.372587 -1.038948
 -1.179183 -1.870044 -1.831966 -0.972187
 -1.080008 -2.025138 -1.798393 -1.013719
 -1.661344 -2.008461 -1.211501 -0.972408
 -1.193124 -1.936990 -1.356739 -1.220470
 -1.260001 -1.816092 -1.657027 -1.013405
 -1.066905 -1.959591 -1.593782 -1.165213
 -1.756614 -1.616959 -1.460979 -0.924168
 -1.162518 -1.706133 -1.594908 -1.194655
 -1.185254 -1.716087 -2.035630 -0.957204
 -1.036883 -1.717193 -1.602818 -1.329747
 -1.686128 -1.530819 -1.497334 -0.981682
 -1.188541 -1.885385 -1.400827 -1.213449
 -1.152814 -1.902969 -1.828217 -0.982356
 -1.061514 -2.007060 -1.618667 -1.134688
 -1.693954 -1.625811 -1.334564 -1.032309
 -1.233494 -1.833810 -1.363511 -1.227030
 -1.160094 -1.910819 -1.648786 -1.060447
 -1.164116 -1.803545 -1.451063 -1.242137
 -1.659733 -1.716462 -1.224177 -1.090317
