 -1.217094 0.000100 0.000100 0.000100
 -1.449716 0.000100 0.000100 0.000100
 -1.632037 0.000100 0.000100 0.000100
 -1.295566 0.000100 0.000100 0.000100
 -0.536309 -1.890845 -2.178523 -1.890845
 -0.847302 -1.791755 -3.737579 -0.965084
 -0.990402 -1.358124 -1.945902 -1.475905
 -1.589233 -1.183772 -1.812374 -1.119234
 -0.810933 -2.079436 -1.386294 -1.711715
 -0.890977 -1.178657 -2.054114 -1.871796
 -1.203976 -1.049828 -1.203976 -2.995652
 -2.079433 -0.826682 -1.037990 -2.484890
 -1.049824 -1.203974 -1.696447 -1.791756
 -0.756330 -1.406913 -2.505509 -1.589233
 -1.263693 -0.784123 -1.749196 -2.442331
 -1.568613 -0.875475 -1.791751 -1.568613
 -0.759842 -1.929905 -13.337481 -0.949083
 -1.277661 -1.545923 -13.321220 -0.676890
 -0.730895 -1.686394 -12.506192 -1.098616
 -2.674112 -0.969405 -12.577650 -0.594715
 -13.321220 -13.321220 -0.000005 -13.321220
 -12.847937 -12.847937 -0.000008 -12.847937
 -1.386294 -1.386294 -1.386294 -1.386294
 -13.592372 -13.592372 -0.000004 -13.592372
 -1.386294 -1.386294 -1.386294 -1.386294
 -1.386294 -1.386294 -1.386294 -1.386294
 -14.397728 -14.397728 -14.397728 -0.000002
 -1.386294 -1.386294 -1.386294 -1.386294
 -1.386294 -1.386294 -1.386294 -1.386294
 -1.386294 -1.386294 -1.386294 -1.386294
 -1.386294 -1.386294 -1.386294 -1.386294
 -0.000002 -14.397729 -14.397729 -14.397729
 -0.000002 -14.397729 -14.397729 -14.397729
 -1.386294 -1.386294 -1.386294 -1.386294
 -1.386294 -1.386294 -1.386294 -1.386294
 -1.386294 -1.386294 -1.386294 -1.386294
 -14.397728 -14.397728 -0.000002 -14.397728
 -1.386294 -1.386294 -1.386294 -1.386294
 -1.386294 -1.386294 -1.386294 -1.386294
 -1.386294 -1.386294 -1.386294 -1.386294
 -1.386294 -1.386294 -1.386294 -1.386294
 -1.386294 -1.386294 -1.386294 -1.386294
 -14.397728 -14.397728 -14.397728 -0.000002
 -1.386294 -1.386294 -1.386294 -1.386294
 -1.386294 -1.386294 -1.386294 -1.386294
 -1.386294 -1.386294 -1.386294 -1.386294
 -1.386294 -1.386294 -1.386294 -1.386294
 -1.820089 -1.337238 -1.855180 -0.869899
 -12.577650 -12.577650 -12.577650 -0.000010
 -13.060496 -13.060496 -13.060496 -0.000006
 -12.542559 -12.542559 -12.542559 -0.000011
 -13.527834 -13.527834 -13.527834 -0.000004
 -1.386294 -1.386294 -1.386294 -1.386294
 -1.386294 -1.386294 -1.386294 -1.386294
 -1.386294 -1.386294 -1.386294 -1.386294
 -1.820089 -0.982694 -2.297011 -1.012999
 -12.577650 -12.577650 -12.577650 -0.000010
 -13.415039 -13.415039 -13.415039 -0.000004
 -12.100735 -12.100735 -12.100735 -0.000017
 -13.384734 -13.384734 -13.384734 -0.000005
 -1.386294 -1.386294 -1.386294 -1.386294
 -1.386294 -1.386294 -1.386294 -1.386294
 -1.386294 -1.386294 -1.386294 -1.386294
 -1.661025 -1.295566 -2.242944 -0.843581
 -1.358124 0.000100 0.000100 0.000100
 -2.456714 0.000100 0.000100 0.000100
 -1.609435 0.000100 0.000100 0.000100
 -0.782765 0.000100 0.000100 0.000100
 -1.504072 -11.407610 -2.197169 -0.405493
 -1.098646 -1.098646 -1.098646 -10.309086
 -1.252770 -1.945867 -1.252770 -1.252770
 -0.693160 -2.772514 -1.673968 -1.386294
 -1.178661 -2.564880 -1.871783 -0.773204
 -1.098646 -10.309086 -10.309086 -0.405548
 -1.945867 -1.252770 -1.945867 -0.847322
 -2.484840 -11.695280 -1.098621 -0.539016
 -1.945867 -11.156308 -0.559648 -1.252770
 -0.405548 -10.309086 -1.098646 -10.309086
 -0.847322 -11.156308 -0.847322 -1.945867
 -2.890294 -1.791748 -1.504075 -0.587799
 -0.336509 -11.156308 -11.156308 -1.252770
 -1.098646 -1.098646 -10.309086 -1.098646
 -0.693164 -2.484840 -11.695280 -0.875482
 -1.871783 -1.178661 -11.775321 -0.619056
 -11.849426 -11.849426 -0.000021 -11.849426
 -11.002167 -11.002167 -0.000050 -11.002167
 -1.386294 -1.386294 -1.386294 -1.386294
 -11.918417 -11.918417 -0.000020 -11.918417
 -1.386294 -1.386294 -1.386294 -1.386294
 -1.386294 -1.386294 -1.386294 -1.386294
 -12.765700 -12.765700 -12.765700 -0.000009
 -1.386294 -1.386294 -1.386294 -1.386294
 -1.386294 -1.386294 -1.386294 -1.386294
 -1.386294 -1.386294 -1.386294 -1.386294
 -1.386294 -1.386294 -1.386294 -1.386294
 -0.000009 -12.765699 -12.765699 -12.765699
 -0.000009 -12.765699 -12.765699 -12.765699
 -1.386294 -1.386294 -1.386294 -1.386294
 -1.386294 -1.386294 -1.386294 -1.386294
 -1.386294 -1.386294 -1.386294 -1.386294
 -12.765699 -12.765699 -0.000009 -12.765699
 -1.386294 -1.386294 -1.386294 -1.386294
 -1.386294 -1.386294 -1.386294 -1.386294
 -1.386294 -1.386294 -1.386294 -1.386294
 -1.386294 -1.386294 -1.386294 -1.386294
 -1.386294 -1.386294 -1.386294 -1.386294
 -12.765700 -12.765700 -12.765700 -0.000009
 -1.386294 -1.386294 -1.386294 -1.386294
 -1.386294 -1.386294 -1.386294 -1.386294
 -1.386294 -1.386294 -1.386294 -1.386294
 -1.386294 -1.386294 -1.386294 -1.386294
 -1.475905 -1.763583 -1.475905 -0.990402
 -11.289832 -11.289832 -11.289832 -0.000038
 -11.002167 -11.002167 -11.002167 -0.000050
 -11.289832 -11.289832 -11.289832 -0.000038
 -11.775321 -11.775321 -11.775321 -0.000023
 -1.386294 -1.386294 -1.386294 -1.386294
 -1.386294 -1.386294 -1.386294 -1.386294
 -1.386294 -1.386294 -1.386294 -1.386294
 -1.252764 -2.169040 -1.609435 -0.916295
 -11.512965 -11.512965 -11.512965 -0.000030
 -10.596735 -10.596735 -10.596735 -0.000075
 -11.156307 -11.156307 -11.156307 -0.000043
 -11.849426 -11.849426 -11.849426 -0.000021
 -1.386294 -1.386294 -1.386294 -1.386294
 -1.386294 -1.386294 -1.386294 -1.386294
 -1.386294 -1.386294 -1.386294 -1.386294
 -1.252764 -2.456714 -0.990402 -1.358124
