 -1.123757 0.000100 0.000100 0.000100
 -1.449179 0.000100 0.000100 0.000100
 -1.919182 0.000100 0.000100 0.000100
 -1.226035 0.000100 0.000100 0.000100
 -0.875470 -1.232144 -2.404859 -1.602517
 -1.312187 -1.178656 -2.852618 -1.006806
 -0.590872 -1.129866 -3.481196 -2.382617
 -1.571697 -0.955513 -1.977160 -1.312187
 -0.974229 -1.167133 -1.649983 -2.126905
 -0.757227 -1.365816 -2.032292 -1.932209
 -0.830353 -1.024507 -1.871796 -2.970375
 -1.791758 -0.639082 -1.791758 -1.974078
 -0.470005 -1.817076 -2.079439 -2.436112
 -0.342946 -2.404363 -2.404363 -2.210208
 -0.587790 -1.280934 -2.484895 -2.484895
 -1.029622 -1.029622 -2.639039 -1.540444
 -0.587788 -2.340323 -14.808764 -1.055128
 -1.163152 -1.742967 -13.592372 -0.668457
 -0.648700 -1.586963 -12.994539 -1.299284
 -1.406913 -1.406913 -13.102169 -0.672949
 -14.557449 -14.557449 -0.000001 -14.557449
 -13.321220 -13.321220 -0.000005 -13.321220
 -1.386294 -1.386294 -1.386294 -1.386294
 -14.357837 -14.357837 -0.000002 -14.357837
 -1.386294 -1.386294 -1.386294 -1.386294
 -1.386294 -1.386294 -1.386294 -1.386294
 -15.303911 -15.303911 -15.303911 -0.000001
 -1.386294 -1.386294 -1.386294 -1.386294
 -1.386294 -1.386294 -1.386294 -1.386294
 -1.386294 -1.386294 -1.386294 -1.386294
 -1.386294 -1.386294 -1.386294 -1.386294
 -0.067704 -5.400373 -4.147646 -3.097833
 -0.423748 -2.154664 -3.723272 -1.583214
 -9.903687 -0.693247 -9.903687 -0.693247
 -0.559648 -1.252770 -11.156308 -1.945867
 -0.430795 -1.897107 -1.897107 -2.995652
 -0.944462 -1.999398 -14.873302 -0.742980
 -0.944464 -1.909537 -13.199332 -0.770112
 -0.955522 -2.564880 -11.775321 -0.619056
 -1.145133 -1.076141 -13.687682 -1.076141
 -1.423108 -1.501070 -1.816150 -0.984854
 -1.523495 -0.830350 -2.410789 -1.360977
 -1.386294 -1.386294 -1.386294 -1.386294
 -1.655718 -1.486642 -1.604425 -0.962572
 -0.998530 -1.558144 -3.455235 -0.942961
 -1.257083 -1.920374 -3.654948 -0.610457
 -1.308333 -1.470851 -3.205425 -0.777707
 -1.255933 -1.170775 -2.760002 -1.073612
 -1.129150 -1.456362 -2.587757 -0.998530
 -1.415853 -1.638996 -3.941536 -0.609379
 -2.251263 -1.845814 -2.944360 -0.379503
 -1.869145 -1.193391 -2.528387 -0.770535
 -1.337023 -1.262916 -3.208804 -0.881549
 -1.618487 -1.413693 -3.323214 -0.649089
 -1.540443 -1.386294 -1.722761 -1.029624
 -2.231965 -0.880359 -3.125776 -0.834374
 -1.622682 -1.386294 -2.944419 -0.693150
 -1.732335 -1.589235 -2.910981 -0.571593
 -1.011607 -1.481603 -12.301401 -0.893825
 -2.030169 -1.113880 -2.803354 -0.734391
 -1.272966 -1.321756 -2.931174 -0.916293
 -1.688080 -2.006532 -3.169669 -0.448392
 -1.568613 -1.386294 -12.388411 -0.613113
 -1.805182 -1.085368 -2.643507 -0.851753
 -1.305388 0.000100 0.000100 0.000100
 -1.699873 0.000100 0.000100 0.000100
 -1.547269 0.000100 0.000100 0.000100
 -1.098419 0.000100 0.000100 0.000100
 -1.173167 -1.742422 -1.498800 -1.230589
 -1.257783 -1.575352 -2.033750 -0.973026
 -1.142414 -1.761337 -1.625859 -1.163488
 -1.723076 -1.456312 -1.530711 -0.988841
 -1.255509 -1.719475 -1.446177 -1.202507
 -1.233731 -1.856031 -1.698936 -0.995263
 -1.164876 -1.805097 -1.640060 -1.109840
 -1.721085 -1.600978 -1.376302 -1.002616
 -1.172845 -1.666082 -1.565319 -1.229265
 -1.170955 -1.917600 -1.935910 -0.919604
 -1.173184 -1.648626 -1.598343 -1.217145
 -1.634194 -1.506267 -1.562792 -0.984558
 -0.926614 -1.909679 -19.499329 -0.785307
 -1.137683 -1.488254 -19.164284 -0.790380
 -0.877027 -1.967333 -19.178022 -0.811587
 -1.495142 -1.559247 -19.728771 -0.570065
 -19.689064 -19.689064 0.000000 -19.689064
 -19.107105 -19.107105 0.000000 -19.107105
 -1.386294 -1.386294 -1.386294 -1.386294
 -20.094820 -20.094820 0.000000 -20.094820
 -1.386294 -1.386294 -1.386294 -1.386294
 -1.386294 -1.386294 -1.386294 -1.386294
 -20.807230 -20.807230 -20.807230 0.000000
 -1.386294 -1.386294 -1.386294 -1.386294
 -1.386294 -1.386294 -1.386294 -1.386294
 -1.386294 -1.386294 -1.386294 -1.386294
 -1.386294 -1.386294 -1.386294 -1.386294
 -1.693402 -1.653461 -1.475955 -0.925936
 -1.276185 -1.729066 -1.463391 -1.164752
 -1.268036 -1.848135 -1.737938 -0.953985
 -1.154962 -1.999454 -1.377403 -1.213052
 -1.716796 -1.602061 -1.411728 -0.980412
 -0.957713 -1.437761 -19.414339 -0.970822
 -1.066344 -1.457598 -19.055935 -0.860524
 -0.929991 -1.451969 -19.339409 -0.990654
 -1.434070 -1.182225 -19.750723 -0.787310
 -1.202594 -1.821846 -1.459964 -1.185431
 -1.224993 -1.742343 -1.991063 -0.929932
 -1.386294 -1.386294 -1.386294 -1.386294
 -1.744532 -1.543617 -1.397152 -1.009596
 -1.222117 -1.784675 -1.359663 -1.270130
 -1.190979 -1.900807 -1.608847 -1.059843
 -1.176945 -1.829443 -1.406957 -1.250398
 -1.652862 -1.593311 -1.275358 -1.121114
 -1.175773 -1.742585 -1.563766 -1.180887
 -1.191639 -1.690792 -2.004989 -0.974869
 -1.121454 -1.721905 -1.635387 -1.202001
 -1.690415 -1.505204 -1.490226 -0.998957
 -1.176196 -1.807546 -1.444418 -1.232336
 -1.202061 -1.720664 -1.914495 -0.986010
 -1.111729 -1.801910 -1.626192 -1.173283
 -1.693722 -1.530194 -1.438997 -1.014712
 -1.197500 -1.806356 -1.431884 -1.220977
 -1.190822 -1.794450 -1.787588 -1.014878
 -1.095098 -1.787336 -1.527291 -1.269526
 -1.682078 -1.555031 -1.385608 -1.042256
 -1.180970 -1.767074 -1.556590 -1.166891
 -1.212169 -1.662594 -2.013203 -0.969581
 -1.136112 -1.695346 -1.618187 -1.213547
 -1.712331 -1.519157 -1.538941 -0.951787
