 -1.086190 0.000100 0.000100 0.000100
 -1.622016 0.000100 0.000100 0.000100
 -1.634755 0.000100 0.000100 0.000100
 -1.309333 0.000100 0.000100 0.000100
 -0.973450 -1.769779 -1.769779 -1.267689
 -1.111353 -1.278406 -2.983134 -1.073612
 -0.801363 -1.098614 -2.277260 -2.159478
 -1.737691 -1.185624 -1.686398 -1.098613
 -0.716316 -1.656321 -1.617100 -2.102605
 -0.883192 -1.210404 -2.341799 -1.648657
 -0.788461 -1.368276 -2.061416 -1.810105
 -1.481604 -1.116962 -1.481604 -1.522426
 -0.725514 -1.529885 -1.760408 -2.060511
 -0.585904 -1.667706 -2.871667 -1.618916
 -0.664163 -1.174986 -2.140059 -2.833194
 -1.461517 -1.015232 -1.669155 -1.526055
 -0.640780 -1.929908 -14.436090 -1.114873
 -1.272966 -1.966110 -13.815515 -0.544729
 -0.693151 -1.791756 -13.199332 -1.098614
 -2.148427 -1.098614 -13.304691 -0.597841
 -14.285517 -14.285517 -0.000002 -14.285517
 -13.458841 -13.458841 -0.000004 -13.458841
 -1.386294 -1.386294 -1.386294 -1.386294
 -14.346141 -14.346141 -0.000002 -14.346141
 -1.386294 -1.386294 -1.386294 -1.386294
 -1.386294 -1.386294 -1.386294 -1.386294
 -15.201806 -15.201806 -15.201806 -0.000001
 -1.386294 -1.386294 -1.386294 -1.386294
 -1.386294 -1.386294 -1.386294 -1.386294
 -1.386294 -1.386294 -1.386294 -1.386294
 -1.386294 -1.386294 -1.386294 -1.386294
 -15.201806 -2.733365 -0.213813 -2.059638
 -1.386294 -1.386294 -1.386294 -1.386294
 -0.000011 -12.468452 -12.468452 -12.468452
 -0.000001 -14.987994 -14.987994 -14.987994
 -0.000006 -13.142174 -13.142174 -13.142174
 -15.201806 -15.201806 -0.000001 -15.201806
 -1.386294 -1.386294 -1.386294 -1.386294
 -1.386294 -1.386294 -1.386294 -1.386294
 -1.386294 -1.386294 -1.386294 -1.386294
 -1.386294 -1.386294 -1.386294 -1.386294
 -1.386294 -1.386294 -1.386294 -1.386294
 -2.900419 -2.590265 -3.426508 -0.177335
 -1.386294 -1.386294 -1.386294 -1.386294
 -0.893825 -12.301401 -12.301401 -0.526104
 -1.203975 -2.014891 -12.611551 -0.567992
 -0.485526 -1.871783 -1.466334 -11.775321
 -1.383314 -1.624475 -1.922309 -0.901476
 -1.299283 -1.564985 -2.302580 -0.871840
 -1.280934 -1.878767 -13.487012 -0.563097
 -1.006807 -1.871797 -2.564932 -0.906724
 -2.116253 -1.423108 -2.627075 -0.568694
 -1.192800 -1.598264 -2.090736 -0.992130
 -1.841767 -1.362197 -3.713527 -0.578081
 -1.216398 -1.909532 -2.197206 -0.810937
 -2.417892 -1.197394 -2.535675 -0.635440
 -1.011603 -1.704746 -2.243736 -1.054162
 -1.599868 -1.699950 -3.545749 -0.533519
 -0.980833 -0.900791 -2.772551 -1.856290
 -1.887068 -1.317975 -2.580212 -0.683098
 -1.000174 -1.521469 -2.519988 -1.098613
 -1.439216 -2.628791 -2.495261 -0.497176
 -1.216398 -2.197206 -2.197206 -0.730895
 -1.874450 -1.391599 -2.408530 -0.677400
 -1.220408 0.000100 0.000100 0.000100
 -1.706541 0.000100 0.000100 0.000100
 -1.491093 0.000100 0.000100 0.000100
 -1.209751 0.000100 0.000100 0.000100
 -1.192138 -1.797490 -1.338866 -1.314638
 -1.236634 -1.646107 -2.021896 -0.955976
 -1.009964 -1.758607 -1.660337 -1.296789
 -1.638114 -1.458827 -1.452766 -1.081099
 -1.215742 -1.838386 -1.406665 -1.205717
 -1.144662 -1.824110 -1.588796 -1.151582
 -1.123551 -1.735258 -1.670370 -1.170071
 -1.719392 -1.629241 -1.270843 -1.066674
 -1.231921 -1.818638 -1.372351 -1.229251
 -1.223052 -2.047391 -1.638816 -0.961319
 -1.166012 -1.618407 -1.445135 -1.368595
 -1.734601 -1.621406 -1.397594 -0.970964
 -0.802658 -1.829749 -16.328358 -0.938000
 -0.998529 -1.435324 -15.938970 -0.932571
 -0.748006 -1.930899 -16.234989 -0.963192
 -1.424432 -1.577689 -16.556351 -0.592572
 -16.686813 -16.686813 -0.000000 -16.686813
 -15.990263 -15.990263 -0.000000 -15.990263
 -1.386294 -1.386294 -1.386294 -1.386294
 -16.859079 -16.859079 -0.000000 -16.859079
 -1.386294 -1.386294 -1.386294 -1.386294
 -1.386294 -1.386294 -1.386294 -1.386294
 -17.674976 -17.674976 -17.674976 -0.000000
 -1.386294 -1.386294 -1.386294 -1.386294
 -1.386294 -1.386294 -1.386294 -1.386294
 -1.386294 -1.386294 -1.386294 -1.386294
 -1.386294 -1.386294 -1.386294 -1.386294
 -17.674976 -1.360492 -1.038087 -0.943318
 -1.386294 -1.386294 -1.386294 -1.386294
 -0.000000 -16.314486 -16.314486 -16.314486
 -0.000000 -16.636890 -16.636890 -16.636890
 -0.000000 -16.731659 -16.731659 -16.731659
 -17.674976 -17.674976 0.000000 -17.674976
 -1.386294 -1.386294 -1.386294 -1.386294
 -1.386294 -1.386294 -1.386294 -1.386294
 -1.386294 -1.386294 -1.386294 -1.386294
 -1.386294 -1.386294 -1.386294 -1.386294
 -1.386294 -1.386294 -1.386294 -1.386294
 -1.035115 -1.676791 -1.558883 -1.396464
 -1.386294 -1.386294 -1.386294 -1.386294
 -1.291794 -2.068228 -1.266206 -1.149125
 -1.371745 -1.675857 -2.060457 -0.839810
 -1.109696 -1.805887 -1.612448 -1.182168
 -1.550719 -1.864165 -1.263037 -1.049579
 -1.014567 -2.049867 -1.335475 -1.403825
 -1.105533 -1.718637 -1.823997 -1.113901
 -0.928881 -1.866899 -1.794444 -1.258139
 -1.572786 -1.549461 -1.593651 -0.975539
 -1.164232 -1.657890 -1.503740 -1.290984
 -1.151655 -1.810382 -2.000250 -0.954528
 -1.079174 -1.612542 -1.671225 -1.299283
 -1.729668 -1.461181 -1.542920 -0.975673
 -1.098612 -1.890278 -1.323474 -1.388585
 -1.047424 -1.945910 -1.924091 -1.020835
 -0.893108 -2.007468 -1.774846 -1.249039
 -1.521401 -1.732012 -1.330217 -1.078086
 -1.196406 -1.960765 -1.331522 -1.227940
 -1.226508 -1.752958 -1.634301 -1.083717
 -1.135296 -1.785146 -1.480657 -1.260852
 -1.588484 -1.683125 -1.416810 -1.001069
