 -1.080431 0.000100 0.000100 0.000100
 -1.858133 0.000100 0.000100 0.000100
 -1.646825 0.000100 0.000100 0.000100
 -1.164988 0.000100 0.000100 0.000100
 -1.045970 -1.470851 -2.001475 -1.259543
 -0.818315 -1.128468 -2.427727 -1.916914
 -1.252764 -1.029622 -1.791755 -1.658225
 -1.174986 -1.446919 -1.654557 -1.329136
 -1.259543 -1.359626 -1.413693 -1.531476
 -0.781704 -1.592629 -2.285768 -1.438480
 -0.857455 -1.417066 -1.193925 -3.496420
 -1.754016 -0.906724 -1.243194 -2.005327
 -0.796946 -1.623621 -1.960090 -1.554629
 -0.916293 -1.696447 -1.791756 -1.386294
 -0.672949 -1.252764 -2.282371 -2.282371
 -1.239692 -1.152682 -1.845821 -1.440361
 -0.245125 -1.526056 -13.732133 -13.732133
 -0.497843 -0.936096 -13.142174 -13.142174
 -0.389473 -1.131405 -12.644341 -12.644341
 -0.893821 -0.526098 -12.994539 -12.994539
 -14.166170 -14.166170 -0.000002 -14.166170
 -13.541079 -13.541079 -0.000004 -13.541079
 -1.386294 -1.386294 -1.386294 -1.386294
 -1.386294 -1.386294 -1.386294 -1.386294
 -1.386294 -1.386294 -1.386294 -1.386294
 -1.386294 -1.386294 -1.386294 -1.386294
 -14.594837 -14.594837 -14.594837 -0.000001
 -1.386294 -1.386294 -1.386294 -1.386294
 -1.386294 -1.386294 -1.386294 -1.386294
 -1.386294 -1.386294 -1.386294 -1.386294
 -1.386294 -1.386294 -1.386294 -1.386294
 -0.000001 -14.594837 -14.594837 -14.594837
 -0.000001 -14.594837 -14.594837 -14.594837
 -1.386294 -1.386294 -1.386294 -1.386294
 -1.386294 -1.386294 -1.386294 -1.386294
 -1.386294 -1.386294 -1.386294 -1.386294
 -14.594837 -14.594837 -0.000001 -14.594837
 -1.386294 -1.386294 -1.386294 -1.386294
 -1.386294 -1.386294 -1.386294 -1.386294
 -1.386294 -1.386294 -1.386294 -1.386294
 -1.386294 -1.386294 -1.386294 -1.386294
 -1.386294 -1.386294 -1.386294 -1.386294
 -14.594837 -14.594837 -14.594837 -0.000001
 -1.386294 -1.386294 -1.386294 -1.386294
 -1.386294 -1.386294 -1.386294 -1.386294
 -1.386294 -1.386294 -1.386294 -1.386294
 -1.386294 -1.386294 -1.386294 -1.386294
 -1.290151 -1.577832 -2.052289 -0.941844
 -0.567988 -1.529394 -1.529394 -13.304691
 -1.098614 -0.548571 -2.420352 -13.017012
 -0.767262 -1.540443 -1.134983 -12.542560
 -1.110448 -0.805067 -1.498212 -13.652996
 -1.065824 -1.455287 -3.113495 -0.973451
 -1.199966 -1.528468 -2.809387 -0.863495
 -1.098615 -1.860747 -3.113474 -0.762144
 -1.386294 -1.386294 -1.386294 -1.386294
 -1.084628 -1.318241 -2.470909 -1.171638
 -1.882726 -1.263693 -2.730005 -0.693152
 -1.704734 -2.397832 -2.397832 -0.452007
 -1.727219 -1.203974 -2.197219 -0.888893
 -1.326871 -1.589233 -1.589233 -1.119234
 -1.098614 -1.696447 -2.484893 -0.916293
 -1.049828 -1.386294 -12.206093 -0.916298
 -1.492904 -1.121342 -2.879183 -0.933290
 -1.140725 0.000100 0.000100 0.000100
 -1.802120 0.000100 0.000100 0.000100
 -1.355835 0.000100 0.000100 0.000100
 -1.355835 0.000100 0.000100 0.000100
 -1.131405 -1.488076 -1.642224 -1.354546
 -0.980838 -2.079417 -1.673968 -1.163156
 -0.916297 -2.525695 -1.427116 -1.272967
 -1.609434 -1.272967 -1.427116 -1.272967
 -1.488076 -1.642224 -0.869043 -1.824542
 -1.504075 -1.504075 -1.280936 -1.280936
 -1.945896 -2.351344 -0.965087 -0.965087
 -1.349927 -2.197206 -1.686394 -0.810937
 -0.965087 -1.252765 -1.435084 -2.351344
 -1.321758 -1.609431 -2.014880 -0.916301
 -0.869043 -2.740803 -1.354546 -1.354546
 -1.203975 -1.791753 -1.791753 -1.003306
 -0.194164 -1.734596 -12.736712 -12.736712
 -0.575378 -0.826689 -11.982954 -11.982954
 -0.105375 -2.302555 -12.206093 -12.206093
 -0.405474 -1.098616 -12.506192 -12.506192
 -13.500805 -13.500805 -0.000004 -13.500805
 -12.388411 -12.388411 -0.000012 -12.388411
 -1.386294 -1.386294 -1.386294 -1.386294
 -1.386294 -1.386294 -1.386294 -1.386294
 -1.386294 -1.386294 -1.386294 -1.386294
 -1.386294 -1.386294 -1.386294 -1.386294
 -13.785055 -13.785055 -13.785055 -0.000003
 -1.386294 -1.386294 -1.386294 -1.386294
 -1.386294 -1.386294 -1.386294 -1.386294
 -1.386294 -1.386294 -1.386294 -1.386294
 -1.386294 -1.386294 -1.386294 -1.386294
 -0.000003 -13.785055 -13.785055 -13.785055
 -0.000003 -13.785055 -13.785055 -13.785055
 -1.386294 -1.386294 -1.386294 -1.386294
 -1.386294 -1.386294 -1.386294 -1.386294
 -1.386294 -1.386294 -1.386294 -1.386294
 -13.785055 -13.785055 -0.000003 -13.785055
 -1.386294 -1.386294 -1.386294 -1.386294
 -1.386294 -1.386294 -1.386294 -1.386294
 -1.386294 -1.386294 -1.386294 -1.386294
 -1.386294 -1.386294 -1.386294 -1.386294
 -1.386294 -1.386294 -1.386294 -1.386294
 -13.785055 -13.785055 -13.785055 -0.000003
 -1.386294 -1.386294 -1.386294 -1.386294
 -1.386294 -1.386294 -1.386294 -1.386294
 -1.386294 -1.386294 -1.386294 -1.386294
 -1.386294 -1.386294 -1.386294 -1.386294
 -1.242507 -1.866658 -1.316615 -1.242507
 -0.847304 -1.540443 -1.029624 -12.542560
 -0.916301 -0.916301 -1.609431 -11.918417
 -0.367735 -1.871792 -1.871792 -12.468452
 -0.693154 -0.847304 -2.639022 -12.542560
 -1.139436 -1.514127 -1.832577 -1.203974
 -0.767262 -1.540443 -1.945899 -1.722761
 -0.865006 -1.845814 -1.558141 -1.558141
 -1.386294 -1.386294 -1.386294 -1.386294
 -1.213024 -1.665004 -1.308334 -1.413693
 -1.203976 -1.609433 -1.203976 -1.609433
 -1.386294 -2.079417 -0.980838 -1.386294
 -1.568613 -0.980835 -1.791751 -1.386294
 -1.312187 -1.466336 -1.871793 -1.060876
 -1.145136 -2.397863 -1.704741 -0.893825
 -1.060876 -1.466336 -1.648654 -1.466336
 -1.343735 -1.526054 -1.749192 -1.056058
