 -0.996529 0.000100 0.000100 0.000100
 -1.515828 0.000100 0.000100 0.000100
 -1.998679 0.000100 0.000100 0.000100
 -1.288439 0.000100 0.000100 0.000100
 -1.002154 -1.536234 -1.804496 -1.373716
 -1.142099 -1.285199 -3.850056 -0.959779
 -1.421385 -1.064715 -1.757852 -1.421385
 -1.880309 -1.081807 -1.679640 -1.133100
 -1.386294 -1.203974 -2.148427 -1.098614
 -0.875471 -1.529394 -2.484893 -1.261132
 -1.003306 -0.762146 -1.791753 -12.611551
 -1.593932 -0.863049 -1.519825 -1.856294
 -0.757689 -1.519825 -1.856294 -1.856294
 -0.750308 -1.504077 -2.484895 -1.504077
 -0.543623 -1.642224 -1.824542 -2.740803
 -1.365241 -0.805629 -1.547561 -2.463837
 -0.611471 -2.240704 -13.753639 -1.046788
 -0.824178 -1.645154 -13.253399 -0.998531
 -1.488076 -1.488076 -12.644341 -0.600781
 -2.079429 -0.757692 -12.676089 -0.900791
 -13.676253 -13.676253 -0.000003 -13.676253
 -12.971550 -12.971550 -0.000007 -12.971550
 -1.386294 -1.386294 -1.386294 -1.386294
 -13.641162 -13.641162 -0.000004 -13.641162
 -1.386294 -1.386294 -1.386294 -1.386294
 -1.386294 -1.386294 -1.386294 -1.386294
 -14.576319 -14.576319 -14.576319 -0.000001
 -1.386294 -1.386294 -1.386294 -1.386294
 -1.386294 -1.386294 -1.386294 -1.386294
 -1.386294 -1.386294 -1.386294 -1.386294
 -1.386294 -1.386294 -1.386294 -1.386294
 -0.000001 -14.576319 -14.576319 -14.576319
 -0.000001 -14.576319 -14.576319 -14.576319
 -1.386294 -1.386294 -1.386294 -1.386294
 -1.386294 -1.386294 -1.386294 -1.386294
 -1.386294 -1.386294 -1.386294 -1.386294
 -14.576319 -14.576319 -0.000001 -14.576319
 -1.386294 -1.386294 -1.386294 -1.386294
 -1.386294 -1.386294 -1.386294 -1.386294
 -1.386294 -1.386294 -1.386294 -1.386294
 -1.386294 -1.386294 -1.386294 -1.386294
 -1.386294 -1.386294 -1.386294 -1.386294
 -14.576319 -0.000001 -14.576319 -14.576319
 -1.386294 -1.386294 -1.386294 -1.386294
 -1.386294 -1.386294 -1.386294 -1.386294
 -1.222842 -1.869467 -3.063383 -0.683846
 -1.386294 -1.386294 -1.386294 -1.386294
 -1.386294 -1.386294 -1.386294 -1.386294
 -1.147404 -1.309922 -2.197217 -1.198697
 -1.299284 -1.550595 -3.496420 -0.723925
 -2.302525 -1.609428 -11.512965 -0.356701
 -1.791758 -1.248145 -2.484899 -0.770110
 -0.826682 -1.673974 -1.925285 -1.473305
 -1.098614 -1.152681 -3.349861 -1.152681
 -0.753783 -1.446918 -2.833137 -1.446918
 -1.631416 -1.056054 -3.135473 -0.884204
 -1.299284 -1.299284 -3.496464 -0.857453
 -0.885041 -1.945905 -4.143041 -0.847300
 -1.029628 -1.252766 -1.945889 -1.540440
 -1.960090 -1.318241 -3.164040 -0.599121
 -1.304949 -1.304949 -2.468086 -0.986497
 -1.514127 -1.514127 -2.302573 -0.776532
 -0.693172 -2.079391 -2.079391 -1.386294
 -2.009758 -1.355835 -1.866658 -0.790523
 -1.160171 0.000100 0.000100 0.000100
 -1.719785 0.000100 0.000100 0.000100
 -1.719785 0.000100 0.000100 0.000100
 -1.113651 0.000100 0.000100 0.000100
 -1.052094 -1.945905 -1.435084 -1.309922
 -1.280935 -1.504076 -1.974072 -1.018573
 -1.386294 -1.637606 -1.504076 -1.098615
 -1.245217 -1.624704 -1.791756 -1.054162
 -1.098614 -1.897115 -1.529394 -1.203974
 -1.126014 -1.819153 -1.665004 -1.126014
 -1.024507 -1.178657 -2.970375 -1.265668
 -1.535329 -1.341174 -1.689478 -1.083346
 -1.529394 -1.791756 -1.321756 -1.049824
 -0.893821 -2.685553 -1.992422 -0.950979
 -0.887308 -2.140053 -1.329137 -1.580448
 -1.370546 -1.745237 -1.745237 -0.924261
 -1.019833 -1.471816 -13.321220 -0.892001
 -1.386294 -1.252765 -12.542560 -0.767262
 -0.741942 -1.791755 -12.948019 -1.029622
 -1.113002 -1.763586 -13.458841 -0.693150
 -13.487012 -13.487012 -0.000004 -13.487012
 -12.923923 -12.923923 -0.000007 -12.923923
 -1.386294 -1.386294 -1.386294 -1.386294
 -13.687682 -13.687682 -0.000003 -13.687682
 -1.386294 -1.386294 -1.386294 -1.386294
 -1.386294 -1.386294 -1.386294 -1.386294
 -14.513647 -14.513647 -14.513647 -0.000002
 -1.386294 -1.386294 -1.386294 -1.386294
 -1.386294 -1.386294 -1.386294 -1.386294
 -1.386294 -1.386294 -1.386294 -1.386294
 -1.386294 -1.386294 -1.386294 -1.386294
 -0.000002 -14.513647 -14.513647 -14.513647
 -0.000002 -14.513647 -14.513647 -14.513647
 -1.386294 -1.386294 -1.386294 -1.386294
 -1.386294 -1.386294 -1.386294 -1.386294
 -1.386294 -1.386294 -1.386294 -1.386294
 -14.513647 -14.513647 -0.000002 -14.513647
 -1.386294 -1.386294 -1.386294 -1.386294
 -1.386294 -1.386294 -1.386294 -1.386294
 -1.386294 -1.386294 -1.386294 -1.386294
 -1.386294 -1.386294 -1.386294 -1.386294
 -1.386294 -1.386294 -1.386294 -1.386294
 -14.513647 -0.000002 -14.513647 -14.513647
 -1.386294 -1.386294 -1.386294 -1.386294
 -1.386294 -1.386294 -1.386294 -1.386294
 -1.054810 -2.212260 -1.971099 -0.908857
 -1.386294 -1.386294 -1.386294 -1.386294
 -1.386294 -1.386294 -1.386294 -1.386294
 -0.881202 -2.169047 -1.763586 -1.203974
 -0.788466 -12.301401 -1.704741 -1.011607
 -1.722761 -2.639022 -1.134983 -0.847304
 -1.450010 -1.561235 -2.091859 -0.839103
 -1.198697 -1.840546 -1.370546 -1.252764
 -0.993257 -1.909532 -1.686394 -1.216398
 -1.070444 -2.169040 -1.358124 -1.252764
 -1.765782 -1.286211 -1.691674 -0.998531
 -1.155772 -1.504076 -1.591087 -1.349927
 -1.024507 -1.360977 -2.564926 -1.178657
 -1.011604 -1.838274 -1.586963 -1.299284
 -1.961654 -1.856294 -0.980831 -1.114362
 -1.134982 -1.627454 -1.627454 -1.252764
 -1.024507 -1.584118 -2.564926 -1.024507
 -0.854419 -1.904232 -1.652920 -1.452252
 -1.187167 -1.679640 -1.369487 -1.369487
