 -0.952825 0.000100 0.000100 0.000100
 -1.693599 0.000100 0.000100 0.000100
 -1.910663 0.000100 0.000100 0.000100
 -1.264037 0.000100 0.000100 0.000100
 -1.122144 -1.276294 -1.815287 -1.458615
 -1.228667 -1.410987 -3.020385 -0.880363
 -0.788463 -1.704744 -1.704744 -1.704744
 -1.252764 -1.370546 -1.658226 -1.309922
 -1.199418 -1.346021 -1.582408 -1.457246
 -0.693151 -1.627454 -2.233583 -1.627454
 -1.128468 -0.818315 -1.446918 -12.736712
 -1.609436 -0.916293 -1.791756 -1.455287
 -0.706943 -1.457246 -1.805550 -2.211011
 -0.449920 -1.836208 -3.540915 -1.749197
 -0.485514 -1.466336 -3.663472 -2.054114
 -1.172722 -0.847302 -1.791755 -2.351360
 -0.684638 -2.123113 -13.972518 -0.977985
 -1.116963 -2.215564 -13.217681 -0.573350
 -0.693156 -1.145136 -12.301401 -1.704741
 -1.575534 -1.421385 -12.577650 -0.594715
 -13.753639 -13.753639 -0.000003 -13.753639
 -12.736712 -12.736712 -0.000009 -12.736712
 -1.386294 -1.386294 -1.386294 -1.386294
 -13.764221 -13.764221 -0.000003 -13.764221
 -1.386294 -1.386294 -1.386294 -1.386294
 -1.386294 -1.386294 -1.386294 -1.386294
 -14.617514 -14.617514 -14.617514 -0.000001
 -1.386294 -1.386294 -1.386294 -1.386294
 -1.386294 -1.386294 -1.386294 -1.386294
 -1.386294 -1.386294 -1.386294 -1.386294
 -1.386294 -1.386294 -1.386294 -1.386294
 -0.000001 -14.617514 -14.617514 -14.617514
 -0.000001 -14.617514 -14.617514 -14.617514
 -1.386294 -1.386294 -1.386294 -1.386294
 -1.386294 -1.386294 -1.386294 -1.386294
 -1.386294 -1.386294 -1.386294 -1.386294
 -14.617514 -14.617514 -0.000001 -14.617514
 -1.386294 -1.386294 -1.386294 -1.386294
 -1.386294 -1.386294 -1.386294 -1.386294
 -1.386294 -1.386294 -1.386294 -1.386294
 -1.386294 -1.386294 -1.386294 -1.386294
 -1.386294 -1.386294 -1.386294 -1.386294
 -0.170731 -14.617514 -1.851823 -14.617514
 -1.386294 -1.386294 -1.386294 -1.386294
 -0.932378 -1.978344 -2.017564 -1.093308
 -1.386294 -1.386294 -1.386294 -1.386294
 -0.664982 -1.475905 -1.945902 -2.169040
 -1.386294 -1.386294 -1.386294 -1.386294
 -0.966442 -1.577349 -2.442339 -1.120592
 -1.128468 -1.916914 -3.526272 -0.693153
 -1.455286 -1.455286 -2.708014 -0.762146
 -1.806794 -1.432104 -3.106053 -0.593778
 -1.519825 -1.023391 -2.212965 -1.163152
 -1.904232 -1.142099 -2.058380 -0.905712
 -0.441850 -1.252766 -2.638986 -11.849426
 -2.639047 -1.088461 -2.282377 -0.713768
 -0.566401 -2.224609 -2.224609 -1.531475
 -1.544899 -1.609437 -2.525717 -0.679905
 -0.539006 -1.386294 -3.177970 -2.079425
 -1.632694 -1.470176 -2.163318 -0.777031
 -1.000634 -2.273589 -2.273589 -0.852214
 -1.504076 -1.727217 -2.708026 -0.628613
 -1.098617 -1.435084 -12.254882 -0.847306
 -1.492904 -1.544197 -2.090736 -0.825077
 -1.243743 0.000100 0.000100 0.000100
 -2.001809 0.000100 0.000100 0.000100
 -1.418096 0.000100 0.000100 0.000100
 -1.095323 0.000100 0.000100 0.000100
 -1.272966 -1.832580 -1.232961 -1.314638
 -1.110884 -1.841767 -1.921809 -1.005523
 -0.896089 -2.157216 -1.352847 -1.524696
 -1.649644 -1.361962 -1.305873 -1.270155
 -1.157453 -1.730798 -1.638425 -1.157453
 -1.036920 -1.810107 -1.927889 -1.089563
 -1.098613 -1.682559 -1.830979 -1.137834
 -1.556639 -1.615480 -1.423108 -1.051546
 -1.306677 -1.797299 -1.155446 -1.391834
 -1.098613 -2.224619 -2.001477 -0.859384
 -1.218572 -1.700408 -1.310945 -1.377636
 -1.660731 -1.609437 -1.406497 -1.007859
 -0.718791 -1.884540 -14.272938 -1.019544
 -1.138222 -1.168994 -13.845074 -0.997144
 -0.789775 -1.728043 -14.234223 -0.998530
 -1.224807 -1.297566 -14.478201 -0.837042
 -14.674174 -14.674174 -0.000001 -14.674174
 -14.122998 -14.122998 -0.000002 -14.122998
 -1.386294 -1.386294 -1.386294 -1.386294
 -14.669928 -14.669928 -0.000001 -14.669928
 -1.386294 -1.386294 -1.386294 -1.386294
 -1.386294 -1.386294 -1.386294 -1.386294
 -15.618870 -15.618870 -15.618870 -0.000001
 -1.386294 -1.386294 -1.386294 -1.386294
 -1.386294 -1.386294 -1.386294 -1.386294
 -1.386294 -1.386294 -1.386294 -1.386294
 -1.386294 -1.386294 -1.386294 -1.386294
 -0.000001 -15.618870 -15.618870 -15.618870
 -0.000001 -15.618870 -15.618870 -15.618870
 -1.386294 -1.386294 -1.386294 -1.386294
 -1.386294 -1.386294 -1.386294 -1.386294
 -1.386294 -1.386294 -1.386294 -1.386294
 -15.618870 -15.618870 -0.000001 -15.618870
 -1.386294 -1.386294 -1.386294 -1.386294
 -1.386294 -1.386294 -1.386294 -1.386294
 -1.386294 -1.386294 -1.386294 -1.386294
 -1.386294 -1.386294 -1.386294 -1.386294
 -1.386294 -1.386294 -1.386294 -1.386294
 -0.351745 -15.618870 -1.215572 -15.618870
 -1.386294 -1.386294 -1.386294 -1.386294
 -0.932820 -2.250120 -1.451614 -1.320586
 -1.386294 -1.386294 -1.386294 -1.386294
 -1.003303 -1.637608 -2.101912 -1.149906
 -1.386294 -1.386294 -1.386294 -1.386294
 -1.206826 -2.123115 -1.073295 -1.429969
 -1.673975 -1.386294 -1.609437 -1.014732
 -0.891999 -2.164960 -1.859580 -1.140460
 -1.428091 -1.357474 -1.774367 -1.098613
 -1.011602 -1.704747 -1.644123 -1.341843
 -1.108092 -1.830224 -1.618916 -1.166932
 -0.875470 -1.711716 -1.711716 -1.504077
 -1.672136 -1.614977 -1.348349 -1.039615
 -0.945203 -2.218165 -1.391489 -1.370870
 -1.183170 -1.665007 -1.531476 -1.243795
 -1.045369 -1.593933 -1.355523 -1.673975
 -1.475906 -1.527200 -1.609437 -1.037652
 -1.336033 -1.900561 -1.173514 -1.278874
 -1.197704 -2.265538 -1.773066 -0.856778
 -1.070442 -2.169050 -1.645805 -1.049823
 -1.822156 -1.785788 -1.166751 -1.023650
