 -1.170666 0.000100 0.000100 0.000100
 -1.402467 0.000100 0.000100 0.000100
 -1.765372 0.000100 0.000100 0.000100
 -1.299283 0.000100 0.000100 0.000100
 -0.969403 -1.227231 -2.450992 -1.421385
 -1.343735 -1.526055 -3.135453 -0.737603
 -1.067844 -1.856290 -1.856290 -1.067844
 -1.734598 -1.446918 -1.366876 -1.098614
 -0.993254 -1.504076 -1.909537 -1.349927
 -0.788461 -1.838274 -1.992422 -1.386294
 -0.916297 -1.427116 -1.609434 -1.832572
 -1.673974 -1.450832 -1.214445 -1.268512
 -1.131404 -0.949083 -1.824546 -2.047687
 -1.203974 -1.049825 -12.899230 -1.049825
 -0.929540 -0.929540 -2.944399 -1.845821
 -1.904232 -0.805629 -1.652920 -1.547561
 -13.199332 -13.199332 -13.199332 -0.000006
 -13.514411 -13.514411 -13.514411 -0.000004
 -12.254882 -12.254882 -12.254882 -0.000014
 -12.847937 -12.847937 -12.847937 -0.000008
 -1.386294 -1.386294 -1.386294 -1.386294
 -1.386294 -1.386294 -1.386294 -1.386294
 -1.386294 -1.386294 -1.386294 -1.386294
 -14.441451 -14.441451 -0.000002 -14.441451
 -1.386294 -1.386294 -1.386294 -1.386294
 -1.386294 -1.386294 -1.386294 -1.386294
 -14.441451 -14.441451 -14.441451 -0.000002
 -1.386294 -1.386294 -1.386294 -1.386294
 -1.386294 -1.386294 -1.386294 -1.386294
 -1.386294 -1.386294 -1.386294 -1.386294
 -1.386294 -1.386294 -1.386294 -1.386294
 -0.000002 -14.441451 -14.441451 -14.441451
 -0.000002 -14.441451 -14.441451 -14.441451
 -1.386294 -1.386294 -1.386294 -1.386294
 -1.386294 -1.386294 -1.386294 -1.386294
 -1.386294 -1.386294 -1.386294 -1.386294
 -14.441451 -14.441451 -0.000002 -14.441451
 -1.386294 -1.386294 -1.386294 -1.386294
 -1.386294 -1.386294 -1.386294 -1.386294
 -1.386294 -1.386294 -1.386294 -1.386294
 -1.386294 -1.386294 -1.386294 -1.386294
 -1.386294 -1.386294 -1.386294 -1.386294
 -14.441451 -14.441451 -14.441451 -0.000002
 -1.386294 -1.386294 -1.386294 -1.386294
 -1.386294 -1.386294 -1.386294 -1.386294
 -1.386294 -1.386294 -1.386294 -1.386294
 -1.386294 -1.386294 -1.386294 -1.386294
 -1.242125 -1.863811 -1.935270 -0.887304
 -0.897944 -1.155772 -1.280935 -13.199332
 -0.802353 -0.802353 -2.268664 -12.577650
 -0.587795 -1.098616 -2.197206 -12.506192
 -1.085710 -0.630236 -2.041215 -13.554151
 -0.998531 -1.195240 -2.721281 -1.335001
 -1.163152 -1.086191 -3.283386 -1.163152
 -0.949085 -2.047681 -2.047681 -1.036096
 -1.386294 -1.386294 -1.386294 -1.386294
 -0.878553 -1.609436 -3.075748 -1.083346
 -1.280935 -1.098614 -3.988891 -0.993254
 -1.386294 -1.098621 -11.695280 -0.875482
 -1.945905 -1.252764 -2.079434 -0.806479
 -1.197704 -1.485384 -2.360842 -0.974562
 -1.292769 -2.140057 -3.931733 -0.530633
 -1.704734 -1.704734 -2.397832 -0.606156
 -1.504077 -1.332227 -1.974077 -0.980831
 -1.461517 0.000100 0.000100 0.000100
 -1.749197 0.000100 0.000100 0.000100
 -1.098614 0.000100 0.000100 0.000100
 -1.343735 0.000100 0.000100 0.000100
 -2.079417 -1.386294 -2.079417 -0.693160
 -1.098621 -2.484840 -11.695280 -0.539016
 -1.056058 -2.442314 -1.749192 -0.938276
 -0.810940 -2.197197 -1.791748 -1.280936
 -1.145136 -2.397863 -1.992415 -0.788466
 -0.810950 -11.407610 -0.810950 -2.197169
 -1.504072 -0.810950 -2.197169 -1.504072
 -1.421385 -1.287856 -1.757852 -1.170074
 -1.897107 -2.302555 -1.386294 -0.693157
 -1.945889 -1.540440 -1.945889 -0.693161
 -1.178661 -1.871783 -2.564880 -0.773204
 -0.788466 -1.299284 -1.992415 -1.992415
 -12.154800 -12.154800 -12.154800 -0.000016
 -11.775321 -11.775321 -11.775321 -0.000023
 -11.608273 -11.608273 -11.608273 -0.000027
 -12.468452 -12.468452 -12.468452 -0.000012
 -1.386294 -1.386294 -1.386294 -1.386294
 -1.386294 -1.386294 -1.386294 -1.386294
 -1.386294 -1.386294 -1.386294 -1.386294
 -13.444452 -13.444452 -0.000004 -13.444452
 -1.386294 -1.386294 -1.386294 -1.386294
 -1.386294 -1.386294 -1.386294 -1.386294
 -13.444452 -13.444452 -13.444452 -0.000004
 -1.386294 -1.386294 -1.386294 -1.386294
 -1.386294 -1.386294 -1.386294 -1.386294
 -1.386294 -1.386294 -1.386294 -1.386294
 -1.386294 -1.386294 -1.386294 -1.386294
 -0.000004 -13.444452 -13.444452 -13.444452
 -0.000004 -13.444452 -13.444452 -13.444452
 -1.386294 -1.386294 -1.386294 -1.386294
 -1.386294 -1.386294 -1.386294 -1.386294
 -1.386294 -1.386294 -1.386294 -1.386294
 -13.444452 -13.444452 -0.000004 -13.444452
 -1.386294 -1.386294 -1.386294 -1.386294
 -1.386294 -1.386294 -1.386294 -1.386294
 -1.386294 -1.386294 -1.386294 -1.386294
 -1.386294 -1.386294 -1.386294 -1.386294
 -1.386294 -1.386294 -1.386294 -1.386294
 -13.444452 -13.444452 -13.444452 -0.000004
 -1.386294 -1.386294 -1.386294 -1.386294
 -1.386294 -1.386294 -1.386294 -1.386294
 -1.386294 -1.386294 -1.386294 -1.386294
 -1.386294 -1.386294 -1.386294 -1.386294
 -1.343735 -2.036876 -1.461517 -0.976012
 -0.810940 -1.791748 -0.944470 -12.100735
 -0.405493 -2.197169 -1.504072 -11.407610
 -0.693160 -2.079417 -0.980838 -11.982954
 -0.860208 -1.648654 -0.955517 -12.468452
 -1.098615 -1.193925 -2.110200 -1.417066
 -1.011612 -1.704734 -2.397832 -1.011612
 -1.427116 -1.272967 -1.609434 -1.272967
 -1.386294 -1.386294 -1.386294 -1.386294
 -1.252765 -1.252765 -1.252765 -1.945896
 -1.335002 -2.251263 -2.251263 -0.641865
 -1.203979 -11.512965 -0.916306 -1.203979
 -1.335002 -1.152684 -1.558141 -1.558141
 -0.747224 -1.845814 -12.154800 -0.998536
 -1.945889 -1.252766 -1.945889 -0.847310
 -0.980838 -1.673968 -1.673968 -1.386294
 -1.897107 -2.302555 -0.916298 -1.049828
