 -1.187166 0.000100 0.000100 0.000100
 -1.620801 0.000100 0.000100 0.000100
 -1.679641 0.000100 0.000100 0.000100
 -1.168817 0.000100 0.000100 0.000100
 -1.216396 -1.591087 -1.791756 -1.098614
 -1.475905 -1.609435 -2.169040 -0.782765
 -1.011605 -1.193925 -2.110200 -1.550595
 -1.810105 -1.299284 -1.522426 -1.062896
 -1.034076 -1.408767 -1.504076 -1.727217
 -1.196252 -1.458614 -1.815285 -1.196252
 -1.170074 -0.969405 -1.575534 -2.268664
 -1.897115 -1.049824 -1.321756 -1.455287
 -1.365241 -1.452252 -1.452252 -1.285199
 -0.603000 -2.178523 -2.178523 -1.485384
 -1.098615 -1.360977 -1.265668 -2.054114
 -1.440361 -0.929540 -1.691672 -1.691672
 -0.559619 -2.533683 -13.353481 -1.052094
 -1.252764 -1.252764 -12.948019 -0.847302
 -0.847303 -1.475905 -12.765700 -1.070444
 -1.308334 -2.001471 -12.821269 -0.519882
 -13.500805 -13.500805 -0.000004 -13.500805
 -12.611551 -12.611551 -0.000010 -12.611551
 -1.386294 -1.386294 -1.386294 -1.386294
 -13.514411 -13.514411 -0.000004 -13.514411
 -1.386294 -1.386294 -1.386294 -1.386294
 -1.386294 -1.386294 -1.386294 -1.386294
 -14.386493 -14.386493 -14.386493 -0.000002
 -1.386294 -1.386294 -1.386294 -1.386294
 -1.386294 -1.386294 -1.386294 -1.386294
 -1.386294 -1.386294 -1.386294 -1.386294
 -1.386294 -1.386294 -1.386294 -1.386294
 -0.000002 -14.386493 -14.386493 -14.386493
 -0.000002 -14.386493 -14.386493 -14.386493
 -1.386294 -1.386294 -1.386294 -1.386294
 -1.386294 -1.386294 -1.386294 -1.386294
 -1.386294 -1.386294 -1.386294 -1.386294
 -14.386493 -14.386493 -0.000002 -14.386493
 -1.386294 -1.386294 -1.386294 -1.386294
 -1.386294 -1.386294 -1.386294 -1.386294
 -1.386294 -1.386294 -1.386294 -1.386294
 -1.386294 -1.386294 -1.386294 -1.386294
 -1.386294 -1.386294 -1.386294 -1.386294
 -14.386493 -14.386493 -14.386493 -0.000002
 -1.386294 -1.386294 -1.386294 -1.386294
 -1.386294 -1.386294 -1.386294 -1.386294
 -1.386294 -1.386294 -1.386294 -1.386294
 -1.386294 -1.386294 -1.386294 -1.386294
 -1.808853 -1.438480 -2.131625 -0.733500
 -12.577650 -12.577650 -12.577650 -0.000010
 -12.948020 -12.948020 -12.948020 -0.000007
 -12.254882 -12.254882 -12.254882 -0.000014
 -13.652996 -13.652996 -13.652996 -0.000004
 -1.386294 -1.386294 -1.386294 -1.386294
 -1.386294 -1.386294 -1.386294 -1.386294
 -1.386294 -1.386294 -1.386294 -1.386294
 -1.649788 -1.205858 -2.468095 -0.858663
 -0.693153 -0.961415 -2.140053 -12.736712
 -0.834801 -0.879252 -1.890845 -13.180640
 -0.628623 -0.916301 -2.707977 -11.918417
 -0.916293 -1.021653 -1.427116 -13.527834
 -1.137834 -1.871799 -2.410789 -0.830350
 -1.734599 -2.273589 -1.821609 -0.581925
 -1.036096 -2.047681 -3.433900 -0.725943
 -1.386294 -1.386294 -1.386294 -1.386294
 -1.220503 0.000100 0.000100 0.000100
 -2.501422 0.000100 0.000100 0.000100
 -1.338285 0.000100 0.000100 0.000100
 -1.019833 0.000100 0.000100 0.000100
 -0.944470 -2.890294 -1.504075 -1.098618
 -10.819859 -1.609418 -10.819859 -0.223199
 -1.163156 -1.673968 -1.673968 -1.163156
 -1.145136 -1.992415 -1.011607 -1.704741
 -0.998536 -1.845814 -1.558141 -1.335002
 -0.287715 -2.079391 -11.289832 -2.079391
 -1.609431 -1.098619 -2.014880 -1.098619
 -2.251263 -2.251263 -1.845814 -0.459545
 -1.280936 -1.791748 -1.504075 -1.098618
 -0.788474 -11.608273 -2.397832 -0.788474
 -1.504072 -1.504072 -1.098623 -1.504072
 -1.749192 -2.442314 -1.343735 -0.737607
 -0.980838 -1.386294 -11.982954 -0.980838
 -0.847322 -1.252770 -11.156308 -1.252770
 -0.559632 -1.945889 -11.849426 -1.252766
 -1.232146 -1.791751 -12.388411 -0.613113
 -12.388411 -12.388411 -0.000012 -12.388411
 -11.695280 -11.695280 -0.000025 -11.695280
 -1.386294 -1.386294 -1.386294 -1.386294
 -12.429233 -12.429233 -0.000012 -12.429233
 -1.386294 -1.386294 -1.386294 -1.386294
 -1.386294 -1.386294 -1.386294 -1.386294
 -13.321220 -13.321220 -13.321220 -0.000005
 -1.386294 -1.386294 -1.386294 -1.386294
 -1.386294 -1.386294 -1.386294 -1.386294
 -1.386294 -1.386294 -1.386294 -1.386294
 -1.386294 -1.386294 -1.386294 -1.386294
 -0.000005 -13.321220 -13.321220 -13.321220
 -0.000005 -13.321220 -13.321220 -13.321220
 -1.386294 -1.386294 -1.386294 -1.386294
 -1.386294 -1.386294 -1.386294 -1.386294
 -1.386294 -1.386294 -1.386294 -1.386294
 -13.321220 -13.321220 -0.000005 -13.321220
 -1.386294 -1.386294 -1.386294 -1.386294
 -1.386294 -1.386294 -1.386294 -1.386294
 -1.386294 -1.386294 -1.386294 -1.386294
 -1.386294 -1.386294 -1.386294 -1.386294
 -1.386294 -1.386294 -1.386294 -1.386294
 -13.321220 -13.321220 -13.321220 -0.000005
 -1.386294 -1.386294 -1.386294 -1.386294
 -1.386294 -1.386294 -1.386294 -1.386294
 -1.386294 -1.386294 -1.386294 -1.386294
 -1.386294 -1.386294 -1.386294 -1.386294
 -1.712976 -1.808285 -2.031426 -0.645141
 -11.608273 -11.608273 -11.608273 -0.000027
 -11.512965 -11.512965 -11.512965 -0.000030
 -11.289832 -11.289832 -11.289832 -0.000038
 -12.676089 -12.676089 -12.676089 -0.000009
 -1.386294 -1.386294 -1.386294 -1.386294
 -1.386294 -1.386294 -1.386294 -1.386294
 -1.386294 -1.386294 -1.386294 -1.386294
 -1.338285 -1.545923 -1.625965 -1.115143
 -0.980838 -1.673968 -0.826689 -11.982954
 -0.619056 -0.955522 -2.564880 -11.775321
 -0.875482 -1.098621 -1.386294 -11.695280
 -0.798517 -1.386294 -1.203976 -12.206093
 -0.810937 -12.506192 -1.686394 -0.993257
 -1.734591 -2.140040 -2.140040 -0.530642
 -1.734591 -1.734591 -1.446918 -0.887312
 -1.386294 -1.386294 -1.386294 -1.386294
